1597138570.210240  13.400000  -79.250000
1597138570.226373  14.800000  -76.750000
1597138570.242239  16.400000  -73.250000
1597138570.258146  18.000000  -69.000000
1597138570.274429  19.600000  -63.750000
1597138570.290343  21.400000  -57.750000
1597138570.306362  23.400000  -50.750000
1597138570.322325  25.600000  -43.000000
1597138570.338372  27.800000  -34.500000
1597138570.354383  30.000000  -25.500000
1597138570.370284  32.200000  -16.250000
1597138570.386167  34.200000  -6.500000
1597138570.402350  36.000000  2.750000
1597138570.418286  37.400000  12.000000
1597138570.434210  38.600000  20.750000
1597138570.450223  39.400000  28.750000
1597138570.466354  40.200000  36.000000
1597138570.482344  40.800000  42.750000
1597138570.498256  41.400000  48.750000
1597138570.514375  41.800000  54.000000
1597138570.530312  42.400000  58.250000
1597138570.546266  42.800000  61.750000
1597138570.562360  43.400000  64.500000
1597138570.578279  44.200000  66.250000
1597138570.594171  44.800000  67.250000
1597138570.610148  45.600000  67.250000
1597138570.626292  46.400000  66.500000
1597138570.642224  47.200000  65.000000
1597138570.658340  48.000000  62.500000
1597138570.674367  48.800000  59.000000
1597138570.690366  49.600000  54.750000
1597138570.706428  50.200000  49.750000
1597138570.722388  50.800000  44.000000
1597138570.738455  51.400000  37.500000
1597138570.754269  52.000000  30.500000
1597138570.770469  52.400000  23.000000
1597138570.786275  53.000000  15.000000
1597138570.802415  53.600000  7.000000
1597138570.818292  54.400000  -1.000000
1597138570.834411  55.400000  -9.000000
1597138570.850399  56.600000  -16.500000
1597138570.866406  57.800000  -23.750000
1597138570.882431  59.400000  -30.000000
1597138570.898428  61.000000  -36.000000
1597138570.914426  62.600000  -41.500000
1597138570.930326  64.200000  -46.000000
1597138570.946320  65.800000  -50.000000
1597138570.962356  67.600000  -53.250000
1597138570.978325  69.200000  -55.750000
1597138570.994522  70.800000  -57.250000
1597138571.010371  72.400000  -58.250000
1597138571.026319  74.000000  -58.000000
1597138571.042259  75.400000  -57.500000
1597138571.058304  77.000000  -56.000000
1597138571.074228  78.400000  -53.750000
1597138571.090501  80.000000  -50.500000
1597138571.106444  81.600000  -46.500000
1597138571.122336  83.400000  -42.000000
1597138571.138367  85.200000  -36.500000
1597138571.154279  87.000000  -30.750000
1597138571.170390  88.800000  -24.250000
1597138571.186233  90.600000  -17.500000
1597138571.202368  92.400000  -10.500000
1597138571.218411  94.000000  -3.500000
1597138571.234357  95.400000  3.500000
1597138571.250267  96.800000  10.250000
1597138571.266338  98.000000  17.000000
1597138571.282297  98.800000  22.750000
1597138571.298331  99.800000  28.500000
1597138571.314263  100.400000  33.500000
1597138571.330358  101.200000  38.000000
1597138571.346291  102.000000  41.750000
1597138571.362355  102.600000  44.750000
1597138571.378337  103.200000  47.250000
1597138571.394238  103.800000  49.000000
1597138571.410250  104.400000  50.000000
1597138571.426198  105.000000  50.000000
1597138571.442369  105.400000  49.500000
1597138571.458437  106.200000  48.500000
1597138571.474397  106.800000  46.750000
1597138571.490291  107.400000  44.000000
1597138571.506375  108.000000  40.750000
1597138571.522218  108.600000  37.000000
1597138571.538319  109.200000  32.500000
1597138571.554250  109.800000  27.750000
1597138571.570328  110.400000  22.250000
1597138571.586305  111.000000  16.750000
1597138571.602331  111.800000  11.000000
1597138571.618426  112.600000  5.000000
1597138571.634522  113.400000  -1.000000
1597138571.650354  114.400000  -6.500000
1597138571.666405  115.400000  -12.000000
1597138571.682341  116.600000  -17.250000
1597138571.698306  118.000000  -22.000000
1597138571.714201  119.200000  -26.250000
1597138571.730438  120.600000  -30.250000
1597138571.746290  122.000000  -33.500000
1597138571.762393  123.400000  -36.000000
1597138571.778400  124.800000  -38.250000
1597138571.794447  126.200000  -39.750000
1597138571.810310  127.800000  -40.750000
1597138571.826556  129.000000  -40.750000
1597138571.842462  130.600000  -40.250000
1597138571.858339  132.200000  -39.500000
1597138571.874243  133.600000  -37.750000
1597138571.890282  135.200000  -35.500000
1597138571.906359  137.000000  -32.500000
1597138571.922211  138.400000  -29.000000
1597138571.938295  140.000000  -25.250000
1597138571.954301  141.800000  -20.750000
1597138571.970305  143.200000  -16.000000
1597138571.986266  144.800000  -11.250000
1597138572.002312  146.200000  -6.000000
1597138572.018234  147.600000  -1.000000
1597138572.034247  148.800000  4.000000
1597138572.050351  150.200000  9.000000
1597138572.066397  151.200000  13.750000
1597138572.082287  152.000000  18.000000
1597138572.098434  152.800000  22.000000
1597138572.114272  153.800000  25.750000
1597138572.130290  154.600000  29.000000
1597138572.146431  155.200000  31.500000
1597138572.162381  156.000000  33.750000
1597138572.178298  156.600000  35.250000
1597138572.194432  157.400000  36.500000
1597138572.210343  158.000000  37.000000
1597138572.226295  158.800000  36.750000
1597138572.242338  159.400000  36.250000
1597138572.258270  160.200000  35.250000
1597138572.274266  160.800000  33.500000
1597138572.290281  161.400000  31.250000
1597138572.306315  162.200000  28.750000
1597138572.322251  162.800000  25.750000
1597138572.338416  163.600000  22.250000
1597138572.354229  164.400000  18.500000
1597138572.370326  165.200000  14.500000
1597138572.386467  166.000000  10.500000
1597138572.402523  167.000000  6.250000
1597138572.418369  167.800000  2.000000
1597138572.434242  168.800000  -2.000000
1597138572.450287  169.800000  -6.250000
1597138572.466433  171.000000  -10.000000
1597138572.482251  172.200000  -13.500000
1597138572.498372  173.600000  -16.750000
1597138572.514336  175.000000  -19.500000
1597138572.530384  176.400000  -22.000000
1597138572.546362  177.800000  -24.000000
1597138572.562295  179.400000  -25.500000
1597138572.578315  180.800000  -26.500000
1597138572.594350  182.200000  -27.000000
1597138572.610311  183.800000  -27.000000
1597138572.626343  185.400000  -26.750000
1597138572.642357  186.800000  -26.000000
1597138572.658360  188.400000  -24.750000
1597138572.674390  190.000000  -23.000000
1597138572.690401  191.600000  -21.000000
1597138572.706404  193.200000  -18.500000
1597138572.722306  194.600000  -16.000000
1597138572.738490  196.000000  -12.750000
1597138572.754356  197.600000  -9.750000
1597138572.770397  199.000000  -6.250000
1597138572.786329  200.400000  -2.750000
1597138572.802356  201.600000  0.750000
1597138572.818322  203.000000  4.000000
1597138572.834407  204.000000  7.250000
1597138572.850339  205.000000  10.250000
1597138572.866289  206.000000  13.250000
1597138572.882273  207.000000  15.750000
1597138572.898370  207.800000  18.000000
1597138572.914409  208.600000  20.250000
1597138572.930397  209.400000  22.000000
1597138572.946405  210.400000  23.250000
1597138572.962393  211.000000  24.250000
1597138572.978336  211.800000  24.750000
1597138572.994480  212.600000  25.000000
1597138573.010383  213.400000  24.750000
1597138573.026416  214.200000  24.250000
1597138573.042618  215.000000  23.500000
1597138573.058403  215.800000  22.250000
1597138573.074437  216.600000  20.750000
1597138573.090303  217.400000  18.750000
1597138573.106299  218.200000  16.750000
1597138573.122502  219.000000  14.500000
1597138573.138357  219.800000  12.000000
1597138573.154311  220.800000  9.250000
1597138573.170492  221.600000  6.500000
1597138573.186278  222.600000  3.750000
1597138573.202348  223.400000  1.000000
1597138573.218279  224.400000  -1.750000
1597138573.234393  225.400000  -4.500000
1597138573.250174  226.400000  -7.000000
1597138573.266291  227.600000  -9.000000
1597138573.282247  228.800000  -11.000000
1597138573.298475  229.800000  -13.000000
1597138573.314412  231.200000  -14.250000
1597138573.330401  232.400000  -15.500000
1597138573.346298  233.800000  -16.250000
1597138573.362305  235.200000  -16.750000
1597138573.378387  236.600000  -16.750000
1597138573.394398  238.000000  -16.500000
1597138573.410458  239.200000  -16.000000
1597138573.426290  240.600000  -15.500000
1597138573.442367  242.000000  -14.750000
1597138573.458570  243.200000  -13.500000
1597138573.474329  244.400000  -12.000000
1597138573.490274  245.800000  -10.250000
1597138573.506306  247.200000  -8.500000
1597138573.522373  248.400000  -6.500000
1597138573.538433  249.600000  -4.250000
1597138573.554380  250.800000  -2.000000
1597138573.570346  252.000000  0.000000
1597138573.586132  253.200000  2.250000
1597138573.602480  254.200000  4.250000
1597138573.618449  255.200000  6.250000
1597138573.634358  256.000000  8.250000
1597138573.650395  257.000000  9.750000
1597138573.666460  258.000000  11.500000
1597138573.682328  258.800000  12.750000
1597138573.698382  259.800000  14.000000
1597138573.714317  260.800000  15.000000
1597138573.730307  261.800000  15.500000
1597138573.746267  262.600000  16.250000
1597138573.762266  263.400000  16.250000
1597138573.778222  264.400000  16.250000
1597138573.794407  265.400000  15.750000
1597138573.810385  266.200000  15.250000
1597138573.826306  267.200000  14.750000
1597138573.842416  268.200000  13.750000
1597138573.858384  269.000000  12.500000
1597138573.874281  270.000000  11.250000
1597138573.890412  271.000000  9.750000
1597138573.906295  272.000000  8.250000
1597138573.922289  272.800000  6.500000
1597138573.938296  274.000000  4.750000
1597138573.954396  275.000000  3.000000
1597138573.970385  276.000000  1.250000
1597138573.986256  277.000000  -0.500000
1597138574.002353  278.000000  -2.250000
1597138574.018277  279.200000  -4.000000
1597138574.034323  280.400000  -5.500000
1597138574.050326  281.600000  -6.750000
1597138574.066329  282.800000  -7.750000
1597138574.082470  284.200000  -8.750000
1597138574.098346  285.400000  -9.500000
1597138574.114397  286.800000  -10.000000
1597138574.130351  288.000000  -10.500000
1597138574.146547  289.200000  -10.750000
1597138574.162409  290.600000  -10.500000
1597138574.178228  291.800000  -10.250000
1597138574.194469  293.000000  -10.000000
1597138574.210307  294.200000  -9.500000
1597138574.226307  295.600000  -9.000000
1597138574.242339  296.800000  -8.000000
1597138574.258314  298.000000  -7.000000
1597138574.274273  299.200000  -6.000000
1597138574.290331  300.400000  -4.750000
1597138574.306367  301.600000  -3.500000
1597138574.322433  302.800000  -2.000000
1597138574.338330  304.000000  -0.750000
1597138574.354252  305.200000  0.750000
1597138574.370366  306.200000  2.000000
1597138574.386301  307.200000  3.250000
1597138574.402459  308.400000  4.250000
1597138574.418379  309.400000  5.500000
1597138574.434369  310.200000  6.250000
1597138574.450380  311.200000  7.000000
1597138574.466338  312.200000  7.750000
1597138574.482370  313.200000  8.500000
1597138574.498398  314.400000  9.000000
1597138574.514384  315.400000  9.250000
1597138574.530311  316.200000  9.500000
1597138574.546356  317.400000  9.250000
1597138574.562424  318.400000  9.250000
1597138574.578261  319.400000  9.000000
1597138574.594387  320.400000  8.500000
1597138574.610360  321.400000  8.000000
1597138574.626381  322.600000  7.500000
1597138574.642321  323.600000  7.000000
1597138574.658399  324.800000  6.000000
1597138574.674190  325.800000  5.250000
1597138574.690221  326.800000  4.250000
1597138574.706408  328.000000  3.250000
1597138574.722310  329.200000  2.250000
1597138574.738390  330.200000  1.250000
1597138574.754307  331.400000  0.250000
1597138574.770382  332.600000  -0.750000
1597138574.786226  333.800000  -1.750000
1597138574.802196  335.000000  -2.500000
1597138574.818258  336.200000  -3.250000
1597138574.834289  337.600000  -4.000000
1597138574.850347  338.800000  -4.750000
1597138574.866334  340.000000  -5.250000
1597138574.882385  341.400000  -5.750000
1597138574.898265  342.800000  -5.750000
1597138574.914428  344.200000  -5.750000
1597138574.930314  345.800000  -5.750000
1597138574.946301  347.200000  -5.500000
1597138574.962363  348.600000  -5.250000
1597138574.978373  350.000000  -5.000000
1597138574.994446  351.400000  -4.750000
1597138575.010312  352.800000  -4.250000
1597138575.026435  354.200000  -3.750000
1597138575.042439  355.400000  -3.250000
1597138575.058379  356.800000  -2.750000
1597138575.074333  358.000000  -2.250000
1597138575.090283  359.200000  -1.500000
1597138575.106326  0.400000  -1.000000
1597138575.122373  1.600000  -0.500000
1597138575.138226  2.600000  0.000000
1597138575.154316  3.600000  0.500000
1597138575.170290  4.600000  1.000000
1597138575.186289  5.600000  1.250000
1597138575.202255  6.600000  1.750000
1597138575.218297  7.800000  2.000000
1597138575.234251  8.800000  2.500000
1597138575.250404  10.000000  2.750000
1597138575.266384  11.200000  3.000000
1597138575.282436  12.400000  3.250000
1597138575.298309  13.600000  3.500000
1597138575.314434  14.600000  3.750000
1597138575.330385  16.000000  3.750000
1597138575.346346  17.000000  3.750000
1597138575.362397  18.200000  3.750000
1597138575.378429  19.600000  3.750000
1597138575.394466  20.800000  3.500000
1597138575.410302  22.000000  3.500000
1597138575.426332  23.200000  3.000000
1597138575.442380  24.600000  3.000000
1597138575.458383  25.800000  2.500000
1597138575.474437  27.000000  2.250000
1597138575.490362  28.200000  1.750000
1597138575.506322  29.400000  1.250000
1597138575.522188  30.800000  1.000000
1597138575.538426  32.000000  0.500000
1597138575.554390  33.200000  0.000000
1597138575.570239  34.400000  -0.250000
1597138575.586293  35.600000  -0.750000
1597138575.602289  36.800000  -1.000000
1597138575.618415  38.000000  -1.500000
1597138575.634359  39.200000  -1.750000
1597138575.650384  40.600000  -2.000000
1597138575.666312  41.800000  -2.000000
1597138575.682340  43.200000  -2.250000
1597138575.698312  44.400000  -2.250000
1597138575.714414  45.800000  -2.250000
1597138575.730378  47.200000  -2.250000
1597138575.746558  48.400000  -2.250000
1597138575.762274  49.800000  -2.000000
1597138575.778251  51.000000  -2.000000
1597138575.794397  52.200000  -2.000000
1597138575.810415  53.200000  -1.750000
1597138575.826383  54.400000  -1.750000
1597138575.842299  55.600000  -1.500000
1597138575.858285  56.800000  -1.500000
1597138575.874291  58.000000  -1.250000
1597138575.890372  59.200000  -1.000000
1597138575.906469  60.400000  -0.750000
1597138575.922417  61.600000  -0.500000
1597138575.938313  62.800000  -0.250000
1597138575.954332  64.000000  0.000000
1597138575.970326  65.000000  0.250000
1597138575.986329  66.200000  0.500000
1597138576.002348  67.200000  0.750000
1597138576.018341  68.400000  1.000000
1597138576.034289  69.400000  1.000000
1597138576.050330  70.600000  1.250000
1597138576.066276  71.600000  1.500000
1597138576.082286  72.600000  1.500000
1597138576.098287  73.800000  1.750000
1597138576.114257  75.000000  1.750000
1597138576.130351  76.000000  2.000000
1597138576.146609  77.200000  2.000000
1597138576.162370  78.400000  2.000000
1597138576.178507  79.400000  2.000000
1597138576.194375  80.600000  2.000000
1597138576.210420  81.600000  2.000000
1597138576.226361  82.800000  2.000000
1597138576.242370  83.800000  1.750000
1597138576.258374  85.000000  1.750000
1597138576.274281  86.000000  1.500000
1597138576.290345  87.000000  1.250000
1597138576.306292  88.000000  1.250000
1597138576.322357  89.200000  1.000000
1597138576.338272  90.200000  1.000000
1597138576.354351  91.400000  1.000000
1597138576.370344  92.600000  0.750000
1597138576.386342  93.600000  0.750000
1597138576.402316  94.800000  0.750000
1597138576.418250  95.800000  0.500000
1597138576.434297  97.000000  0.500000
1597138576.450361  98.200000  0.500000
1597138576.466364  99.400000  0.500000
1597138576.482345  100.400000  0.500000
1597138576.498342  101.600000  0.500000
1597138576.514357  102.800000  0.500000
1597138576.530345  103.800000  0.500000
1597138576.546318  105.000000  0.500000
1597138576.562378  106.000000  0.500000
1597138576.578299  107.200000  0.500000
1597138576.594201  108.400000  0.750000
1597138576.610399  109.400000  0.750000
1597138576.626291  110.400000  0.750000
1597138576.642280  111.600000  0.750000
1597138576.658316  112.600000  0.750000
1597138576.674328  113.600000  1.000000
1597138576.690547  114.800000  1.000000
1597138576.706387  115.800000  1.000000
1597138576.722226  117.000000  1.000000
1597138576.738448  118.200000  1.250000
1597138576.754319  119.200000  1.250000
1597138576.770279  120.200000  1.250000
1597138576.786172  121.400000  1.500000
1597138576.802295  122.600000  1.500000
1597138576.818305  123.600000  1.500000
1597138576.834351  124.600000  1.500000
1597138576.850286  125.800000  1.500000
1597138576.866414  126.800000  1.500000
1597138576.882323  128.000000  1.500000
1597138576.898377  129.000000  1.500000
