[-1.38317, -1.38317] ; [-0.000236765, 0]
[-1.38317, -1.38317] ; [0, 0.000236765]
[-1.38316, -1.38316] ; [0.000236765, 0.000662942]
[-1.38313, -1.38313] ; [0.000662942, 0.00119343]
[-1.38308, -1.38308] ; [0.00119343, 0.00172812]
[-1.38301, -1.38301] ; [0.00172812, 0.00226668]
[-1.38292, -1.38292] ; [0.00226668, 0.00280918]
[-1.38281, -1.38281] ; [0.00280918, 0.00335565]
[-1.38268, -1.38268] ; [0.00335565, 0.00390616]
[-1.38253, -1.38253] ; [0.00390616, 0.00446074]
[-1.38236, -1.38236] ; [0.00446074, 0.00501946]
[-1.38217, -1.38217] ; [0.00501946, 0.00558236]
[-1.38195, -1.38195] ; [0.00558236, 0.0061495]
[-1.38171, -1.38171] ; [0.0061495, 0.00672093]
[-1.38145, -1.38145] ; [0.00672093, 0.00729671]
[-1.38117, -1.38117] ; [0.00729671, 0.00787689]
[-1.38086, -1.38086] ; [0.00787689, 0.00846154]
[-1.38052, -1.38052] ; [0.00846154, 0.0090507]
[-1.38016, -1.38016] ; [0.0090507, 0.00964443]
[-1.37978, -1.37978] ; [0.00964443, 0.0102428]
[-1.37936, -1.37936] ; [0.0102428, 0.0108459]
[-1.37892, -1.37892] ; [0.0108459, 0.0114537]
[-1.37845, -1.37845] ; [0.0114537, 0.0120664]
[-1.37796, -1.37796] ; [0.0120664, 0.0126839]
[-1.37743, -1.37743] ; [0.0126839, 0.0133064]
[-1.37687, -1.37687] ; [0.0133064, 0.0139339]
[-1.37629, -1.37629] ; [0.0139339, 0.0145665]
[-1.37567, -1.37567] ; [0.0145665, 0.0152042]
[-1.37501, -1.37501] ; [0.0152042, 0.0158471]
[-1.37433, -1.37433] ; [0.0158471, 0.0164954]
[-1.37361, -1.37361] ; [0.0164954, 0.017149]
[-1.37286, -1.37286] ; [0.017149, 0.017808]
[-1.37207, -1.37207] ; [0.017808, 0.0184725]
[-1.37125, -1.37125] ; [0.0184725, 0.0191426]
[-1.37039, -1.37039] ; [0.0191426, 0.0198184]
[-1.36949, -1.36949] ; [0.0198184, 0.0204998]
[-1.36855, -1.36855] ; [0.0204998, 0.0211871]
[-1.36757, -1.36757] ; [0.0211871, 0.021882]
[-1.36654, -1.36654] ; [0.021882, 0.0225875]
[-1.36546, -1.36546] ; [0.0225875, 0.0233036]
[-1.36433, -1.36433] ; [0.0233036, 0.0240308]
[-1.36315, -1.36315] ; [0.0240308, 0.0247691]
[-1.36192, -1.36192] ; [0.0247691, 0.0255188]
[-1.36062, -1.36062] ; [0.0255188, 0.0262803]
[-1.35927, -1.35927] ; [0.0262803, 0.0270536]
[-1.35785, -1.35785] ; [0.0270536, 0.0278391]
[-1.35637, -1.35637] ; [0.0278391, 0.0286371]
[-1.35482, -1.35482] ; [0.0286371, 0.0294477]
[-1.35321, -1.35321] ; [0.0294477, 0.0302714]
[-1.35152, -1.35152] ; [0.0302714, 0.0311084]
[-1.34975, -1.34975] ; [0.0311084, 0.0319589]
[-1.34791, -1.34791] ; [0.0319589, 0.0328234]
[-1.34599, -1.34599] ; [0.0328234, 0.0337021]
[-1.34398, -1.34398] ; [0.0337021, 0.0345953]
[-1.34189, -1.34189] ; [0.0345953, 0.0355035]
[-1.3397, -1.3397] ; [0.0355035, 0.0364268]
[-1.33742, -1.33742] ; [0.0364268, 0.0373657]
[-1.33504, -1.33504] ; [0.0373657, 0.0383205]
[-1.33256, -1.33256] ; [0.0383205, 0.0392916]
[-1.32997, -1.32997] ; [0.0392916, 0.0402793]
[-1.32727, -1.32727] ; [0.0402793, 0.0412842]
[-1.32445, -1.32445] ; [0.0412842, 0.0423065]
[-1.32152, -1.32152] ; [0.0423065, 0.0433467]
[-1.31846, -1.31846] ; [0.0433467, 0.0444053]
[-1.31526, -1.31526] ; [0.0444053, 0.0454826]
[-1.31194, -1.31194] ; [0.0454826, 0.0465792]
[-1.30847, -1.30847] ; [0.0465792, 0.0476955]
[-1.30485, -1.30485] ; [0.0476955, 0.0488321]
[-1.30109, -1.30109] ; [0.0488321, 0.0499893]
[-1.29716, -1.29716] ; [0.0499893, 0.0511678]
[-1.29306, -1.29306] ; [0.0511678, 0.0523681]
[-1.28879, -1.28879] ; [0.0523681, 0.0535907]
[-1.28435, -1.28435] ; [0.0535907, 0.0548363]
[-1.27971, -1.27971] ; [0.0548363, 0.0561054]
[-1.27487, -1.27487] ; [0.0561054, 0.0573986]
[-1.26984, -1.26984] ; [0.0573986, 0.0587167]
[-1.26458, -1.26458] ; [0.0587167, 0.0600602]
[-1.25911, -1.25911] ; [0.0600602, 0.0614301]
[-1.2534, -1.2534] ; [0.0614301, 0.0628269]
[-1.24744, -1.24744] ; [0.0628269, 0.0642515]
[-1.24123, -1.24123] ; [0.0642515, 0.0657047]
[-1.23476, -1.23476] ; [0.0657047, 0.0671875]
[-1.22801, -1.22801] ; [0.0671875, 0.0686991]
[-1.22098, -1.22098] ; [0.0686991, 0.07024]
[-1.21365, -1.21365] ; [0.07024, 0.0718111]
[-1.20602, -1.20602] ; [0.0718111, 0.0734133]
[-1.19807, -1.19807] ; [0.0734133, 0.0750474]
[-1.18978, -1.18978] ; [0.0750474, 0.0767145]
[-1.18114, -1.18114] ; [0.0767145, 0.0784158]
[-1.17214, -1.17214] ; [0.0784158, 0.0801525]
[-1.16274, -1.16274] ; [0.0801525, 0.0819261]
[-1.15294, -1.15294] ; [0.0819261, 0.0837384]
[-1.14271, -1.14271] ; [0.0837384, 0.0855913]
[-1.13201, -1.13201] ; [0.0855913, 0.087487]
[-1.12084, -1.12083] ; [0.087487, 0.0894285]
[-1.10913, -1.10913] ; [0.0894285, 0.091419]
[-1.09687, -1.09687] ; [0.091419, 0.0934627]
[-1.08399, -1.08399] ; [0.0934627, 0.0955646]
[-1.07044, -1.07044] ; [0.0955646, 0.0977311]
[-1.05613, -1.05613] ; [0.0977311, 0.0999706]
[-1.04098, -1.04098] ; [0.0999706, 0.102294]
[-1.02484, -1.02484] ; [0.102294, 0.104716]
[-1.00754, -1.00754] ; [0.104716, 0.107258]
[-0.988809, -0.988808] ; [0.107258, 0.109951]
[-0.96823, -0.968229] ; [0.109951, 0.112843]
[-0.947382, -0.947381] ; [0.112843, 0.115709]
[-0.928042, -0.92804] ; [0.115709, 0.118313]
[-0.909432, -0.90943] ; [0.118313, 0.120774]
[-0.891457, -0.891455] ; [0.120774, 0.123111]
[-0.873983, -0.873981] ; [0.123111, 0.125348]
[-0.856924, -0.856922] ; [0.125348, 0.127501]
[-0.840215, -0.840213] ; [0.127501, 0.129582]
[-0.823806, -0.823804] ; [0.129582, 0.131599]
[-0.807657, -0.807655] ; [0.131599, 0.133561]
[-0.791737, -0.791734] ; [0.133561, 0.135474]
[-0.776018, -0.776015] ; [0.135474, 0.137342]
[-0.760479, -0.760476] ; [0.137342, 0.139171]
[-0.7451, -0.745097] ; [0.139171, 0.140963]
[-0.729865, -0.729862] ; [0.140963, 0.142722]
[-0.714759, -0.714755] ; [0.142722, 0.144452]
[-0.699768, -0.699763] ; [0.144452, 0.146153]
[-0.684901, -0.684897] ; [0.146153, 0.147828]
[-0.670153, -0.670148] ; [0.147828, 0.149476]
[-0.655512, -0.655507] ; [0.149476, 0.151101]
[-0.640967, -0.640962] ; [0.151101, 0.152704]
[-0.626508, -0.626503] ; [0.152704, 0.154287]
[-0.612124, -0.612119] ; [0.154287, 0.155852]
[-0.597808, -0.597802] ; [0.155852, 0.1574]
[-0.583573, -0.583567] ; [0.1574, 0.15893]
[-0.569416, -0.569411] ; [0.15893, 0.160444]
[-0.555329, -0.555323] ; [0.160444, 0.161942]
[-0.541301, -0.541295] ; [0.161942, 0.163427]
[-0.527326, -0.52732] ; [0.163427, 0.164899]
[-0.513395, -0.513388] ; [0.164899, 0.16636]
[-0.4995, -0.499493] ; [0.16636, 0.167811]
[-0.485633, -0.485626] ; [0.167811, 0.169252]
[-0.471787, -0.47178] ; [0.169252, 0.170686]
[-0.457955, -0.457947] ; [0.170686, 0.172113]
[-0.444128, -0.44412] ; [0.172113, 0.173535]
[-0.430298, -0.43029] ; [0.173535, 0.174952]
[-0.416459, -0.416451] ; [0.174952, 0.176366]
[-0.402601, -0.402593] ; [0.176366, 0.177777]
[-0.388718, -0.388709] ; [0.177777, 0.179187]
[-0.3748, -0.374791] ; [0.179187, 0.180597]
[-0.360838, -0.360829] ; [0.180597, 0.182007]
[-0.346825, -0.346815] ; [0.182007, 0.18342]
[-0.332749, -0.33274] ; [0.18342, 0.184836]
[-0.318603, -0.318593] ; [0.184836, 0.186256]
[-0.304374, -0.304364] ; [0.186256, 0.187681]
[-0.290054, -0.290044] ; [0.187681, 0.189114]
[-0.27563, -0.275619] ; [0.189114, 0.190554]
[-0.26109, -0.261079] ; [0.190554, 0.192004]
[-0.246423, -0.246411] ; [0.192004, 0.193465]
[-0.231614, -0.231602] ; [0.193465, 0.194939]
[-0.216649, -0.216637] ; [0.194939, 0.196427]
[-0.201513, -0.201501] ; [0.196427, 0.197931]
[-0.186191, -0.186178] ; [0.197931, 0.199452]
[-0.170664, -0.170651] ; [0.199452, 0.200994]
[-0.154915, -0.154901] ; [0.200994, 0.202557]
[-0.138923, -0.138909] ; [0.202557, 0.204144]
[-0.122668, -0.122653] ; [0.204144, 0.205758]
[-0.106146, -0.10613] ; [0.205758, 0.207398]
[-0.0893296, -0.0893137] ; [0.207398, 0.209069]
[-0.0721966, -0.07218] ; [0.209069, 0.210773]
[-0.0547204, -0.0547031] ; [0.210773, 0.212513]
[-0.0376393, -0.0376212] ; [0.212513, 0.214215]
[-0.021081, -0.0210623] ; [0.214215, 0.215868]
[-0.00491596, -0.0048965] ; [0.215868, 0.217484]
[0.010897, 0.0109172] ; [0.217484, 0.219068]
[0.0264067, 0.0264276] ; [0.219068, 0.220624]
[0.0416469, 0.0416687] ; [0.220624, 0.222156]
[0.0566526, 0.0566751] ; [0.222156, 0.223668]
[0.0714518, 0.0714752] ; [0.223668, 0.225162]
[0.0860692, 0.0860934] ; [0.225162, 0.226642]
[0.100526, 0.100551] ; [0.226642, 0.228109]
[0.114841, 0.114867] ; [0.228109, 0.229565]
[0.129031, 0.129058] ; [0.229565, 0.231013]
[0.14311, 0.143138] ; [0.231013, 0.232453]
[0.157091, 0.157119] ; [0.232453, 0.233888]
[0.170983, 0.171013] ; [0.233888, 0.235318]
[0.184792, 0.184822] ; [0.235318, 0.236744]
[0.198527, 0.198558] ; [0.236744, 0.238167]
[0.212196, 0.212229] ; [0.238167, 0.239589]
[0.225808, 0.225841] ; [0.239589, 0.241009]
[0.239369, 0.239403] ; [0.241009, 0.24243]
[0.252885, 0.252921] ; [0.24243, 0.243851]
[0.266363, 0.266399] ; [0.243851, 0.245274]
[0.279806, 0.279843] ; [0.245274, 0.246699]
[0.293219, 0.293258] ; [0.246699, 0.248127]
[0.306608, 0.306647] ; [0.248127, 0.249559]
[0.319975, 0.320015] ; [0.249559, 0.250995]
[0.333323, 0.333365] ; [0.250995, 0.252436]
[0.346656, 0.346699] ; [0.252436, 0.253882]
[0.359977, 0.360021] ; [0.253882, 0.255334]
[0.373287, 0.373332] ; [0.255334, 0.256793]
[0.386588, 0.386634] ; [0.256793, 0.258258]
[0.399883, 0.39993] ; [0.258258, 0.259731]
[0.413172, 0.41322] ; [0.259731, 0.261212]
[0.426456, 0.426506] ; [0.261212, 0.262701]
[0.439737, 0.439788] ; [0.262701, 0.264198]
[0.453015, 0.453067] ; [0.264198, 0.265704]
[0.46629, 0.466343] ; [0.265704, 0.26722]
[0.479562, 0.479617] ; [0.26722, 0.268746]
[0.492832, 0.492888] ; [0.268746, 0.270282]
[0.506098, 0.506155] ; [0.270282, 0.271828]
[0.519361, 0.519419] ; [0.271828, 0.273385]
[0.532618, 0.532678] ; [0.273385, 0.274954]
[0.545869, 0.545931] ; [0.274954, 0.276533]
[0.559114, 0.559176] ; [0.276533, 0.278125]
[0.57235, 0.572414] ; [0.278125, 0.279729]
[0.585576, 0.585641] ; [0.279729, 0.281345]
[0.59879, 0.598857] ; [0.281345, 0.282974]
[0.611991, 0.612059] ; [0.282974, 0.284615]
[0.625176, 0.625246] ; [0.284615, 0.286271]
[0.638343, 0.638414] ; [0.286271, 0.287939]
[0.65149, 0.651563] ; [0.287939, 0.289622]
[0.664614, 0.664688] ; [0.289622, 0.291319]
[0.677713, 0.677789] ; [0.291319, 0.293031]
[0.690784, 0.690861] ; [0.293031, 0.294758]
[0.703824, 0.703903] ; [0.294758, 0.2965]
[0.716831, 0.716911] ; [0.2965, 0.298258]
[0.729801, 0.729883] ; [0.298258, 0.300032]
[0.742732, 0.742815] ; [0.300032, 0.301822]
[0.75562, 0.755705] ; [0.301822, 0.30363]
[0.768463, 0.76855] ; [0.30363, 0.305455]
[0.781258, 0.781347] ; [0.305455, 0.307298]
[0.794002, 0.794092] ; [0.307298, 0.30916]
[0.806692, 0.806784] ; [0.30916, 0.311041]
[0.819325, 0.819418] ; [0.311041, 0.312942]
[0.831855, 0.831951] ; [0.312942, 0.314858]
[0.844279, 0.844376] ; [0.314858, 0.316788]
[0.856593, 0.856692] ; [0.316788, 0.318733]
[0.868796, 0.868897] ; [0.318733, 0.320694]
[0.880884, 0.880987] ; [0.320694, 0.322672]
[0.892856, 0.892961] ; [0.322672, 0.324667]
[0.90471, 0.904816] ; [0.324667, 0.32668]
[0.916443, 0.916551] ; [0.32668, 0.328713]
[0.928053, 0.928163] ; [0.328713, 0.330767]
[0.939539, 0.939651] ; [0.330767, 0.332842]
[0.950899, 0.951013] ; [0.332842, 0.334941]
[0.962132, 0.962248] ; [0.334941, 0.337066]
[0.973236, 0.973354] ; [0.337066, 0.339217]
[0.984211, 0.984331] ; [0.339217, 0.341398]
[0.995057, 0.995179] ; [0.341398, 0.34361]
[1.00577, 1.0059] ; [0.34361, 0.345858]
[1.01636, 1.01649] ; [0.345858, 0.348145]
[1.02682, 1.02695] ; [0.348145, 0.350476]
[1.03713, 1.03726] ; [0.350476, 0.352848]
[1.0469, 1.04704] ; [0.352848, 0.355175]
[1.05619, 1.05632] ; [0.355175, 0.357463]
[1.065, 1.06514] ; [0.357463, 0.359714]
[1.07337, 1.07351] ; [0.359714, 0.361929]
[1.08131, 1.08145] ; [0.361929, 0.364109]
[1.08883, 1.08897] ; [0.364109, 0.366256]
[1.09596, 1.0961] ; [0.366256, 0.368372]
[1.10271, 1.10285] ; [0.368372, 0.370455]
[1.10909, 1.10923] ; [0.370455, 0.372509]
[1.11511, 1.11526] ; [0.372509, 0.374533]
[1.1208, 1.12095] ; [0.374533, 0.376529]
[1.12615, 1.1263] ; [0.376529, 0.378496]
[1.13119, 1.13134] ; [0.378496, 0.380435]
[1.13592, 1.13608] ; [0.380435, 0.382346]
[1.14035, 1.14051] ; [0.382346, 0.38423]
[1.1445, 1.14466] ; [0.38423, 0.386088]
[1.14837, 1.14853] ; [0.386088, 0.387918]
[1.15197, 1.15214] ; [0.387918, 0.389723]
[1.15532, 1.15548] ; [0.389723, 0.3915]
[1.15841, 1.15858] ; [0.3915, 0.393252]
[1.16127, 1.16144] ; [0.393252, 0.394976]
[1.16389, 1.16406] ; [0.394976, 0.396675]
[1.16629, 1.16646] ; [0.396675, 0.398347]
[1.16848, 1.16865] ; [0.398347, 0.399993]
[1.17046, 1.17063] ; [0.399993, 0.401612]
[1.17224, 1.17242] ; [0.401612, 0.403204]
[1.17384, 1.17401] ; [0.403204, 0.404772]
[1.17527, 1.17545] ; [0.404772, 0.406337]
[1.17654, 1.17672] ; [0.406337, 0.407899]
[1.17765, 1.17783] ; [0.407899, 0.40946]
[1.17861, 1.17879] ; [0.40946, 0.411019]
[1.1794, 1.17958] ; [0.411019, 0.412577]
[1.18004, 1.18022] ; [0.412577, 0.414133]
[1.18052, 1.1807] ; [0.414133, 0.415687]
[1.18084, 1.18103] ; [0.415687, 0.417241]
[1.18101, 1.1812] ; [0.417241, 0.418792]
[1.18102, 1.18121] ; [0.418792, 0.420343]
[1.18088, 1.18107] ; [0.420343, 0.421892]
[1.18058, 1.18077] ; [0.421892, 0.423439]
[1.18012, 1.18032] ; [0.423439, 0.424982]
[1.17952, 1.17972] ; [0.424982, 0.42652]
[1.17877, 1.17896] ; [0.42652, 0.428052]
[1.17787, 1.17806] ; [0.428052, 0.429579]
[1.17682, 1.17702] ; [0.429579, 0.431102]
[1.17562, 1.17582] ; [0.431102, 0.43262]
[1.17429, 1.17449] ; [0.43262, 0.434135]
[1.1728, 1.17301] ; [0.434135, 0.435646]
[1.17118, 1.17138] ; [0.435646, 0.437153]
[1.16941, 1.16962] ; [0.437153, 0.438655]
[1.1675, 1.1677] ; [0.438655, 0.440164]
[1.16541, 1.16562] ; [0.440164, 0.44169]
[1.16315, 1.16335] ; [0.44169, 0.443233]
[1.1607, 1.16091] ; [0.443233, 0.444793]
[1.15808, 1.15829] ; [0.444793, 0.446369]
[1.15527, 1.15548] ; [0.446369, 0.44796]
[1.15227, 1.15249] ; [0.44796, 0.449565]
[1.14908, 1.1493] ; [0.449565, 0.451185]
[1.1457, 1.14591] ; [0.451185, 0.452819]
[1.14211, 1.14233] ; [0.452819, 0.454468]
[1.13831, 1.13854] ; [0.454468, 0.456131]
[1.13431, 1.13453] ; [0.456131, 0.457809]
[1.1301, 1.13032] ; [0.457809, 0.459501]
[1.12566, 1.12589] ; [0.459501, 0.461208]
[1.12101, 1.12123] ; [0.461208, 0.462929]
[1.11612, 1.11635] ; [0.462929, 0.464666]
[1.111, 1.11123] ; [0.464666, 0.466418]
[1.10565, 1.10588] ; [0.466418, 0.468186]
[1.10005, 1.10028] ; [0.468186, 0.46997]
[1.0942, 1.09443] ; [0.46997, 0.471771]
[1.08809, 1.08832] ; [0.471771, 0.473588]
[1.08172, 1.08195] ; [0.473588, 0.475424]
[1.07507, 1.07531] ; [0.475424, 0.477278]
[1.06814, 1.06838] ; [0.477278, 0.479152]
[1.06092, 1.06117] ; [0.479152, 0.481046]
[1.0534, 1.05365] ; [0.481046, 0.482962]
[1.04557, 1.04582] ; [0.482962, 0.484901]
[1.03741, 1.03765] ; [0.484901, 0.486864]
[1.0289, 1.02915] ; [0.486864, 0.488855]
[1.02004, 1.02029] ; [0.488855, 0.490874]
[1.01079, 1.01104] ; [0.490874, 0.492924]
[1.00113, 1.00139] ; [0.492924, 0.495009]
[0.991056, 0.99131] ; [0.495009, 0.49713]
[0.980586, 0.980842] ; [0.49713, 0.499278]
[0.969702, 0.969959] ; [0.499278, 0.501456]
[0.958377, 0.958636] ; [0.501456, 0.503667]
[0.946583, 0.946844] ; [0.503667, 0.505915]
[0.934284, 0.934546] ; [0.505915, 0.508205]
[0.921435, 0.921698] ; [0.508205, 0.510542]
[0.90798, 0.908244] ; [0.510542, 0.512933]
[0.893847, 0.894113] ; [0.512933, 0.515388]
[0.878942, 0.879209] ; [0.515388, 0.51792]
[0.863571, 0.86384] ; [0.51792, 0.520473]
[0.848845, 0.849115] ; [0.520473, 0.522868]
[0.834447, 0.834718] ; [0.522868, 0.525165]
[0.820357, 0.820629] ; [0.525165, 0.527374]
[0.806528, 0.806801] ; [0.527374, 0.529506]
[0.792924, 0.793198] ; [0.529506, 0.53157]
[0.779517, 0.779792] ; [0.53157, 0.533576]
[0.766284, 0.766559] ; [0.533576, 0.535528]
[0.753204, 0.753481] ; [0.535528, 0.537433]
[0.740262, 0.740539] ; [0.537433, 0.539294]
[0.727443, 0.727721] ; [0.539294, 0.541117]
[0.714735, 0.715013] ; [0.541117, 0.542903]
[0.702126, 0.702405] ; [0.542903, 0.544657]
[0.689606, 0.689886] ; [0.544657, 0.546381]
[0.677167, 0.677447] ; [0.546381, 0.548077]
[0.6648, 0.665081] ; [0.548077, 0.549747]
[0.652503, 0.652784] ; [0.549747, 0.551394]
[0.640288, 0.640569] ; [0.551394, 0.553016]
[0.628146, 0.628427] ; [0.553016, 0.554614]
[0.616071, 0.616353] ; [0.554614, 0.556192]
[0.604057, 0.604338] ; [0.556192, 0.55775]
[0.592096, 0.592378] ; [0.55775, 0.559291]
[0.580182, 0.580464] ; [0.559291, 0.560814]
[0.568311, 0.568593] ; [0.560814, 0.562323]
[0.556476, 0.556759] ; [0.562323, 0.563817]
[0.544686, 0.544969] ; [0.563817, 0.565297]
[0.532947, 0.53323] ; [0.565297, 0.566761]
[0.521254, 0.521536] ; [0.566761, 0.568213]
[0.5096, 0.509882] ; [0.568213, 0.569651]
[0.49798, 0.498263] ; [0.569651, 0.571078]
[0.486391, 0.486673] ; [0.571078, 0.572495]
[0.474826, 0.475109] ; [0.572495, 0.573901]
[0.463282, 0.463565] ; [0.573901, 0.5753]
[0.451754, 0.452036] ; [0.5753, 0.57669]
[0.440237, 0.440519] ; [0.57669, 0.578073]
[0.428727, 0.429008] ; [0.578073, 0.579451]
[0.417219, 0.4175] ; [0.579451, 0.580823]
[0.405708, 0.405989] ; [0.580823, 0.58219]
[0.394191, 0.394472] ; [0.58219, 0.583554]
[0.382662, 0.382943] ; [0.583554, 0.584915]
[0.371118, 0.371398] ; [0.584915, 0.586273]
[0.359553, 0.359833] ; [0.586273, 0.58763]
[0.347962, 0.348242] ; [0.58763, 0.588987]
[0.336341, 0.336621] ; [0.588987, 0.590343]
[0.324685, 0.324965] ; [0.590343, 0.591701]
[0.312989, 0.313268] ; [0.591701, 0.59306]
[0.301247, 0.301526] ; [0.59306, 0.594421]
[0.289453, 0.289732] ; [0.594421, 0.595786]
[0.277603, 0.277881] ; [0.595786, 0.597155]
[0.26569, 0.265968] ; [0.597155, 0.59853]
[0.253708, 0.253985] ; [0.59853, 0.59991]
[0.241651, 0.241928] ; [0.59991, 0.601296]
[0.229512, 0.229788] ; [0.601296, 0.602691]
[0.217283, 0.217559] ; [0.602691, 0.604094]
[0.204959, 0.205234] ; [0.604094, 0.605508]
[0.19253, 0.192805] ; [0.605508, 0.606932]
[0.179989, 0.180264] ; [0.606932, 0.608368]
[0.167328, 0.167602] ; [0.608368, 0.609817]
[0.154537, 0.15481] ; [0.609817, 0.611281]
[0.141606, 0.141879] ; [0.611281, 0.61276]
[0.128527, 0.128799] ; [0.61276, 0.614257]
[0.115291, 0.115564] ; [0.614257, 0.615772]
[0.101895, 0.102167] ; [0.615772, 0.617306]
[0.0883259, 0.088598] ; [0.617306, 0.61886]
[0.0745713, 0.0748433] ; [0.61886, 0.620437]
[0.0606182, 0.0608901] ; [0.620437, 0.622039]
[0.0464524, 0.0467243] ; [0.622039, 0.623666]
[0.0320587, 0.0323307] ; [0.623666, 0.625322]
[0.0177004, 0.0179726] ; [0.625322, 0.626977]
[0.00378286, 0.00405533] ; [0.626977, 0.628584]
[-0.00986552, -0.00959281] ; [0.628584, 0.630162]
[-0.0232434, -0.0229705] ; [0.630162, 0.631713]
[-0.0363854, -0.0361123] ; [0.631713, 0.633239]
[-0.0493157, -0.0490424] ; [0.633239, 0.634744]
[-0.0620564, -0.0617826] ; [0.634744, 0.636231]
[-0.0746261, -0.0743518] ; [0.636231, 0.637701]
[-0.0870412, -0.0867663] ; [0.637701, 0.639157]
[-0.0993161, -0.0990407] ; [0.639157, 0.640601]
[-0.111464, -0.111188] ; [0.640601, 0.642034]
[-0.123495, -0.123219] ; [0.642034, 0.643457]
[-0.135421, -0.135144] ; [0.643457, 0.644873]
[-0.14725, -0.146972] ; [0.644873, 0.646281]
[-0.15899, -0.158711] ; [0.646281, 0.647684]
[-0.170642, -0.170363] ; [0.647684, 0.64908]
[-0.182213, -0.181933] ; [0.64908, 0.650472]
[-0.193709, -0.193428] ; [0.650472, 0.65186]
[-0.205136, -0.204854] ; [0.65186, 0.653245]
[-0.216499, -0.216215] ; [0.653245, 0.654628]
[-0.227801, -0.227517] ; [0.654628, 0.656009]
[-0.239048, -0.238763] ; [0.656009, 0.657389]
[-0.250243, -0.249957] ; [0.657389, 0.658768]
[-0.26139, -0.261103] ; [0.658768, 0.660148]
[-0.272492, -0.272203] ; [0.660148, 0.661528]
[-0.283552, -0.283262] ; [0.661528, 0.66291]
[-0.294572, -0.294281] ; [0.66291, 0.664293]
[-0.305554, -0.305262] ; [0.664293, 0.665679]
[-0.316502, -0.316208] ; [0.665679, 0.667067]
[-0.327419, -0.327119] ; [0.667067, 0.668458]
[-0.338303, -0.337998] ; [0.668458, 0.669852]
[-0.349157, -0.348846] ; [0.669852, 0.67125]
[-0.359982, -0.359665] ; [0.67125, 0.672653]
[-0.370779, -0.370456] ; [0.672653, 0.67406]
[-0.381548, -0.38122] ; [0.67406, 0.675472]
[-0.392292, -0.391958] ; [0.675472, 0.676889]
[-0.403011, -0.402671] ; [0.676889, 0.678312]
[-0.413705, -0.413359] ; [0.678312, 0.679741]
[-0.424375, -0.424023] ; [0.679741, 0.681176]
[-0.435022, -0.434664] ; [0.681176, 0.682618]
[-0.445645, -0.445281] ; [0.682618, 0.684067]
[-0.456246, -0.455875] ; [0.684067, 0.685523]
[-0.466823, -0.466446] ; [0.685523, 0.686987]
[-0.477378, -0.476994] ; [0.686987, 0.688459]
[-0.487909, -0.487518] ; [0.688459, 0.689939]
[-0.498416, -0.498019] ; [0.689939, 0.691428]
[-0.5089, -0.508496] ; [0.691428, 0.692926]
[-0.519359, -0.518948] ; [0.692926, 0.694433]
[-0.529793, -0.529376] ; [0.694433, 0.69595]
[-0.540202, -0.539778] ; [0.69595, 0.697477]
[-0.550585, -0.550155] ; [0.697477, 0.699014]
[-0.56094, -0.560504] ; [0.699014, 0.700562]
[-0.571269, -0.570826] ; [0.700562, 0.702121]
[-0.581569, -0.581119] ; [0.702121, 0.703691]
[-0.591839, -0.591383] ; [0.703691, 0.705273]
[-0.602079, -0.601616] ; [0.705273, 0.706868]
[-0.612288, -0.611818] ; [0.706868, 0.708475]
[-0.622464, -0.621987] ; [0.708475, 0.710095]
[-0.632606, -0.632123] ; [0.710095, 0.711729]
[-0.642713, -0.642223] ; [0.711729, 0.713377]
[-0.652785, -0.652288] ; [0.713377, 0.715039]
[-0.662818, -0.662315] ; [0.715039, 0.716717]
[-0.672814, -0.672303] ; [0.716717, 0.71841]
[-0.682769, -0.682252] ; [0.71841, 0.72012]
[-0.692683, -0.692159] ; [0.72012, 0.721847]
[-0.702554, -0.702024] ; [0.721847, 0.723592]
[-0.712382, -0.711846] ; [0.723592, 0.725355]
[-0.722166, -0.721622] ; [0.725355, 0.727138]
[-0.731874, -0.731325] ; [0.727138, 0.728937]
[-0.741502, -0.740945] ; [0.728937, 0.73075]
[-0.751046, -0.750483] ; [0.73075, 0.732579]
[-0.760507, -0.759937] ; [0.732579, 0.734425]
[-0.76988, -0.769304] ; [0.734425, 0.736288]
[-0.779166, -0.778584] ; [0.736288, 0.738169]
[-0.788362, -0.787774] ; [0.738169, 0.740069]
[-0.797467, -0.796872] ; [0.740069, 0.74199]
[-0.806479, -0.805878] ; [0.74199, 0.743933]
[-0.815396, -0.814788] ; [0.743933, 0.745898]
[-0.824216, -0.823602] ; [0.745898, 0.747888]
[-0.832938, -0.832318] ; [0.747888, 0.749904]
[-0.84156, -0.840934] ; [0.749904, 0.751949]
[-0.850081, -0.849448] ; [0.751949, 0.754024]
[-0.858498, -0.85786] ; [0.754024, 0.756133]
[-0.866811, -0.866167] ; [0.756133, 0.758277]
[-0.874874, -0.874223] ; [0.758277, 0.760421]
[-0.882544, -0.881887] ; [0.760421, 0.762527]
[-0.889847, -0.889185] ; [0.762527, 0.764598]
[-0.896799, -0.896132] ; [0.764598, 0.766635]
[-0.903417, -0.902745] ; [0.766635, 0.768641]
[-0.909715, -0.909038] ; [0.768641, 0.770616]
[-0.915705, -0.915023] ; [0.770616, 0.772562]
[-0.921399, -0.920712] ; [0.772562, 0.77448]
[-0.926808, -0.926118] ; [0.77448, 0.776371]
[-0.931944, -0.931249] ; [0.776371, 0.778235]
[-0.936815, -0.936115] ; [0.778235, 0.780074]
[-0.94143, -0.940727] ; [0.780074, 0.781889]
[-0.945799, -0.945092] ; [0.781889, 0.783678]
[-0.94993, -0.949219] ; [0.783678, 0.785444]
[-0.95383, -0.953116] ; [0.785444, 0.787187]
[-0.957507, -0.956789] ; [0.787187, 0.788907]
[-0.960968, -0.960247] ; [0.788907, 0.790604]
[-0.96422, -0.963496] ; [0.790604, 0.792279]
[-0.967269, -0.966542] ; [0.792279, 0.793931]
[-0.970123, -0.969393] ; [0.793931, 0.795562]
[-0.972787, -0.972054] ; [0.795562, 0.797171]
[-0.975267, -0.974531] ; [0.797171, 0.798758]
[-0.97757, -0.976831] ; [0.798758, 0.800324]
[-0.979701, -0.97896] ; [0.800324, 0.801868]
[-0.981666, -0.980923] ; [0.801868, 0.80339]
[-0.983471, -0.982726] ; [0.80339, 0.804892]
[-0.985122, -0.984374] ; [0.804892, 0.806372]
[-0.986623, -0.985873] ; [0.806372, 0.807831]
[-0.98798, -0.987228] ; [0.807831, 0.809268]
[-0.989206, -0.988452] ; [0.809268, 0.810693]
[-0.990313, -0.989557] ; [0.810693, 0.812117]
[-0.9913, -0.990542] ; [0.812117, 0.81354]
[-0.992167, -0.991407] ; [0.81354, 0.814962]
[-0.992916, -0.992154] ; [0.814962, 0.816382]
[-0.993545, -0.992782] ; [0.816382, 0.817801]
[-0.994057, -0.993292] ; [0.817801, 0.81922]
[-0.99445, -0.993684] ; [0.81922, 0.820638]
[-0.994725, -0.993958] ; [0.820638, 0.822055]
[-0.994883, -0.994114] ; [0.822055, 0.823472]
[-0.994923, -0.994152] ; [0.823472, 0.824888]
[-0.994846, -0.994074] ; [0.824888, 0.826304]
[-0.994651, -0.993878] ; [0.826304, 0.827719]
[-0.994339, -0.993564] ; [0.827719, 0.829135]
[-0.99391, -0.993134] ; [0.829135, 0.83055]
[-0.993364, -0.992587] ; [0.83055, 0.831965]
[-0.992701, -0.991924] ; [0.831965, 0.83338]
[-0.991922, -0.991143] ; [0.83338, 0.834795]
[-0.991025, -0.990245] ; [0.834795, 0.836211]
[-0.990012, -0.989231] ; [0.836211, 0.837627]
[-0.988881, -0.9881] ; [0.837627, 0.839043]
[-0.987634, -0.986851] ; [0.839043, 0.84046]
[-0.986269, -0.985486] ; [0.84046, 0.841877]
[-0.984787, -0.984004] ; [0.841877, 0.843295]
[-0.98318, -0.982395] ; [0.843295, 0.844722]
[-0.981431, -0.980646] ; [0.844722, 0.846167]
[-0.979536, -0.97875] ; [0.846167, 0.847631]
[-0.97749, -0.976704] ; [0.847631, 0.849114]
[-0.97529, -0.974504] ; [0.849114, 0.850617]
[-0.97293, -0.972143] ; [0.850617, 0.852138]
[-0.970405, -0.969618] ; [0.852138, 0.853678]
[-0.967711, -0.966924] ; [0.853678, 0.855237]
[-0.964844, -0.964057] ; [0.855237, 0.856815]
[-0.961797, -0.96101] ; [0.856815, 0.858412]
[-0.958569, -0.957782] ; [0.858412, 0.860027]
[-0.955156, -0.954369] ; [0.860027, 0.86166]
[-0.951554, -0.950767] ; [0.86166, 0.86331]
[-0.947758, -0.946971] ; [0.86331, 0.864977]
[-0.943763, -0.942977] ; [0.864977, 0.866662]
[-0.939564, -0.938779] ; [0.866662, 0.868366]
[-0.935158, -0.934373] ; [0.868366, 0.870086]
[-0.930538, -0.929753] ; [0.870086, 0.871826]
[-0.925699, -0.924915] ; [0.871826, 0.873583]
[-0.920637, -0.919854] ; [0.873583, 0.875359]
[-0.915344, -0.914562] ; [0.875359, 0.877154]
[-0.909816, -0.909036] ; [0.877154, 0.878969]
[-0.904047, -0.903267] ; [0.878969, 0.880803]
[-0.898028, -0.89725] ; [0.880803, 0.882657]
[-0.891754, -0.890977] ; [0.882657, 0.884533]
[-0.885216, -0.884441] ; [0.884533, 0.88643]
[-0.878407, -0.877633] ; [0.88643, 0.888349]
[-0.871316, -0.870545] ; [0.888349, 0.890292]
[-0.863935, -0.863165] ; [0.890292, 0.892259]
[-0.856252, -0.855485] ; [0.892259, 0.894252]
[-0.848255, -0.84749] ; [0.894252, 0.896272]
[-0.839931, -0.839168] ; [0.896272, 0.898321]
[-0.831263, -0.830503] ; [0.898321, 0.900401]
[-0.822235, -0.821477] ; [0.900401, 0.902514]
[-0.812825, -0.812071] ; [0.902514, 0.904662]
[-0.803011, -0.802259] ; [0.904662, 0.90685]
[-0.792763, -0.792015] ; [0.90685, 0.90908]
[-0.78205, -0.781305] ; [0.90908, 0.911358]
[-0.770829, -0.770088] ; [0.911358, 0.913689]
[-0.759052, -0.758314] ; [0.913689, 0.91608]
[-0.746657, -0.745919] ; [0.91608, 0.918541]
[-0.733564, -0.732824] ; [0.918541, 0.921083]
[-0.719661, -0.71892] ; [0.921083, 0.923722]
[-0.706109, -0.705367] ; [0.923722, 0.926241]
[-0.692806, -0.692064] ; [0.926241, 0.928665]
[-0.679725, -0.678982] ; [0.928665, 0.931005]
[-0.666823, -0.666076] ; [0.931005, 0.933274]
[-0.654069, -0.653318] ; [0.933274, 0.935482]
[-0.641439, -0.640684] ; [0.935482, 0.937635]
[-0.628912, -0.628154] ; [0.937635, 0.939741]
[-0.616473, -0.615711] ; [0.939741, 0.941804]
[-0.604107, -0.603343] ; [0.941804, 0.943829]
[-0.591804, -0.591037] ; [0.943829, 0.94582]
[-0.579552, -0.578783] ; [0.94582, 0.94778]
[-0.567343, -0.566571] ; [0.94778, 0.949711]
[-0.55518, -0.554407] ; [0.949711, 0.951616]
[-0.543088, -0.542312] ; [0.951616, 0.953491]
[-0.531055, -0.530277] ; [0.953491, 0.955339]
[-0.519073, -0.518294] ; [0.955339, 0.957162]
[-0.507135, -0.506354] ; [0.957162, 0.958964]
[-0.495235, -0.494452] ; [0.958964, 0.960745]
[-0.483365, -0.482582] ; [0.960745, 0.962508]
[-0.471521, -0.470736] ; [0.962508, 0.964254]
[-0.459697, -0.458911] ; [0.964254, 0.965985]
[-0.447888, -0.447101] ; [0.965985, 0.967703]
[-0.436089, -0.435301] ; [0.967703, 0.969407]
[-0.424295, -0.423507] ; [0.969407, 0.971101]
[-0.412502, -0.411713] ; [0.971101, 0.972784]
[-0.400705, -0.399916] ; [0.972784, 0.974459]
[-0.3889, -0.388111] ; [0.974459, 0.976126]
[-0.377083, -0.376293] ; [0.976126, 0.977786]
[-0.365249, -0.364459] ; [0.977786, 0.97944]
[-0.353393, -0.352604] ; [0.97944, 0.98109]
[-0.341513, -0.340724] ; [0.98109, 0.982737]
[-0.329603, -0.328814] ; [0.982737, 0.98438]
[-0.317659, -0.316871] ; [0.98438, 0.986022]
[-0.305678, -0.304889] ; [0.986022, 0.987663]
[-0.293654, -0.292866] ; [0.987663, 0.989305]
[-0.281583, -0.280796] ; [0.989305, 0.990947]
[-0.269461, -0.268674] ; [0.990947, 0.992591]
[-0.257283, -0.256497] ; [0.992591, 0.994239]
[-0.245044, -0.244259] ; [0.994239, 0.99589]
[-0.232739, -0.231956] ; [0.99589, 0.997546]
[-0.220364, -0.219582] ; [0.997546, 0.999208]
[-0.207913, -0.207133] ; [0.999208, 1.00088]
[-0.195382, -0.194602] ; [1.00088, 1.00255]
[-0.182764, -0.181986] ; [1.00255, 1.00424]
[-0.170055, -0.169279] ; [1.00424, 1.00594]
[-0.157249, -0.156474] ; [1.00594, 1.00764]
[-0.144339, -0.143566] ; [1.00764, 1.00936]
[-0.131322, -0.130549] ; [1.00936, 1.01109]
[-0.118191, -0.117417] ; [1.01109, 1.01284]
[-0.104939, -0.104165] ; [1.01284, 1.0146]
[-0.0915601, -0.0907854] ; [1.0146, 1.01638]
[-0.0780479, -0.0772727] ; [1.01638, 1.01817]
[-0.0644034, -0.0636276] ; [1.01817, 1.01999]
[-0.0506218, -0.0498454] ; [1.01999, 1.02182]
[-0.0366953, -0.0359182] ; [1.02182, 1.02368]
[-0.0226163, -0.0218385] ; [1.02368, 1.02556]
[-0.00890236, -0.00812333] ; [1.02556, 1.02739]
[0.00461285, 0.00539305] ; [1.02739, 1.02919]
[0.0179138, 0.0186951] ; [1.02919, 1.03098]
[0.0310263, 0.0318087] ; [1.03098, 1.03274]
[0.0439662, 0.0447498] ; [1.03274, 1.03448]
[0.05675, 0.0575346] ; [1.03448, 1.0362]
[0.069391, 0.0701774] ; [1.0362, 1.03791]
[0.081902, 0.0826902] ; [1.03791, 1.03961]
[0.0942939, 0.0950839] ; [1.03961, 1.04129]
[0.106577, 0.107369] ; [1.04129, 1.04297]
[0.118759, 0.119553] ; [1.04297, 1.04463]
[0.130849, 0.131645] ; [1.04463, 1.04629]
[0.142852, 0.143651] ; [1.04629, 1.04795]
[0.154768, 0.155568] ; [1.04795, 1.04959]
[0.166602, 0.167405] ; [1.04959, 1.05124]
[0.178361, 0.179166] ; [1.05124, 1.05288]
[0.190049, 0.190856] ; [1.05288, 1.05451]
[0.20167, 0.20248] ; [1.05451, 1.05615]
[0.213229, 0.214041] ; [1.05615, 1.05778]
[0.224728, 0.225544] ; [1.05778, 1.05941]
[0.236172, 0.23699] ; [1.05941, 1.06105]
[0.247563, 0.248384] ; [1.06105, 1.06268]
[0.258904, 0.259728] ; [1.06268, 1.06432]
[0.270196, 0.271023] ; [1.06432, 1.06595]
[0.281442, 0.282273] ; [1.06595, 1.06759]
[0.292645, 0.293478] ; [1.06759, 1.06924]
[0.303804, 0.304641] ; [1.06924, 1.07089]
[0.314922, 0.315763] ; [1.07089, 1.07254]
[0.325999, 0.326844] ; [1.07254, 1.0742]
[0.337037, 0.337886] ; [1.0742, 1.07586]
[0.348036, 0.348888] ; [1.07586, 1.07753]
[0.358996, 0.359853] ; [1.07753, 1.0792]
[0.369919, 0.370779] ; [1.0792, 1.08089]
[0.380803, 0.381668] ; [1.08089, 1.08258]
[0.39165, 0.392519] ; [1.08258, 1.08427]
[0.402459, 0.403332] ; [1.08427, 1.08598]
[0.413229, 0.414108] ; [1.08598, 1.08769]
[0.423962, 0.424845] ; [1.08769, 1.08942]
[0.434656, 0.435544] ; [1.08942, 1.09115]
[0.44531, 0.446203] ; [1.09115, 1.09289]
[0.455925, 0.456823] ; [1.09289, 1.09465]
[0.466491, 0.46741] ; [1.09465, 1.09641]
[0.477015, 0.477955] ; [1.09641, 1.09819]
[0.487495, 0.488456] ; [1.09819, 1.09998]
[0.497931, 0.498913] ; [1.09998, 1.10178]
[0.50832, 0.509324] ; [1.10178, 1.10359]
[0.518663, 0.519687] ; [1.10359, 1.10542]
[0.528956, 0.530003] ; [1.10542, 1.10726]
[0.5392, 0.540269] ; [1.10726, 1.10912]
[0.549392, 0.550483] ; [1.10912, 1.11099]
[0.559532, 0.560645] ; [1.11099, 1.11288]
[0.569618, 0.570753] ; [1.11288, 1.11479]
[0.579648, 0.580805] ; [1.11479, 1.11671]
[0.589622, 0.590801] ; [1.11671, 1.11865]
[0.599538, 0.600739] ; [1.11865, 1.12061]
[0.609394, 0.610617] ; [1.12061, 1.12259]
[0.61919, 0.620434] ; [1.12259, 1.1246]
[0.628923, 0.630188] ; [1.1246, 1.12663]
[0.638592, 0.63988] ; [1.12663, 1.12868]
[0.648198, 0.649507] ; [1.12868, 1.13076]
[0.657738, 0.659068] ; [1.13076, 1.13286]
[0.667212, 0.668564] ; [1.13286, 1.135]
[0.67662, 0.677993] ; [1.135, 1.13717]
[0.685962, 0.687357] ; [1.13717, 1.13937]
[0.695239, 0.696655] ; [1.13937, 1.14162]
[0.704297, 0.705734] ; [1.14162, 1.14386]
[0.712964, 0.714422] ; [1.14386, 1.14607]
[0.721265, 0.722742] ; [1.14607, 1.14824]
[0.729215, 0.730712] ; [1.14824, 1.15038]
[0.736829, 0.738344] ; [1.15038, 1.15249]
[0.74412, 0.745653] ; [1.15249, 1.15456]
[0.751101, 0.752652] ; [1.15456, 1.15661]
[0.757784, 0.759351] ; [1.15661, 1.15862]
[0.764178, 0.765761] ; [1.15862, 1.16061]
[0.770294, 0.771892] ; [1.16061, 1.16257]
[0.776141, 0.777755] ; [1.16257, 1.1645]
[0.781728, 0.783356] ; [1.1645, 1.16641]
[0.787063, 0.788706] ; [1.16641, 1.1683]
[0.792155, 0.793811] ; [1.1683, 1.17016]
[0.79701, 0.79868] ; [1.17016, 1.17199]
[0.801636, 0.803318] ; [1.17199, 1.17381]
[0.80604, 0.807735] ; [1.17381, 1.1756]
[0.810228, 0.811934] ; [1.1756, 1.17737]
[0.814206, 0.815925] ; [1.17737, 1.17911]
[0.817982, 0.819711] ; [1.17911, 1.18084]
[0.82156, 0.8233] ; [1.18084, 1.18254]
[0.824946, 0.826697] ; [1.18254, 1.18422]
[0.828147, 0.829908] ; [1.18422, 1.18589]
[0.831167, 0.832938] ; [1.18589, 1.18753]
[0.834011, 0.835792] ; [1.18753, 1.18915]
[0.836686, 0.838475] ; [1.18915, 1.19075]
[0.839195, 0.840993] ; [1.19075, 1.19233]
[0.841544, 0.843351] ; [1.19233, 1.1939]
[0.843738, 0.845553] ; [1.1939, 1.19544]
[0.845781, 0.847604] ; [1.19544, 1.19696]
[0.847681, 0.849512] ; [1.19696, 1.19847]
[0.849459, 0.851297] ; [1.19847, 1.19997]
[0.851115, 0.85296] ; [1.19997, 1.20147]
[0.85265, 0.854503] ; [1.20147, 1.20297]
[0.854065, 0.855925] ; [1.20297, 1.20446]
[0.85536, 0.857226] ; [1.20446, 1.20596]
[0.856536, 0.858409] ; [1.20596, 1.20745]
[0.857593, 0.859472] ; [1.20745, 1.20894]
[0.858531, 0.860416] ; [1.20894, 1.21043]
[0.859351, 0.861242] ; [1.21043, 1.21192]
[0.860053, 0.86195] ; [1.21192, 1.2134]
[0.860637, 0.86254] ; [1.2134, 1.21489]
[0.861105, 0.863012] ; [1.21489, 1.21637]
[0.861455, 0.863368] ; [1.21637, 1.21786]
[0.861688, 0.863606] ; [1.21786, 1.21934]
[0.861806, 0.863728] ; [1.21934, 1.22082]
[0.861806, 0.863733] ; [1.22082, 1.2223]
[0.861691, 0.863622] ; [1.2223, 1.22378]
[0.86146, 0.863395] ; [1.22378, 1.22527]
[0.861113, 0.863053] ; [1.22527, 1.22675]
[0.86065, 0.862594] ; [1.22675, 1.22822]
[0.860073, 0.86202] ; [1.22822, 1.2297]
[0.859381, 0.861332] ; [1.2297, 1.23118]
[0.858575, 0.860529] ; [1.23118, 1.23265]
[0.857655, 0.859612] ; [1.23265, 1.23413]
[0.856621, 0.858581] ; [1.23413, 1.2356]
[0.855473, 0.857437] ; [1.2356, 1.23708]
[0.854213, 0.856178] ; [1.23708, 1.23855]
[0.852839, 0.854807] ; [1.23855, 1.24002]
[0.851351, 0.853322] ; [1.24002, 1.2415]
[0.849751, 0.851724] ; [1.2415, 1.24297]
[0.848038, 0.850012] ; [1.24297, 1.24444]
[0.846212, 0.848188] ; [1.24444, 1.24591]
[0.844273, 0.84625] ; [1.24591, 1.24739]
[0.842221, 0.8442] ; [1.24739, 1.24886]
[0.840056, 0.842035] ; [1.24886, 1.25033]
[0.837762, 0.839743] ; [1.25033, 1.25182]
[0.83533, 0.837311] ; [1.25182, 1.25332]
[0.832755, 0.834737] ; [1.25332, 1.25483]
[0.830035, 0.832018] ; [1.25483, 1.25637]
[0.827166, 0.829149] ; [1.25637, 1.25791]
[0.824144, 0.826127] ; [1.25791, 1.25948]
[0.820967, 0.822949] ; [1.25948, 1.26105]
[0.817629, 0.819611] ; [1.26105, 1.26265]
[0.814128, 0.816109] ; [1.26265, 1.26426]
[0.810459, 0.812439] ; [1.26426, 1.26589]
[0.806619, 0.808598] ; [1.26589, 1.26753]
[0.802602, 0.80458] ; [1.26753, 1.26919]
[0.798405, 0.800381] ; [1.26919, 1.27087]
[0.794023, 0.795997] ; [1.27087, 1.27256]
[0.78945, 0.791422] ; [1.27256, 1.27428]
[0.784682, 0.786651] ; [1.27428, 1.27601]
[0.779712, 0.781679] ; [1.27601, 1.27777]
[0.774535, 0.776499] ; [1.27777, 1.27954]
[0.769143, 0.771104] ; [1.27954, 1.28133]
[0.763531, 0.765487] ; [1.28133, 1.28315]
[0.757688, 0.759641] ; [1.28315, 1.28499]
[0.751608, 0.753556] ; [1.28499, 1.28685]
[0.745279, 0.747222] ; [1.28685, 1.28874]
[0.738692, 0.74063] ; [1.28874, 1.29065]
[0.731834, 0.733766] ; [1.29065, 1.2926]
[0.724691, 0.726618] ; [1.2926, 1.29457]
[0.717249, 0.719169] ; [1.29457, 1.29658]
[0.709489, 0.711402] ; [1.29658, 1.29862]
[0.701391, 0.703296] ; [1.29862, 1.30071]
[0.69293, 0.694829] ; [1.30071, 1.30283]
[0.684079, 0.685969] ; [1.30283, 1.30501]
[0.674808, 0.67669] ; [1.30501, 1.30723]
[0.665087, 0.666961] ; [1.30723, 1.30952]
[0.654871, 0.656735] ; [1.30952, 1.31186]
[0.644491, 0.646345] ; [1.31186, 1.31419]
[0.634265, 0.636109] ; [1.31419, 1.31644]
[0.624131, 0.625965] ; [1.31644, 1.31863]
[0.614078, 0.615902] ; [1.31863, 1.32077]
[0.604091, 0.605905] ; [1.32077, 1.32285]
[0.59416, 0.595964] ; [1.32285, 1.32489]
[0.584275, 0.58607] ; [1.32489, 1.32689]
[0.574424, 0.57622] ; [1.32689, 1.32885]
[0.564597, 0.56641] ; [1.32885, 1.33078]
[0.554798, 0.556626] ; [1.33078, 1.33268]
[0.545021, 0.546864] ; [1.33268, 1.33455]
[0.535261, 0.537118] ; [1.33455, 1.3364]
[0.525515, 0.527386] ; [1.3364, 1.33822]
[0.515778, 0.517663] ; [1.33822, 1.34002]
[0.506066, 0.507965] ; [1.34002, 1.3418]
[0.496388, 0.498303] ; [1.3418, 1.34356]
[0.486739, 0.48867] ; [1.34356, 1.34529]
[0.477116, 0.479062] ; [1.34529, 1.347]
[0.467514, 0.469475] ; [1.347, 1.3487]
[0.45793, 0.459906] ; [1.3487, 1.35038]
[0.448361, 0.450352] ; [1.35038, 1.35204]
[0.438805, 0.440809] ; [1.35204, 1.35369]
[0.429257, 0.431275] ; [1.35369, 1.35532]
[0.419716, 0.421748] ; [1.35532, 1.35694]
[0.410179, 0.412225] ; [1.35694, 1.35855]
[0.400645, 0.402703] ; [1.35855, 1.36015]
[0.39111, 0.393181] ; [1.36015, 1.36174]
[0.381572, 0.383656] ; [1.36174, 1.36332]
[0.37203, 0.374127] ; [1.36332, 1.36489]
[0.362482, 0.36459] ; [1.36489, 1.36646]
[0.352924, 0.355044] ; [1.36646, 1.36802]
[0.343356, 0.345488] ; [1.36802, 1.36957]
[0.333775, 0.335918] ; [1.36957, 1.37112]
[0.324177, 0.326334] ; [1.37112, 1.37266]
[0.314563, 0.316733] ; [1.37266, 1.3742]
[0.304922, 0.307121] ; [1.3742, 1.37573]
[0.29526, 0.297489] ; [1.37573, 1.37727]
[0.285581, 0.287838] ; [1.37727, 1.3788]
[0.275882, 0.278168] ; [1.3788, 1.38033]
[0.266161, 0.268474] ; [1.38033, 1.38185]
[0.256415, 0.258756] ; [1.38185, 1.38338]
[0.246642, 0.249009] ; [1.38338, 1.38491]
[0.236839, 0.239232] ; [1.38491, 1.38643]
[0.227003, 0.229422] ; [1.38643, 1.38796]
[0.217132, 0.219577] ; [1.38796, 1.38949]
[0.207224, 0.209694] ; [1.38949, 1.39103]
[0.197276, 0.199771] ; [1.39103, 1.39256]
[0.187285, 0.189804] ; [1.39256, 1.3941]
[0.177249, 0.179792] ; [1.3941, 1.39565]
[0.167165, 0.169732] ; [1.39565, 1.39719]
[0.157031, 0.159621] ; [1.39719, 1.39875]
[0.146844, 0.149457] ; [1.39875, 1.40031]
[0.136603, 0.139238] ; [1.40031, 1.40188]
[0.126304, 0.128961] ; [1.40188, 1.40346]
[0.115945, 0.118624] ; [1.40346, 1.40504]
[0.105524, 0.108224] ; [1.40504, 1.40663]
[0.0950385, 0.0977593] ; [1.40663, 1.40824]
[0.0844851, 0.0872264] ; [1.40824, 1.40985]
[0.0738615, 0.0766229] ; [1.40985, 1.41147]
[0.0631748, 0.065956] ; [1.41147, 1.41311]
[0.0524205, 0.055221] ; [1.41311, 1.41476]
[0.0415957, 0.0444151] ; [1.41476, 1.41641]
[0.0306971, 0.033535] ; [1.41641, 1.41809]
[0.0197214, 0.0225773] ; [1.41809, 1.41977]
[0.00866488, 0.0115386] ; [1.41977, 1.42147]
[-0.00231029, 0.000580387] ; [1.42147, 1.42316]
[-0.0131159, -0.010209] ; [1.42316, 1.42483]
[-0.0237859, -0.0208635] ; [1.42483, 1.42648]
[-0.0343243, -0.031387] ; [1.42648, 1.42811]
[-0.044742, -0.0417906] ; [1.42811, 1.42973]
[-0.0550473, -0.0520824] ; [1.42973, 1.43133]
[-0.0652479, -0.0622701] ; [1.43133, 1.43292]
[-0.0753508, -0.0723606] ; [1.43292, 1.4345]
[-0.0853623, -0.0823603] ; [1.4345, 1.43607]
[-0.0952881, -0.0922749] ; [1.43607, 1.43764]
[-0.105133, -0.10211] ; [1.43764, 1.43919]
[-0.114903, -0.111869] ; [1.43919, 1.44074]
[-0.124602, -0.121558] ; [1.44074, 1.44228]
[-0.134233, -0.13118] ; [1.44228, 1.44382]
[-0.143793, -0.140731] ; [1.44382, 1.44535]
[-0.153284, -0.150214] ; [1.44535, 1.44688]
[-0.162709, -0.159631] ; [1.44688, 1.4484]
[-0.172072, -0.168986] ; [1.4484, 1.44992]
[-0.181374, -0.178282] ; [1.44992, 1.45143]
[-0.190619, -0.18752] ; [1.45143, 1.45295]
[-0.199809, -0.196704] ; [1.45295, 1.45446]
[-0.208945, -0.205835] ; [1.45446, 1.45597]
[-0.218031, -0.214915] ; [1.45597, 1.45748]
[-0.227067, -0.223945] ; [1.45748, 1.45899]
[-0.236055, -0.232929] ; [1.45899, 1.4605]
[-0.244996, -0.241866] ; [1.4605, 1.462]
[-0.253893, -0.250758] ; [1.462, 1.46352]
[-0.262746, -0.259607] ; [1.46352, 1.46503]
[-0.271555, -0.268413] ; [1.46503, 1.46654]
[-0.280323, -0.277176] ; [1.46654, 1.46806]
[-0.289049, -0.285898] ; [1.46806, 1.46958]
[-0.297734, -0.29458] ; [1.46958, 1.4711]
[-0.306379, -0.303221] ; [1.4711, 1.47262]
[-0.314985, -0.311822] ; [1.47262, 1.47415]
[-0.323551, -0.320384] ; [1.47415, 1.47568]
[-0.332077, -0.328907] ; [1.47568, 1.47722]
[-0.340564, -0.337391] ; [1.47722, 1.47876]
[-0.349012, -0.345836] ; [1.47876, 1.48031]
[-0.35742, -0.354242] ; [1.48031, 1.48186]
[-0.365789, -0.362609] ; [1.48186, 1.48342]
[-0.374119, -0.370938] ; [1.48342, 1.48498]
[-0.382412, -0.379225] ; [1.48498, 1.48655]
[-0.390666, -0.387474] ; [1.48655, 1.48813]
[-0.398878, -0.395682] ; [1.48813, 1.48971]
[-0.40705, -0.403849] ; [1.48971, 1.4913]
[-0.41518, -0.411976] ; [1.4913, 1.4929]
[-0.423269, -0.420061] ; [1.4929, 1.49451]
[-0.431315, -0.428104] ; [1.49451, 1.49612]
[-0.439319, -0.436105] ; [1.49612, 1.49775]
[-0.447279, -0.444064] ; [1.49775, 1.49938]
[-0.455195, -0.451979] ; [1.49938, 1.50102]
[-0.463067, -0.459849] ; [1.50102, 1.50268]
[-0.470893, -0.467675] ; [1.50268, 1.50434]
[-0.478672, -0.475454] ; [1.50434, 1.50601]
[-0.486405, -0.483187] ; [1.50601, 1.5077]
[-0.494089, -0.490872] ; [1.5077, 1.5094]
[-0.501724, -0.498509] ; [1.5094, 1.5111]
[-0.509308, -0.506095] ; [1.5111, 1.51283]
[-0.516841, -0.513631] ; [1.51283, 1.51456]
[-0.524317, -0.52111] ; [1.51456, 1.51631]
[-0.531735, -0.528532] ; [1.51631, 1.51808]
[-0.539094, -0.535896] ; [1.51808, 1.51985]
[-0.546393, -0.5432] ; [1.51985, 1.52165]
[-0.55363, -0.550443] ; [1.52165, 1.52345]
[-0.560805, -0.557623] ; [1.52345, 1.52528]
[-0.567915, -0.56474] ; [1.52528, 1.52712]
[-0.574959, -0.571791] ; [1.52712, 1.52898]
[-0.581935, -0.578776] ; [1.52898, 1.53086]
[-0.588843, -0.585693] ; [1.53086, 1.53277]
[-0.595681, -0.59254] ; [1.53277, 1.53469]
[-0.602447, -0.599317] ; [1.53469, 1.53664]
[-0.60914, -0.60602] ; [1.53664, 1.53861]
[-0.615741, -0.612632] ; [1.53861, 1.5406]
[-0.622235, -0.619139] ; [1.5406, 1.54262]
[-0.62853, -0.625446] ; [1.54262, 1.54462]
[-0.634568, -0.631497] ; [1.54462, 1.5466]
[-0.64036, -0.637303] ; [1.5466, 1.54854]
[-0.645916, -0.642873] ; [1.54854, 1.55047]
[-0.651242, -0.648213] ; [1.55047, 1.55237]
[-0.656347, -0.653333] ; [1.55237, 1.55424]
[-0.661237, -0.658238] ; [1.55424, 1.55609]
[-0.665919, -0.662935] ; [1.55609, 1.55792]
[-0.6704, -0.667431] ; [1.55792, 1.55973]
[-0.674684, -0.671731] ; [1.55973, 1.56151]
[-0.678779, -0.675841] ; [1.56151, 1.56328]
[-0.682689, -0.679767] ; [1.56328, 1.56502]
[-0.686446, -0.683486] ; [1.56502, 1.56675]
[-0.690028, -0.68703] ; [1.56675, 1.56845]
[-0.69344, -0.690405] ; [1.56845, 1.57014]
[-0.696686, -0.693615] ; [1.57014, 1.57181]
[-0.699771, -0.696664] ; [1.57181, 1.57345]
[-0.702699, -0.699557] ; [1.57345, 1.57508]
[-0.705475, -0.702298] ; [1.57508, 1.57669]
[-0.708112, -0.704902] ; [1.57669, 1.57829]
[-0.710626, -0.707383] ; [1.57829, 1.57989]
[-0.713018, -0.709741] ; [1.57989, 1.58148]
[-0.715287, -0.711978] ; [1.58148, 1.58306]
[-0.717435, -0.714095] ; [1.58306, 1.58465]
[-0.719463, -0.716092] ; [1.58465, 1.58623]
[-0.721372, -0.717969] ; [1.58623, 1.58781]
[-0.723161, -0.719728] ; [1.58781, 1.58939]
[-0.724834, -0.721368] ; [1.58939, 1.59096]
[-0.726389, -0.72289] ; [1.59096, 1.59253]
[-0.727827, -0.724295] ; [1.59253, 1.5941]
[-0.729148, -0.725584] ; [1.5941, 1.59567]
[-0.730353, -0.726758] ; [1.59567, 1.59724]
[-0.731441, -0.727816] ; [1.59724, 1.5988]
[-0.732416, -0.728757] ; [1.5988, 1.60036]
[-0.733276, -0.729583] ; [1.60036, 1.60193]
[-0.734022, -0.730295] ; [1.60193, 1.60349]
[-0.734653, -0.730892] ; [1.60349, 1.60505]
[-0.73517, -0.731375] ; [1.60505, 1.60661]
[-0.735573, -0.731744] ; [1.60661, 1.60817]
[-0.735862, -0.731999] ; [1.60817, 1.60972]
[-0.736038, -0.732141] ; [1.60972, 1.61128]
[-0.7361, -0.732168] ; [1.61128, 1.61284]
[-0.736049, -0.732083] ; [1.61284, 1.6144]
[-0.7359, -0.731867] ; [1.6144, 1.61596]
[-0.735638, -0.731539] ; [1.61596, 1.61752]
[-0.735262, -0.731097] ; [1.61752, 1.61908]
[-0.734772, -0.730542] ; [1.61908, 1.62064]
[-0.734169, -0.729873] ; [1.62064, 1.6222]
[-0.733452, -0.729092] ; [1.6222, 1.62376]
[-0.73262, -0.728196] ; [1.62376, 1.62532]
[-0.731675, -0.727187] ; [1.62532, 1.62689]
[-0.730615, -0.726064] ; [1.62689, 1.62845]
[-0.729441, -0.724826] ; [1.62845, 1.63002]
[-0.728151, -0.723474] ; [1.63002, 1.63159]
[-0.726746, -0.722007] ; [1.63159, 1.63316]
[-0.725226, -0.720424] ; [1.63316, 1.63473]
[-0.723589, -0.718726] ; [1.63473, 1.63631]
[-0.721835, -0.716911] ; [1.63631, 1.63789]
[-0.719964, -0.714979] ; [1.63789, 1.63947]
[-0.717975, -0.71293] ; [1.63947, 1.64105]
[-0.715867, -0.710763] ; [1.64105, 1.64264]
[-0.713641, -0.708477] ; [1.64264, 1.64423]
[-0.711294, -0.706071] ; [1.64423, 1.64583]
[-0.708827, -0.703545] ; [1.64583, 1.64743]
[-0.706239, -0.700898] ; [1.64743, 1.64903]
[-0.703531, -0.698133] ; [1.64903, 1.65064]
[-0.700702, -0.695246] ; [1.65064, 1.65225]
[-0.697752, -0.692239] ; [1.65225, 1.65386]
[-0.694665, -0.689095] ; [1.65386, 1.65549]
[-0.691427, -0.685801] ; [1.65549, 1.65713]
[-0.688036, -0.682353] ; [1.65713, 1.65879]
[-0.684488, -0.678749] ; [1.65879, 1.66046]
[-0.680778, -0.674983] ; [1.66046, 1.66216]
[-0.676904, -0.671052] ; [1.66216, 1.66387]
[-0.67286, -0.666953] ; [1.66387, 1.6656]
[-0.668642, -0.66268] ; [1.6656, 1.66735]
[-0.664247, -0.65823] ; [1.66735, 1.66912]
[-0.65967, -0.653598] ; [1.66912, 1.67091]
[-0.654907, -0.64878] ; [1.67091, 1.67272]
[-0.649952, -0.643771] ; [1.67272, 1.67455]
[-0.644802, -0.638566] ; [1.67455, 1.6764]
[-0.639449, -0.633159] ; [1.6764, 1.67827]
[-0.633888, -0.627545] ; [1.67827, 1.68016]
[-0.628113, -0.621716] ; [1.68016, 1.68208]
[-0.622117, -0.615667] ; [1.68208, 1.68402]
[-0.615892, -0.60939] ; [1.68402, 1.68599]
[-0.609431, -0.602878] ; [1.68599, 1.68798]
[-0.602726, -0.596121] ; [1.68798, 1.69]
[-0.595768, -0.589112] ; [1.69, 1.69204]
[-0.588552, -0.581847] ; [1.69204, 1.69412]
[-0.581069, -0.574315] ; [1.69412, 1.69623]
[-0.573311, -0.566509] ; [1.69623, 1.69836]
[-0.56527, -0.55842] ; [1.69836, 1.70053]
[-0.556936, -0.550038] ; [1.70053, 1.70273]
[-0.548299, -0.541356] ; [1.70273, 1.70497]
[-0.539353, -0.532365] ; [1.70497, 1.70724]
[-0.530088, -0.523056] ; [1.70724, 1.70954]
[-0.520871, -0.513797] ; [1.70954, 1.7118]
[-0.51171, -0.504598] ; [1.7118, 1.71399]
[-0.502593, -0.495445] ; [1.71399, 1.71615]
[-0.493513, -0.486332] ; [1.71615, 1.71826]
[-0.484464, -0.477251] ; [1.71826, 1.72033]
[-0.47544, -0.468196] ; [1.72033, 1.72237]
[-0.466436, -0.459165] ; [1.72237, 1.72437]
[-0.457449, -0.450152] ; [1.72437, 1.72635]
[-0.448476, -0.441154] ; [1.72635, 1.7283]
[-0.439514, -0.432169] ; [1.7283, 1.73023]
[-0.43056, -0.423193] ; [1.73023, 1.73213]
[-0.421611, -0.414226] ; [1.73213, 1.73401]
[-0.412667, -0.405264] ; [1.73401, 1.73587]
[-0.403725, -0.396307] ; [1.73587, 1.73771]
[-0.394783, -0.387351] ; [1.73771, 1.73954]
[-0.38584, -0.378396] ; [1.73954, 1.74135]
[-0.376894, -0.369439] ; [1.74135, 1.74315]
[-0.367943, -0.36048] ; [1.74315, 1.74493]
[-0.358987, -0.351517] ; [1.74493, 1.7467]
[-0.350025, -0.342549] ; [1.7467, 1.74846]
[-0.341054, -0.333575] ; [1.74846, 1.75021]
[-0.332074, -0.324593] ; [1.75021, 1.75195]
[-0.323086, -0.3156] ; [1.75195, 1.75368]
[-0.314087, -0.306597] ; [1.75368, 1.7554]
[-0.305077, -0.297584] ; [1.7554, 1.75711]
[-0.296053, -0.288559] ; [1.75711, 1.75882]
[-0.287015, -0.279522] ; [1.75882, 1.76051]
[-0.277963, -0.270471] ; [1.76051, 1.76221]
[-0.268894, -0.261406] ; [1.76221, 1.7639]
[-0.259809, -0.252326] ; [1.7639, 1.76558]
[-0.250706, -0.243229] ; [1.76558, 1.76726]
[-0.241585, -0.234115] ; [1.76726, 1.76894]
[-0.232444, -0.224984] ; [1.76894, 1.77061]
[-0.223283, -0.215833] ; [1.77061, 1.77228]
[-0.2141, -0.206662] ; [1.77228, 1.77395]
[-0.204896, -0.197472] ; [1.77395, 1.77562]
[-0.19567, -0.18826] ; [1.77562, 1.77729]
[-0.186421, -0.179027] ; [1.77729, 1.77895]
[-0.177148, -0.169771] ; [1.77895, 1.78062]
[-0.167849, -0.160491] ; [1.78062, 1.78229]
[-0.158524, -0.151187] ; [1.78229, 1.78395]
[-0.149172, -0.141856] ; [1.78395, 1.78563]
[-0.139792, -0.132499] ; [1.78563, 1.7873]
[-0.130382, -0.123114] ; [1.7873, 1.78897]
[-0.120942, -0.1137] ; [1.78897, 1.79065]
[-0.111471, -0.104256] ; [1.79065, 1.79233]
[-0.101966, -0.09478] ; [1.79233, 1.79402]
[-0.0924283, -0.085272] ; [1.79402, 1.79571]
[-0.082855, -0.0757303] ; [1.79571, 1.79741]
[-0.0732454, -0.0661537] ; [1.79741, 1.79911]
[-0.0635984, -0.0565412] ; [1.79911, 1.80082]
[-0.0539127, -0.0468915] ; [1.80082, 1.80253]
[-0.0441904, -0.0372063] ; [1.80253, 1.80426]
[-0.0344312, -0.0274843] ; [1.80426, 1.80599]
[-0.0246341, -0.0177257] ; [1.80599, 1.80773]
[-0.0147975, -0.00792914] ; [1.80773, 1.80947]
[-0.00498801, 0.00183913] ; [1.80947, 1.81122]
[0.00474215, 0.0115272] ; [1.81122, 1.81295]
[0.0144062, 0.0211481] ; [1.81295, 1.81468]
[0.0240041, 0.0307019] ; [1.81468, 1.81639]
[0.03354, 0.0401929] ; [1.81639, 1.8181]
[0.0430173, 0.0496242] ; [1.8181, 1.8198]
[0.0524387, 0.0589988] ; [1.8198, 1.82149]
[0.0617711, 0.0683552] ; [1.82149, 1.82318]
[0.0710529, 0.07766] ; [1.82318, 1.82487]
[0.0802762, 0.086905] ; [1.82487, 1.82655]
[0.0894452, 0.0960945] ; [1.82655, 1.82822]
[0.0985616, 0.10523] ; [1.82822, 1.82989]
[0.107628, 0.114315] ; [1.82989, 1.83156]
[0.116645, 0.12335] ; [1.83156, 1.83322]
[0.125608, 0.132329] ; [1.83322, 1.83488]
[0.134518, 0.141254] ; [1.83488, 1.83654]
[0.143375, 0.150126] ; [1.83654, 1.8382]
[0.152183, 0.158946] ; [1.8382, 1.83985]
[0.16094, 0.167717] ; [1.83985, 1.8415]
[0.16965, 0.176439] ; [1.8415, 1.84315]
[0.178312, 0.185114] ; [1.84315, 1.8448]
[0.186929, 0.193741] ; [1.8448, 1.84645]
[0.1955, 0.202323] ; [1.84645, 1.8481]
[0.204026, 0.210859] ; [1.8481, 1.84975]
[0.212509, 0.219351] ; [1.84975, 1.85141]
[0.220949, 0.227799] ; [1.85141, 1.85306]
[0.229345, 0.236204] ; [1.85306, 1.85472]
[0.2377, 0.244566] ; [1.85472, 1.85637]
[0.246013, 0.252885] ; [1.85637, 1.85803]
[0.254284, 0.261162] ; [1.85803, 1.8597]
[0.262514, 0.269397] ; [1.8597, 1.86137]
[0.270702, 0.27759] ; [1.86137, 1.86304]
[0.278849, 0.28574] ; [1.86304, 1.86472]
[0.286955, 0.293849] ; [1.86472, 1.8664]
[0.29502, 0.301916] ; [1.8664, 1.86808]
[0.303042, 0.30994] ; [1.86808, 1.86978]
[0.311023, 0.317922] ; [1.86978, 1.87147]
[0.318962, 0.325861] ; [1.87147, 1.87318]
[0.326858, 0.333757] ; [1.87318, 1.87489]
[0.334701, 0.341618] ; [1.87489, 1.87661]
[0.3425, 0.349436] ; [1.87661, 1.87833]
[0.350253, 0.357208] ; [1.87833, 1.88007]
[0.357957, 0.36493] ; [1.88007, 1.88181]
[0.365612, 0.372603] ; [1.88181, 1.88356]
[0.373217, 0.380226] ; [1.88356, 1.88531]
[0.380749, 0.387819] ; [1.88531, 1.88708]
[0.38823, 0.39536] ; [1.88708, 1.88885]
[0.395651, 0.40284] ; [1.88885, 1.89064]
[0.403011, 0.410258] ; [1.89064, 1.89243]
[0.410312, 0.417615] ; [1.89243, 1.89423]
[0.417551, 0.42491] ; [1.89423, 1.89604]
[0.424729, 0.432143] ; [1.89604, 1.89786]
[0.431844, 0.439312] ; [1.89786, 1.89969]
[0.438897, 0.446417] ; [1.89969, 1.90153]
[0.445886, 0.453457] ; [1.90153, 1.90338]
[0.45281, 0.460432] ; [1.90338, 1.90525]
[0.459669, 0.467339] ; [1.90525, 1.90713]
[0.46646, 0.474179] ; [1.90713, 1.90902]
[0.473183, 0.480948] ; [1.90902, 1.91093]
[0.479835, 0.48765] ; [1.91093, 1.91285]
[0.486416, 0.494279] ; [1.91285, 1.9148]
[0.492847, 0.500758] ; [1.9148, 1.91673]
[0.499111, 0.507066] ; [1.91673, 1.91865]
[0.505208, 0.513206] ; [1.91865, 1.92057]
[0.511138, 0.519177] ; [1.92057, 1.92247]
[0.516902, 0.52498] ; [1.92247, 1.92435]
[0.522501, 0.530616] ; [1.92435, 1.92623]
[0.527935, 0.536087] ; [1.92623, 1.92809]
[0.533206, 0.541392] ; [1.92809, 1.92994]
[0.538315, 0.546533] ; [1.92994, 1.93178]
[0.543264, 0.551513] ; [1.93178, 1.9336]
[0.548053, 0.556331] ; [1.9336, 1.93542]
[0.552683, 0.560991] ; [1.93542, 1.93721]
[0.557157, 0.565494] ; [1.93721, 1.939]
[0.561476, 0.569842] ; [1.939, 1.94077]
[0.565644, 0.574035] ; [1.94077, 1.94253]
[0.569661, 0.578076] ; [1.94253, 1.94427]
[0.573529, 0.581968] ; [1.94427, 1.946]
[0.577251, 0.585712] ; [1.946, 1.94771]
[0.580829, 0.58931] ; [1.94771, 1.94942]
[0.584265, 0.592765] ; [1.94942, 1.9511]
[0.587574, 0.596091] ; [1.9511, 1.95278]
[0.590767, 0.599302] ; [1.95278, 1.95446]
[0.593843, 0.602397] ; [1.95446, 1.95614]
[0.596805, 0.605375] ; [1.95614, 1.95781]
[0.599651, 0.608236] ; [1.95781, 1.95948]
[0.602381, 0.610982] ; [1.95948, 1.96116]
[0.604997, 0.613611] ; [1.96116, 1.96282]
[0.607497, 0.616124] ; [1.96282, 1.96449]
[0.609883, 0.618522] ; [1.96449, 1.96616]
[0.612154, 0.620804] ; [1.96616, 1.96782]
[0.61431, 0.62297] ; [1.96782, 1.96949]
[0.616352, 0.625021] ; [1.96949, 1.97115]
[0.618279, 0.626956] ; [1.97115, 1.97281]
[0.620092, 0.628777] ; [1.97281, 1.97447]
[0.621792, 0.630482] ; [1.97447, 1.97613]
[0.623377, 0.632073] ; [1.97613, 1.97779]
[0.624848, 0.633548] ; [1.97779, 1.97944]
[0.626206, 0.634909] ; [1.97944, 1.9811]
[0.627449, 0.636155] ; [1.9811, 1.98276]
[0.628579, 0.637287] ; [1.98276, 1.98441]
[0.629596, 0.638304] ; [1.98441, 1.98607]
[0.630498, 0.639207] ; [1.98607, 1.98772]
[0.631287, 0.639994] ; [1.98772, 1.98937]
[0.631962, 0.640667] ; [1.98937, 1.99103]
[0.632523, 0.641225] ; [1.99103, 1.99267]
[0.632971, 0.641669] ; [1.99267, 1.99432]
[0.633306, 0.642] ; [1.99432, 1.99597]
[0.633488, 0.642258] ; [1.99597, 1.99761]
[0.633558, 0.642404] ; [1.99761, 1.99926]
[0.633516, 0.642436] ; [1.99926, 2.0009]
[0.633363, 0.642357] ; [2.0009, 2.00254]
[0.633099, 0.642165] ; [2.00254, 2.00418]
[0.632724, 0.641862] ; [2.00418, 2.00582]
[0.632239, 0.641448] ; [2.00582, 2.00746]
[0.631643, 0.640922] ; [2.00746, 2.00909]
[0.630938, 0.640286] ; [2.00909, 2.01073]
[0.630123, 0.639539] ; [2.01073, 2.01237]
[0.629164, 0.638717] ; [2.01237, 2.014]
[0.628097, 0.637783] ; [2.014, 2.01564]
[0.62692, 0.63674] ; [2.01564, 2.01727]
[0.625635, 0.635587] ; [2.01727, 2.01891]
[0.624242, 0.634323] ; [2.01891, 2.02054]
[0.62274, 0.63295] ; [2.02054, 2.02218]
[0.621129, 0.631467] ; [2.02218, 2.02381]
[0.619411, 0.629874] ; [2.02381, 2.02545]
[0.617579, 0.628176] ; [2.02545, 2.02709]
[0.615639, 0.626369] ; [2.02709, 2.02873]
[0.61359, 0.624452] ; [2.02873, 2.03037]
[0.611432, 0.622425] ; [2.03037, 2.03201]
[0.609164, 0.620288] ; [2.03201, 2.03365]
[0.606788, 0.618042] ; [2.03365, 2.0353]
[0.604302, 0.615686] ; [2.0353, 2.03694]
[0.601706, 0.613219] ; [2.03694, 2.03859]
[0.598999, 0.610642] ; [2.03859, 2.04025]
[0.596181, 0.607955] ; [2.04025, 2.0419]
[0.593252, 0.605156] ; [2.0419, 2.04356]
[0.590212, 0.602246] ; [2.04356, 2.04522]
[0.587061, 0.599223] ; [2.04522, 2.04688]
[0.583797, 0.596088] ; [2.04688, 2.04855]
[0.58042, 0.59284] ; [2.04855, 2.05022]
[0.576929, 0.589478] ; [2.05022, 2.05189]
[0.573325, 0.586001] ; [2.05189, 2.05357]
[0.569606, 0.58241] ; [2.05357, 2.05526]
[0.565771, 0.578702] ; [2.05526, 2.05695]
[0.56181, 0.574869] ; [2.05695, 2.05864]
[0.557708, 0.570894] ; [2.05864, 2.06036]
[0.553461, 0.566775] ; [2.06036, 2.06209]
[0.549067, 0.562509] ; [2.06209, 2.06383]
[0.544523, 0.558094] ; [2.06383, 2.06559]
[0.539827, 0.553526] ; [2.06559, 2.06737]
[0.534975, 0.548804] ; [2.06737, 2.06916]
[0.529965, 0.543923] ; [2.06916, 2.07097]
[0.524793, 0.538881] ; [2.07097, 2.0728]
[0.519457, 0.533675] ; [2.0728, 2.07465]
[0.513954, 0.528302] ; [2.07465, 2.07651]
[0.508281, 0.522759] ; [2.07651, 2.07839]
[0.502434, 0.517043] ; [2.07839, 2.08029]
[0.496413, 0.511153] ; [2.08029, 2.08221]
[0.490213, 0.505084] ; [2.08221, 2.08415]
[0.483944, 0.498945] ; [2.08415, 2.08607]
[0.477649, 0.492776] ; [2.08607, 2.08797]
[0.471327, 0.486581] ; [2.08797, 2.08984]
[0.465001, 0.480381] ; [2.08984, 2.09168]
[0.45867, 0.474177] ; [2.09168, 2.09349]
[0.452336, 0.467966] ; [2.09349, 2.09528]
[0.445999, 0.46175] ; [2.09528, 2.09705]
[0.439659, 0.455529] ; [2.09705, 2.09879]
[0.433316, 0.449303] ; [2.09879, 2.1005]
[0.426971, 0.443072] ; [2.1005, 2.1022]
[0.420624, 0.436837] ; [2.1022, 2.10388]
[0.414274, 0.430598] ; [2.10388, 2.10554]
[0.407922, 0.424355] ; [2.10554, 2.10718]
[0.401569, 0.418108] ; [2.10718, 2.1088]
[0.395214, 0.411858] ; [2.1088, 2.11041]
[0.388857, 0.405605] ; [2.11041, 2.112]
[0.382499, 0.399349] ; [2.112, 2.11358]
[0.37614, 0.393091] ; [2.11358, 2.11514]
[0.36978, 0.38683] ; [2.11514, 2.11669]
[0.36342, 0.380568] ; [2.11669, 2.11823]
[0.357059, 0.374302] ; [2.11823, 2.11975]
[0.350712, 0.368045] ; [2.11975, 2.12126]
[0.344374, 0.361795] ; [2.12126, 2.12276]
[0.338043, 0.355549] ; [2.12276, 2.12424]
[0.331718, 0.349305] ; [2.12424, 2.12571]
[0.325398, 0.343063] ; [2.12571, 2.12717]
[0.319081, 0.336822] ; [2.12717, 2.12862]
[0.312766, 0.330579] ; [2.12862, 2.13007]
[0.306453, 0.324335] ; [2.13007, 2.1315]
[0.300139, 0.318089] ; [2.1315, 2.13292]
[0.293826, 0.311839] ; [2.13292, 2.13434]
[0.287511, 0.305586] ; [2.13434, 2.13575]
[0.281195, 0.299328] ; [2.13575, 2.13715]
[0.274876, 0.293065] ; [2.13715, 2.13854]
[0.268554, 0.286796] ; [2.13854, 2.13993]
[0.262228, 0.280522] ; [2.13993, 2.14132]
[0.255899, 0.27424] ; [2.14132, 2.1427]
[0.249564, 0.267952] ; [2.1427, 2.14407]
[0.243225, 0.261656] ; [2.14407, 2.14544]
[0.236881, 0.255353] ; [2.14544, 2.14681]
[0.230531, 0.249041] ; [2.14681, 2.14817]
[0.224176, 0.242722] ; [2.14817, 2.14953]
[0.217816, 0.236395] ; [2.14953, 2.15089]
[0.21145, 0.230061] ; [2.15089, 2.15224]
[0.20508, 0.223719] ; [2.15224, 2.15359]
[0.198704, 0.21737] ; [2.15359, 2.15493]
[0.192325, 0.211016] ; [2.15493, 2.15627]
[0.185944, 0.204657] ; [2.15627, 2.15761]
[0.17956, 0.198292] ; [2.15761, 2.15895]
[0.173173, 0.191923] ; [2.15895, 2.16029]
[0.166784, 0.185548] ; [2.16029, 2.16162]
[0.160391, 0.179168] ; [2.16162, 2.16295]
[0.153995, 0.172783] ; [2.16295, 2.16428]
[0.147596, 0.166392] ; [2.16428, 2.1656]
[0.141194, 0.159996] ; [2.1656, 2.16693]
[0.134788, 0.153594] ; [2.16693, 2.16825]
[0.128378, 0.147186] ; [2.16825, 2.16958]
[0.121965, 0.140772] ; [2.16958, 2.1709]
[0.115547, 0.134351] ; [2.1709, 2.17222]
[0.109124, 0.127924] ; [2.17222, 2.17354]
[0.102698, 0.121491] ; [2.17354, 2.17486]
[0.0962671, 0.115052] ; [2.17486, 2.17618]
[0.0898322, 0.108607] ; [2.17618, 2.1775]
[0.0833927, 0.102156] ; [2.1775, 2.17882]
[0.0769478, 0.0956986] ; [2.17882, 2.18014]
[0.0704969, 0.089233] ; [2.18014, 2.18147]
[0.0640393, 0.0827591] ; [2.18147, 2.18279]
[0.0575744, 0.0762764] ; [2.18279, 2.18411]
[0.0511022, 0.0697847] ; [2.18411, 2.18544]
[0.0446223, 0.0632837] ; [2.18544, 2.18677]
[0.0381351, 0.0567737] ; [2.18677, 2.1881]
[0.0316403, 0.0502546] ; [2.1881, 2.18943]
[0.0251376, 0.0437259] ; [2.18943, 2.19077]
[0.0186267, 0.0371874] ; [2.19077, 2.1921]
[0.012108, 0.0306395] ; [2.1921, 2.19344]
[0.00558151, 0.0240821] ; [2.19344, 2.19479]
[-0.000953217, 0.0175148] ; [2.19479, 2.19613]
[-0.0074965, 0.0109373] ; [2.19613, 2.19748]
[-0.0140474, 0.0043505] ; [2.19748, 2.19884]
[-0.0205719, -0.00221155] ; [2.19884, 2.20019]
[-0.0270718, -0.00875045] ; [2.20019, 2.20153]
[-0.0335476, -0.0152668] ; [2.20153, 2.20288]
[-0.0400001, -0.0217613] ; [2.20288, 2.20422]
[-0.0464298, -0.0282346] ; [2.20422, 2.20556]
[-0.0528374, -0.0346873] ; [2.20556, 2.2069]
[-0.0592235, -0.0411201] ; [2.2069, 2.20823]
[-0.0655888, -0.0475335] ; [2.20823, 2.20957]
[-0.0719337, -0.053928] ; [2.20957, 2.2109]
[-0.0782587, -0.0603042] ; [2.2109, 2.21224]
[-0.0845645, -0.0666626] ; [2.21224, 2.21357]
[-0.0908514, -0.0730037] ; [2.21357, 2.2149]
[-0.09712, -0.0793279] ; [2.2149, 2.21624]
[-0.103371, -0.0856357] ; [2.21624, 2.21757]
[-0.109604, -0.0919274] ; [2.21757, 2.2189]
[-0.11582, -0.0982035] ; [2.2189, 2.22024]
[-0.122019, -0.104464] ; [2.22024, 2.22157]
[-0.128192, -0.110701] ; [2.22157, 2.22291]
[-0.134339, -0.116912] ; [2.22291, 2.22424]
[-0.140459, -0.123099] ; [2.22424, 2.22558]
[-0.146555, -0.129262] ; [2.22558, 2.22691]
[-0.152624, -0.135402] ; [2.22691, 2.22824]
[-0.158671, -0.141516] ; [2.22824, 2.22958]
[-0.164693, -0.147606] ; [2.22958, 2.23091]
[-0.17069, -0.153673] ; [2.23091, 2.23225]
[-0.176663, -0.159716] ; [2.23225, 2.23358]
[-0.182611, -0.165737] ; [2.23358, 2.23492]
[-0.188536, -0.171733] ; [2.23492, 2.23626]
[-0.194436, -0.177707] ; [2.23626, 2.2376]
[-0.200312, -0.183657] ; [2.2376, 2.23894]
[-0.206164, -0.189583] ; [2.23894, 2.24028]
[-0.211992, -0.195485] ; [2.24028, 2.24162]
[-0.217796, -0.201364] ; [2.24162, 2.24297]
[-0.223575, -0.207218] ; [2.24297, 2.24432]
[-0.22933, -0.213049] ; [2.24432, 2.24567]
[-0.23506, -0.218855] ; [2.24567, 2.24702]
[-0.240765, -0.224637] ; [2.24702, 2.24838]
[-0.246445, -0.230395] ; [2.24838, 2.24973]
[-0.252099, -0.236128] ; [2.24973, 2.25109]
[-0.257728, -0.241836] ; [2.25109, 2.25246]
[-0.263331, -0.247518] ; [2.25246, 2.25382]
[-0.268906, -0.253175] ; [2.25382, 2.25519]
[-0.274457, -0.258802] ; [2.25519, 2.25657]
[-0.279979, -0.264402] ; [2.25657, 2.25794]
[-0.285472, -0.269973] ; [2.25794, 2.25932]
[-0.290936, -0.275512] ; [2.25932, 2.26071]
[-0.296368, -0.281021] ; [2.26071, 2.26209]
[-0.30177, -0.286497] ; [2.26209, 2.26348]
[-0.307139, -0.29194] ; [2.26348, 2.26487]
[-0.312475, -0.297349] ; [2.26487, 2.26627]
[-0.317777, -0.302723] ; [2.26627, 2.26767]
[-0.323045, -0.308062] ; [2.26767, 2.26907]
[-0.328275, -0.313363] ; [2.26907, 2.27048]
[-0.333468, -0.318625] ; [2.27048, 2.27188]
[-0.338621, -0.323847] ; [2.27188, 2.27329]
[-0.343917, -0.328844] ; [2.27329, 2.27471]
[-0.34917, -0.333799] ; [2.27471, 2.27612]
[-0.354349, -0.338684] ; [2.27612, 2.27753]
[-0.35946, -0.343504] ; [2.27753, 2.27894]
[-0.364504, -0.34826] ; [2.27894, 2.28034]
[-0.369482, -0.352954] ; [2.28034, 2.28174]
[-0.374397, -0.357587] ; [2.28174, 2.28314]
[-0.37925, -0.36216] ; [2.28314, 2.28454]
[-0.384041, -0.366675] ; [2.28454, 2.28593]
[-0.388772, -0.371133] ; [2.28593, 2.28732]
[-0.393442, -0.375533] ; [2.28732, 2.28871]
[-0.398054, -0.379876] ; [2.28871, 2.2901]
[-0.402607, -0.384164] ; [2.2901, 2.29149]
[-0.407102, -0.388396] ; [2.29149, 2.29288]
[-0.411539, -0.392572] ; [2.29288, 2.29427]
[-0.415919, -0.396693] ; [2.29427, 2.29566]
[-0.42024, -0.400759] ; [2.29566, 2.29705]
[-0.424504, -0.40477] ; [2.29705, 2.29844]
[-0.428711, -0.408725] ; [2.29844, 2.29983]
[-0.43286, -0.412625] ; [2.29983, 2.30122]
[-0.436951, -0.41647] ; [2.30122, 2.30261]
[-0.440984, -0.42026] ; [2.30261, 2.304]
[-0.444959, -0.423994] ; [2.304, 2.3054]
[-0.448876, -0.427671] ; [2.3054, 2.30679]
[-0.452735, -0.431293] ; [2.30679, 2.30819]
[-0.456535, -0.434859] ; [2.30819, 2.30959]
[-0.460275, -0.438367] ; [2.30959, 2.31099]
[-0.463956, -0.441819] ; [2.31099, 2.31239]
[-0.467577, -0.445212] ; [2.31239, 2.31379]
[-0.471137, -0.448548] ; [2.31379, 2.3152]
[-0.474637, -0.451826] ; [2.3152, 2.31661]
[-0.478076, -0.455045] ; [2.31661, 2.31802]
[-0.481467, -0.458217] ; [2.31802, 2.31944]
[-0.48481, -0.461343] ; [2.31944, 2.32086]
[-0.488103, -0.46442] ; [2.32086, 2.3223]
[-0.491345, -0.467448] ; [2.3223, 2.32374]
[-0.494536, -0.470426] ; [2.32374, 2.32519]
[-0.497675, -0.473353] ; [2.32519, 2.32666]
[-0.500759, -0.476227] ; [2.32666, 2.32813]
[-0.503789, -0.479048] ; [2.32813, 2.32961]
[-0.506762, -0.481814] ; [2.32961, 2.3311]
[-0.509665, -0.484512] ; [2.3311, 2.3326]
[-0.512492, -0.487138] ; [2.3326, 2.33409]
[-0.515243, -0.48969] ; [2.33409, 2.33559]
[-0.517918, -0.492169] ; [2.33559, 2.33709]
[-0.520516, -0.494574] ; [2.33709, 2.33859]
[-0.523036, -0.496903] ; [2.33859, 2.3401]
[-0.525476, -0.499156] ; [2.3401, 2.3416]
[-0.527838, -0.501334] ; [2.3416, 2.3431]
[-0.53012, -0.503435] ; [2.3431, 2.34461]
[-0.532322, -0.505459] ; [2.34461, 2.34612]
[-0.534445, -0.507406] ; [2.34612, 2.34763]
[-0.536486, -0.509276] ; [2.34763, 2.34914]
[-0.538447, -0.511067] ; [2.34914, 2.35065]
[-0.540326, -0.512781] ; [2.35065, 2.35216]
[-0.542124, -0.514416] ; [2.35216, 2.35368]
[-0.54384, -0.515972] ; [2.35368, 2.3552]
[-0.545474, -0.517449] ; [2.3552, 2.35671]
[-0.547025, -0.518845] ; [2.35671, 2.35823]
[-0.548494, -0.52016] ; [2.35823, 2.35976]
[-0.54988, -0.521395] ; [2.35976, 2.36128]
[-0.551182, -0.522549] ; [2.36128, 2.3628]
[-0.5524, -0.52362] ; [2.3628, 2.36433]
[-0.553534, -0.52461] ; [2.36433, 2.36586]
[-0.554584, -0.525518] ; [2.36586, 2.36739]
[-0.555549, -0.526342] ; [2.36739, 2.36892]
[-0.556428, -0.527084] ; [2.36892, 2.37045]
[-0.557223, -0.527743] ; [2.37045, 2.37199]
[-0.557931, -0.528317] ; [2.37199, 2.37353]
[-0.558553, -0.528808] ; [2.37353, 2.37506]
[-0.559089, -0.529215] ; [2.37506, 2.37661]
[-0.559537, -0.529537] ; [2.37661, 2.37815]
[-0.559898, -0.529775] ; [2.37815, 2.37969]
[-0.560173, -0.529926] ; [2.37969, 2.38124]
[-0.560361, -0.529991] ; [2.38124, 2.38279]
[-0.560461, -0.52997] ; [2.38279, 2.38434]
[-0.560473, -0.529863] ; [2.38434, 2.3859]
[-0.560396, -0.529669] ; [2.3859, 2.38745]
[-0.56023, -0.529389] ; [2.38745, 2.38901]
[-0.559974, -0.529023] ; [2.38901, 2.39057]
[-0.559628, -0.528572] ; [2.39057, 2.39213]
[-0.5592, -0.528025] ; [2.39213, 2.39369]
[-0.558682, -0.527392] ; [2.39369, 2.39526]
[-0.558074, -0.526673] ; [2.39526, 2.39682]
[-0.557375, -0.525868] ; [2.39682, 2.39839]
[-0.556585, -0.524976] ; [2.39839, 2.39996]
[-0.555704, -0.523997] ; [2.39996, 2.40153]
[-0.554732, -0.522932] ; [2.40153, 2.4031]
[-0.553669, -0.52178] ; [2.4031, 2.40467]
[-0.552514, -0.520541] ; [2.40467, 2.40625]
[-0.551267, -0.519214] ; [2.40625, 2.40783]
[-0.549929, -0.5178] ; [2.40783, 2.40941]
[-0.548499, -0.516299] ; [2.40941, 2.41099]
[-0.546977, -0.51471] ; [2.41099, 2.41258]
[-0.545362, -0.513034] ; [2.41258, 2.41417]
[-0.543655, -0.51127] ; [2.41417, 2.41576]
[-0.541856, -0.509418] ; [2.41576, 2.41735]
[-0.539964, -0.507478] ; [2.41735, 2.41894]
[-0.53798, -0.505451] ; [2.41894, 2.42054]
[-0.535905, -0.503337] ; [2.42054, 2.42214]
[-0.533741, -0.50114] ; [2.42214, 2.42374]
[-0.53149, -0.49886] ; [2.42374, 2.42533]
[-0.529152, -0.496497] ; [2.42533, 2.42693]
[-0.526728, -0.494054] ; [2.42693, 2.42852]
[-0.524219, -0.49153] ; [2.42852, 2.43012]
[-0.521625, -0.488926] ; [2.43012, 2.43171]
[-0.518948, -0.486243] ; [2.43171, 2.4333]
[-0.516188, -0.483482] ; [2.4333, 2.43489]
[-0.513346, -0.480643] ; [2.43489, 2.43648]
[-0.510423, -0.477728] ; [2.43648, 2.43807]
[-0.507419, -0.474737] ; [2.43807, 2.43965]
[-0.504336, -0.471671] ; [2.43965, 2.44124]
[-0.501174, -0.468531] ; [2.44124, 2.44282]
[-0.497935, -0.465318] ; [2.44282, 2.4444]
[-0.494619, -0.462032] ; [2.4444, 2.44598]
[-0.491228, -0.458675] ; [2.44598, 2.44756]
[-0.487762, -0.455249] ; [2.44756, 2.44913]
[-0.484223, -0.451752] ; [2.44913, 2.45071]
[-0.480612, -0.448189] ; [2.45071, 2.45228]
[-0.47693, -0.444559] ; [2.45228, 2.45385]
[-0.473179, -0.440864] ; [2.45385, 2.45542]
[-0.46936, -0.437104] ; [2.45542, 2.45698]
[-0.465474, -0.433282] ; [2.45698, 2.45854]
[-0.461522, -0.429399] ; [2.45854, 2.4601]
[-0.457499, -0.425447] ; [2.4601, 2.46166]
[-0.453408, -0.421408] ; [2.46166, 2.46322]
[-0.449244, -0.417298] ; [2.46322, 2.46479]
[-0.445037, -0.41315] ; [2.46479, 2.46634]
[-0.440786, -0.408961] ; [2.46634, 2.46788]
[-0.436499, -0.404728] ; [2.46788, 2.46942]
[-0.432344, -0.400287] ; [2.46942, 2.47095]
[-0.428149, -0.395809] ; [2.47095, 2.47247]
[-0.423924, -0.391304] ; [2.47247, 2.47398]
[-0.419669, -0.386771] ; [2.47398, 2.47547]
[-0.415386, -0.382213] ; [2.47547, 2.47696]
[-0.411078, -0.37763] ; [2.47696, 2.47844]
[-0.406752, -0.373029] ; [2.47844, 2.4799]
[-0.402409, -0.36841] ; [2.4799, 2.48136]
[-0.398048, -0.363773] ; [2.48136, 2.4828]
[-0.39367, -0.359118] ; [2.4828, 2.48423]
[-0.389276, -0.354447] ; [2.48423, 2.48566]
[-0.384866, -0.349759] ; [2.48566, 2.48707]
[-0.380441, -0.345056] ; [2.48707, 2.48847]
[-0.376, -0.340337] ; [2.48847, 2.48987]
[-0.371546, -0.335603] ; [2.48987, 2.49126]
[-0.367077, -0.330855] ; [2.49126, 2.49263]
[-0.362595, -0.326093] ; [2.49263, 2.494]
[-0.3581, -0.321317] ; [2.494, 2.49537]
[-0.353703, -0.316419] ; [2.49537, 2.49672]
[-0.349291, -0.311512] ; [2.49672, 2.49807]
[-0.344873, -0.306608] ; [2.49807, 2.4994]
[-0.34045, -0.301706] ; [2.4994, 2.50073]
[-0.336023, -0.296802] ; [2.50073, 2.50205]
[-0.331588, -0.291898] ; [2.50205, 2.50336]
[-0.327146, -0.286994] ; [2.50336, 2.50466]
[-0.322695, -0.282088] ; [2.50466, 2.50595]
[-0.318238, -0.277178] ; [2.50595, 2.50724]
[-0.313773, -0.272265] ; [2.50724, 2.50852]
[-0.309298, -0.26735] ; [2.50852, 2.5098]
[-0.304816, -0.26243] ; [2.5098, 2.51107]
[-0.300325, -0.257506] ; [2.51107, 2.51233]
[-0.295825, -0.252577] ; [2.51233, 2.51359]
[-0.291317, -0.247646] ; [2.51359, 2.51484]
[-0.286803, -0.242713] ; [2.51484, 2.51609]
[-0.282282, -0.237779] ; [2.51609, 2.51733]
[-0.277757, -0.232845] ; [2.51733, 2.51857]
[-0.273228, -0.227912] ; [2.51857, 2.5198]
[-0.268696, -0.222981] ; [2.5198, 2.52102]
[-0.264161, -0.218052] ; [2.52102, 2.52224]
[-0.259624, -0.213127] ; [2.52224, 2.52345]
[-0.255084, -0.208206] ; [2.52345, 2.52466]
[-0.250543, -0.20329] ; [2.52466, 2.52587]
[-0.246004, -0.198376] ; [2.52587, 2.52707]
[-0.241465, -0.193468] ; [2.52707, 2.52826]
[-0.236926, -0.188564] ; [2.52826, 2.52945]
[-0.232388, -0.183666] ; [2.52945, 2.53063]
[-0.227851, -0.178773] ; [2.53063, 2.53181]
[-0.223315, -0.173886] ; [2.53181, 2.53298]
[-0.218781, -0.169005] ; [2.53298, 2.53415]
[-0.214248, -0.16413] ; [2.53415, 2.53532]
[-0.209717, -0.159261] ; [2.53532, 2.53648]
[-0.205187, -0.154399] ; [2.53648, 2.53763]
[-0.20066, -0.149543] ; [2.53763, 2.53879]
[-0.196135, -0.144694] ; [2.53879, 2.53994]
[-0.191612, -0.139852] ; [2.53994, 2.54108]
[-0.187091, -0.135018] ; [2.54108, 2.54222]
[-0.182574, -0.13019] ; [2.54222, 2.54336]
[-0.178061, -0.125369] ; [2.54336, 2.54449]
[-0.17355, -0.120554] ; [2.54449, 2.54562]
[-0.169042, -0.115747] ; [2.54562, 2.54675]
[-0.164536, -0.110947] ; [2.54675, 2.54787]
[-0.160034, -0.106153] ; [2.54787, 2.54899]
[-0.155535, -0.101367] ; [2.54899, 2.5501]
[-0.15104, -0.096588] ; [2.5501, 2.55122]
[-0.146547, -0.091816] ; [2.55122, 2.55233]
[-0.142058, -0.0870511] ; [2.55233, 2.55344]
[-0.137571, -0.0822941] ; [2.55344, 2.55454]
[-0.133089, -0.0775436] ; [2.55454, 2.55565]
[-0.12861, -0.0728003] ; [2.55565, 2.55675]
[-0.124135, -0.0680641] ; [2.55675, 2.55785]
[-0.119663, -0.0633351] ; [2.55785, 2.55894]
[-0.115195, -0.0586131] ; [2.55894, 2.56004]
[-0.11073, -0.0538981] ; [2.56004, 2.56113]
[-0.106269, -0.0491901] ; [2.56113, 2.56222]
[-0.101811, -0.0444896] ; [2.56222, 2.56331]
[-0.0973579, -0.0397965] ; [2.56331, 2.56439]
[-0.0929087, -0.0351109] ; [2.56439, 2.56548]
[-0.0884634, -0.0304327] ; [2.56548, 2.56656]
[-0.0840223, -0.0257619] ; [2.56656, 2.56764]
[-0.0795852, -0.0210985] ; [2.56764, 2.56872]
[-0.0751522, -0.0164425] ; [2.56872, 2.5698]
[-0.0707232, -0.0117938] ; [2.5698, 2.57088]
[-0.0662985, -0.00715257] ; [2.57088, 2.57195]
[-0.0618779, -0.00251869] ; [2.57195, 2.57303]
[-0.0574615, 0.00210783] ; [2.57303, 2.5741]
[-0.0530493, 0.00672699] ; [2.5741, 2.57518]
[-0.0486414, 0.0113387] ; [2.57518, 2.57625]
[-0.0442378, 0.015943] ; [2.57625, 2.57732]
[-0.0398385, 0.0205398] ; [2.57732, 2.57839]
[-0.0354435, 0.0251291] ; [2.57839, 2.57946]
[-0.0310527, 0.0297109] ; [2.57946, 2.58053]
[-0.0266677, 0.034282] ; [2.58053, 2.5816]
[-0.022291, 0.0388396] ; [2.5816, 2.58266]
[-0.0179251, 0.0433813] ; [2.58266, 2.58373]
[-0.0135698, 0.0479074] ; [2.58373, 2.58479]
[-0.00922502, 0.0524179] ; [2.58479, 2.58585]
[-0.00489074, 0.0569129] ; [2.58585, 2.58691]
[-0.000566976, 0.0613925] ; [2.58691, 2.58797]
[0.00374631, 0.0658569] ; [2.58797, 2.58902]
[0.00804916, 0.0703062] ; [2.58902, 2.59008]
[0.0123416, 0.0747403] ; [2.59008, 2.59113]
[0.0166155, 0.0791677] ; [2.59113, 2.59218]
[0.0208791, 0.0835802] ; [2.59218, 2.59323]
[0.0251307, 0.0879789] ; [2.59323, 2.59428]
[0.0293712, 0.0923631] ; [2.59428, 2.59533]
[0.0336004, 0.0967329] ; [2.59533, 2.59637]
[0.0378183, 0.101088] ; [2.59637, 2.59742]
[0.0420257, 0.105429] ; [2.59742, 2.59846]
[0.0462211, 0.109755] ; [2.59846, 2.59951]
[0.0504052, 0.114068] ; [2.59951, 2.60055]
[0.0545781, 0.118366] ; [2.60055, 2.60159]
[0.0587396, 0.12265] ; [2.60159, 2.60263]
[0.0628899, 0.12692] ; [2.60263, 2.60367]
[0.0670288, 0.131176] ; [2.60367, 2.60471]
[0.0711563, 0.135418] ; [2.60471, 2.60575]
[0.0752725, 0.139645] ; [2.60575, 2.60679]
[0.0793764, 0.143857] ; [2.60679, 2.60783]
[0.083466, 0.148052] ; [2.60783, 2.60887]
[0.0875413, 0.152231] ; [2.60887, 2.60991]
[0.0916022, 0.156392] ; [2.60991, 2.61094]
[0.0956488, 0.160536] ; [2.61094, 2.61198]
[0.0996811, 0.164663] ; [2.61198, 2.61301]
[0.103699, 0.168773] ; [2.61301, 2.61405]
[0.107703, 0.172866] ; [2.61405, 2.61508]
[0.111692, 0.176942] ; [2.61508, 2.61611]
[0.115667, 0.181002] ; [2.61611, 2.61714]
[0.119628, 0.185044] ; [2.61714, 2.61818]
[0.123574, 0.18907] ; [2.61818, 2.61921]
[0.127506, 0.193078] ; [2.61921, 2.62024]
[0.131423, 0.19707] ; [2.62024, 2.62127]
[0.135326, 0.201045] ; [2.62127, 2.6223]
[0.139214, 0.205003] ; [2.6223, 2.62333]
[0.142956, 0.209076] ; [2.62333, 2.62437]
[0.14659, 0.213225] ; [2.62437, 2.6254]
[0.150208, 0.217353] ; [2.6254, 2.62643]
[0.153803, 0.221452] ; [2.62643, 2.62746]
[0.157376, 0.225522] ; [2.62746, 2.62848]
[0.160927, 0.229565] ; [2.62848, 2.62951]
[0.164456, 0.23358] ; [2.62951, 2.63053]
[0.167963, 0.237568] ; [2.63053, 2.63155]
[0.171449, 0.241529] ; [2.63155, 2.63257]
[0.174913, 0.245463] ; [2.63257, 2.63358]
[0.178357, 0.249371] ; [2.63358, 2.6346]
[0.181779, 0.253252] ; [2.6346, 2.63561]
[0.185181, 0.257106] ; [2.63561, 2.63662]
[0.188562, 0.260935] ; [2.63662, 2.63763]
[0.191923, 0.264738] ; [2.63763, 2.63864]
[0.195263, 0.268515] ; [2.63864, 2.63965]
[0.198583, 0.272266] ; [2.63965, 2.64066]
[0.201882, 0.275992] ; [2.64066, 2.64166]
[0.205161, 0.279693] ; [2.64166, 2.64267]
[0.208421, 0.283368] ; [2.64267, 2.64367]
[0.21166, 0.287018] ; [2.64367, 2.64467]
[0.214879, 0.290643] ; [2.64467, 2.64567]
[0.218078, 0.294243] ; [2.64567, 2.64667]
[0.221257, 0.297818] ; [2.64667, 2.64767]
[0.224416, 0.301368] ; [2.64767, 2.64867]
[0.227555, 0.304893] ; [2.64867, 2.64967]
[0.230674, 0.308393] ; [2.64967, 2.65067]
[0.233773, 0.311868] ; [2.65067, 2.65167]
[0.236826, 0.315344] ; [2.65167, 2.65267]
[0.239859, 0.318796] ; [2.65267, 2.65366]
[0.242871, 0.322221] ; [2.65366, 2.65466]
[0.245862, 0.325621] ; [2.65466, 2.65566]
[0.248832, 0.328994] ; [2.65566, 2.65665]
[0.251782, 0.332342] ; [2.65665, 2.65765]
[0.254711, 0.335664] ; [2.65765, 2.65864]
[0.257618, 0.33896] ; [2.65864, 2.65964]
[0.260505, 0.34223] ; [2.65964, 2.66063]
[0.263371, 0.345474] ; [2.66063, 2.66163]
[0.266216, 0.348692] ; [2.66163, 2.66262]
[0.26904, 0.351884] ; [2.66262, 2.66361]
[0.271842, 0.35505] ; [2.66361, 2.6646]
[0.274623, 0.35819] ; [2.6646, 2.6656]
[0.277383, 0.361304] ; [2.6656, 2.66659]
[0.280122, 0.364391] ; [2.66659, 2.66758]
[0.282839, 0.367452] ; [2.66758, 2.66858]
[0.285535, 0.370487] ; [2.66858, 2.66957]
[0.288208, 0.373495] ; [2.66957, 2.67056]
[0.290861, 0.376476] ; [2.67056, 2.67155]
[0.293491, 0.379431] ; [2.67155, 2.67255]
[0.296099, 0.382359] ; [2.67255, 2.67354]
[0.298666, 0.38528] ; [2.67354, 2.67453]
[0.30121, 0.388174] ; [2.67453, 2.67552]
[0.303732, 0.39104] ; [2.67552, 2.67652]
[0.30623, 0.393879] ; [2.67652, 2.67751]
[0.308706, 0.396689] ; [2.67751, 2.6785]
[0.311159, 0.399472] ; [2.6785, 2.6795]
[0.31359, 0.402228] ; [2.6795, 2.68049]
[0.316003, 0.404962] ; [2.68049, 2.68148]
[0.318399, 0.407674] ; [2.68148, 2.68248]
[0.320776, 0.410364] ; [2.68248, 2.68348]
[0.323135, 0.413031] ; [2.68348, 2.68449]
[0.325475, 0.415675] ; [2.68449, 2.68549]
[0.327796, 0.418295] ; [2.68549, 2.6865]
[0.330097, 0.420891] ; [2.6865, 2.68751]
[0.332378, 0.423463] ; [2.68751, 2.68852]
[0.334626, 0.426024] ; [2.68852, 2.68954]
[0.336853, 0.42856] ; [2.68954, 2.69055]
[0.33906, 0.431071] ; [2.69055, 2.69157]
[0.341245, 0.433556] ; [2.69157, 2.69259]
[0.34341, 0.436016] ; [2.69259, 2.69362]
[0.345553, 0.438449] ; [2.69362, 2.69464]
[0.347675, 0.440857] ; [2.69464, 2.69567]
[0.349774, 0.443237] ; [2.69567, 2.69671]
[0.351851, 0.445591] ; [2.69671, 2.69774]
[0.353906, 0.447918] ; [2.69774, 2.69878]
[0.355929, 0.450227] ; [2.69878, 2.69982]
[0.357929, 0.452507] ; [2.69982, 2.70086]
[0.359906, 0.45476] ; [2.70086, 2.70191]
[0.361857, 0.456986] ; [2.70191, 2.70295]
[0.363785, 0.459182] ; [2.70295, 2.704]
[0.365687, 0.46135] ; [2.704, 2.70506]
[0.367563, 0.463488] ; [2.70506, 2.70611]
[0.369409, 0.465599] ; [2.70611, 2.70717]
[0.371229, 0.467679] ; [2.70717, 2.70823]
[0.37302, 0.469728] ; [2.70823, 2.7093]
[0.374783, 0.471747] ; [2.7093, 2.71036]
[0.376517, 0.473734] ; [2.71036, 2.71143]
[0.378223, 0.475689] ; [2.71143, 2.7125]
[0.3799, 0.477612] ; [2.7125, 2.71357]
[0.381548, 0.479503] ; [2.71357, 2.71464]
[0.383167, 0.481361] ; [2.71464, 2.71572]
[0.384756, 0.483187] ; [2.71572, 2.71679]
[0.386315, 0.484979] ; [2.71679, 2.71787]
[0.387843, 0.486737] ; [2.71787, 2.71896]
[0.389341, 0.488461] ; [2.71896, 2.72004]
[0.390808, 0.490151] ; [2.72004, 2.72113]
[0.392244, 0.491807] ; [2.72113, 2.72222]
[0.393648, 0.493427] ; [2.72222, 2.72331]
[0.39502, 0.495013] ; [2.72331, 2.72441]
[0.396359, 0.496564] ; [2.72441, 2.7255]
[0.397665, 0.498079] ; [2.7255, 2.7266]
[0.398938, 0.499558] ; [2.7266, 2.7277]
[0.400178, 0.501001] ; [2.7277, 2.7288]
[0.401384, 0.502408] ; [2.7288, 2.72991]
[0.402555, 0.503778] ; [2.72991, 2.73102]
[0.403692, 0.505111] ; [2.73102, 2.73213]
[0.404794, 0.506406] ; [2.73213, 2.73324]
[0.40586, 0.507663] ; [2.73324, 2.73435]
[0.406649, 0.509121] ; [2.73435, 2.73547]
[0.407403, 0.510538] ; [2.73547, 2.73658]
[0.408116, 0.511917] ; [2.73658, 2.7377]
[0.408793, 0.513253] ; [2.7377, 2.73881]
[0.40943, 0.51455] ; [2.73881, 2.73993]
[0.410028, 0.515807] ; [2.73993, 2.74104]
[0.410587, 0.517023] ; [2.74104, 2.74216]
[0.411108, 0.518198] ; [2.74216, 2.74327]
[0.41159, 0.519332] ; [2.74327, 2.74438]
[0.412034, 0.520425] ; [2.74438, 2.74549]
[0.412439, 0.521476] ; [2.74549, 2.7466]
[0.412806, 0.522487] ; [2.7466, 2.74771]
[0.413137, 0.523454] ; [2.74771, 2.74882]
[0.413428, 0.524383] ; [2.74882, 2.74993]
[0.41368, 0.525271] ; [2.74993, 2.75103]
[0.413894, 0.526118] ; [2.75103, 2.75214]
[0.414071, 0.526923] ; [2.75214, 2.75324]
[0.414209, 0.527688] ; [2.75324, 2.75434]
[0.41431, 0.528413] ; [2.75434, 2.75544]
[0.414374, 0.529097] ; [2.75544, 2.75654]
[0.4144, 0.52974] ; [2.75654, 2.75764]
[0.414389, 0.530343] ; [2.75764, 2.75874]
[0.41434, 0.530905] ; [2.75874, 2.75983]
[0.414255, 0.531428] ; [2.75983, 2.76093]
[0.414133, 0.53191] ; [2.76093, 2.76202]
[0.413975, 0.532353] ; [2.76202, 2.76311]
[0.41378, 0.532756] ; [2.76311, 2.7642]
[0.413549, 0.533119] ; [2.7642, 2.76528]
[0.413282, 0.533444] ; [2.76528, 2.76637]
[0.41298, 0.533729] ; [2.76637, 2.76745]
[0.412642, 0.533975] ; [2.76745, 2.76853]
[0.412269, 0.534183] ; [2.76853, 2.76961]
[0.411861, 0.534352] ; [2.76961, 2.77068]
[0.411419, 0.534484] ; [2.77068, 2.77176]
[0.410944, 0.534577] ; [2.77176, 2.77283]
[0.410434, 0.534633] ; [2.77283, 2.77389]
[0.409891, 0.534652] ; [2.77389, 2.77496]
[0.409315, 0.534634] ; [2.77496, 2.77602]
[0.408706, 0.534579] ; [2.77602, 2.77708]
[0.408065, 0.534489] ; [2.77708, 2.77813]
[0.407392, 0.534362] ; [2.77813, 2.77919]
[0.406687, 0.534201] ; [2.77919, 2.78024]
[0.405951, 0.534004] ; [2.78024, 2.78128]
[0.405184, 0.533773] ; [2.78128, 2.78233]
[0.404387, 0.533507] ; [2.78233, 2.78337]
[0.403559, 0.533208] ; [2.78337, 2.7844]
[0.402702, 0.532875] ; [2.7844, 2.78544]
[0.401815, 0.532509] ; [2.78544, 2.78647]
[0.4009, 0.53211] ; [2.78647, 2.78749]
[0.399955, 0.531679] ; [2.78749, 2.78852]
[0.398983, 0.531217] ; [2.78852, 2.78954]
[0.397983, 0.530723] ; [2.78954, 2.79056]
[0.396826, 0.530327] ; [2.79056, 2.79157]
[0.395643, 0.5299] ; [2.79157, 2.79258]
[0.394434, 0.529443] ; [2.79258, 2.79358]
[0.393202, 0.528956] ; [2.79358, 2.79459]
[0.391946, 0.52844] ; [2.79459, 2.79558]
[0.390666, 0.527896] ; [2.79558, 2.79657]
[0.389364, 0.527323] ; [2.79657, 2.79756]
[0.388039, 0.526723] ; [2.79756, 2.79854]
[0.386691, 0.526096] ; [2.79854, 2.79952]
[0.385322, 0.525443] ; [2.79952, 2.8005]
[0.383933, 0.524764] ; [2.8005, 2.80146]
[0.382523, 0.52406] ; [2.80146, 2.80243]
[0.381093, 0.523332] ; [2.80243, 2.80339]
[0.379643, 0.522578] ; [2.80339, 2.80434]
[0.378174, 0.521801] ; [2.80434, 2.80529]
[0.376686, 0.521001] ; [2.80529, 2.80624]
[0.375179, 0.520177] ; [2.80624, 2.80718]
[0.373654, 0.51933] ; [2.80718, 2.80811]
[0.372111, 0.518461] ; [2.80811, 2.80905]
[0.37055, 0.51757] ; [2.80905, 2.80997]
[0.368972, 0.516658] ; [2.80997, 2.8109]
[0.367377, 0.515724] ; [2.8109, 2.81182]
[0.365765, 0.51477] ; [2.81182, 2.81273]
[0.364137, 0.513795] ; [2.81273, 2.81365]
[0.362493, 0.512801] ; [2.81365, 2.81455]
[0.360833, 0.511786] ; [2.81455, 2.81546]
[0.359158, 0.510753] ; [2.81546, 2.81636]
[0.357467, 0.5097] ; [2.81636, 2.81725]
[0.355762, 0.508629] ; [2.81725, 2.81814]
[0.354043, 0.50754] ; [2.81814, 2.81903]
[0.352311, 0.506434] ; [2.81903, 2.81992]
[0.350566, 0.505311] ; [2.81992, 2.82079]
[0.348807, 0.504171] ; [2.82079, 2.82167]
[0.347036, 0.503014] ; [2.82167, 2.82254]
[0.345253, 0.501842] ; [2.82254, 2.82341]
[0.343313, 0.500798] ; [2.82341, 2.82427]
[0.341361, 0.499738] ; [2.82427, 2.82513]
[0.3394, 0.498663] ; [2.82513, 2.82599]
[0.337428, 0.497572] ; [2.82599, 2.82684]
[0.335447, 0.496468] ; [2.82684, 2.82768]
[0.333457, 0.495348] ; [2.82768, 2.82853]
[0.331458, 0.494216] ; [2.82853, 2.82936]
[0.329452, 0.49307] ; [2.82936, 2.8302]
[0.327437, 0.491911] ; [2.8302, 2.83103]
[0.325415, 0.490741] ; [2.83103, 2.83185]
[0.323387, 0.489558] ; [2.83185, 2.83267]
[0.321351, 0.488363] ; [2.83267, 2.83349]
[0.319309, 0.487157] ; [2.83349, 2.8343]
[0.317261, 0.48594] ; [2.8343, 2.83511]
[0.315207, 0.484713] ; [2.83511, 2.83592]
[0.313147, 0.483475] ; [2.83592, 2.83672]
[0.311082, 0.482227] ; [2.83672, 2.83751]
[0.309011, 0.480969] ; [2.83751, 2.8383]
[0.306936, 0.479702] ; [2.8383, 2.83909]
[0.304787, 0.478494] ; [2.83909, 2.83987]
[0.302628, 0.477283] ; [2.83987, 2.84065]
[0.300473, 0.476064] ; [2.84065, 2.84143]
[0.298322, 0.474837] ; [2.84143, 2.84219]
[0.296173, 0.473601] ; [2.84219, 2.84296]
[0.294028, 0.472358] ; [2.84296, 2.84371]
[0.291846, 0.471145] ; [2.84371, 2.84446]
[0.289666, 0.469925] ; [2.84446, 2.84521]
[0.287488, 0.468696] ; [2.84521, 2.84595]
[0.285312, 0.46746] ; [2.84595, 2.84669]
[0.283139, 0.466216] ; [2.84669, 2.84742]
[0.280967, 0.464964] ; [2.84742, 2.84815]
[0.278796, 0.463704] ; [2.84815, 2.84888]
[0.276627, 0.462437] ; [2.84888, 2.8496]
[0.274457, 0.461161] ; [2.8496, 2.85032]
[0.272285, 0.459875] ; [2.85032, 2.85103]
[0.270109, 0.45858] ; [2.85103, 2.85175]
[0.267931, 0.457275] ; [2.85175, 2.85246]
[0.265749, 0.45596] ; [2.85246, 2.85317]
[0.263564, 0.454635] ; [2.85317, 2.85388]
[0.261377, 0.453301] ; [2.85388, 2.85458]
[0.259186, 0.451957] ; [2.85458, 2.85528]
[0.256992, 0.450604] ; [2.85528, 2.85598]
[0.254795, 0.449242] ; [2.85598, 2.85668]
[0.252594, 0.44787] ; [2.85668, 2.85738]
[0.250391, 0.44649] ; [2.85738, 2.85808]
[0.248184, 0.4451] ; [2.85808, 2.85877]
[0.245974, 0.4437] ; [2.85877, 2.85946]
[0.243762, 0.442292] ; [2.85946, 2.86015]
[0.241546, 0.440875] ; [2.86015, 2.86084]
[0.239327, 0.439449] ; [2.86084, 2.86153]
[0.237105, 0.438015] ; [2.86153, 2.86221]
[0.23488, 0.436571] ; [2.86221, 2.8629]
[0.232652, 0.435119] ; [2.8629, 2.86358]
[0.230421, 0.433659] ; [2.86358, 2.86426]
[0.228187, 0.43219] ; [2.86426, 2.86494]
[0.22595, 0.430712] ; [2.86494, 2.86562]
[0.22371, 0.429226] ; [2.86562, 2.8663]
[0.221468, 0.427732] ; [2.8663, 2.86697]
[0.219223, 0.42623] ; [2.86697, 2.86765]
[0.216974, 0.424719] ; [2.86765, 2.86832]
[0.214724, 0.4232] ; [2.86832, 2.86899]
[0.21247, 0.421673] ; [2.86899, 2.86966]
[0.210214, 0.420139] ; [2.86966, 2.87033]
[0.207955, 0.418596] ; [2.87033, 2.871]
[0.205693, 0.417045] ; [2.871, 2.87167]
[0.20343, 0.415487] ; [2.87167, 2.87233]
[0.201164, 0.413921] ; [2.87233, 2.87299]
[0.198896, 0.412347] ; [2.87299, 2.87366]
[0.196625, 0.410767] ; [2.87366, 2.87432]
[0.194353, 0.409179] ; [2.87432, 2.87498]
[0.19208, 0.407584] ; [2.87498, 2.87564]
[0.189805, 0.405982] ; [2.87564, 2.8763]
[0.187528, 0.404373] ; [2.8763, 2.87695]
[0.18525, 0.402758] ; [2.87695, 2.87761]
[0.182971, 0.401136] ; [2.87761, 2.87826]
[0.180691, 0.399507] ; [2.87826, 2.87892]
[0.17841, 0.397873] ; [2.87892, 2.87957]
[0.176128, 0.396232] ; [2.87957, 2.88022]
[0.173846, 0.394585] ; [2.88022, 2.88087]
[0.171562, 0.392932] ; [2.88087, 2.88151]
[0.169279, 0.391273] ; [2.88151, 2.88216]
[0.166995, 0.389609] ; [2.88216, 2.8828]
[0.16471, 0.387939] ; [2.8828, 2.88345]
[0.162425, 0.386263] ; [2.88345, 2.88409]
[0.16014, 0.384582] ; [2.88409, 2.88473]
[0.157855, 0.382896] ; [2.88473, 2.88537]
[0.155571, 0.381205] ; [2.88537, 2.88601]
[0.153286, 0.37951] ; [2.88601, 2.88664]
[0.151002, 0.377809] ; [2.88664, 2.88728]
[0.148717, 0.376103] ; [2.88728, 2.88791]
[0.146433, 0.374393] ; [2.88791, 2.88855]
[0.14415, 0.372678] ; [2.88855, 2.88918]
[0.141866, 0.370959] ; [2.88918, 2.88981]
[0.139583, 0.369235] ; [2.88981, 2.89044]
[0.137301, 0.367506] ; [2.89044, 2.89107]
[0.135019, 0.365773] ; [2.89107, 2.89169]
[0.132737, 0.364035] ; [2.89169, 2.89232]
[0.130455, 0.362294] ; [2.89232, 2.89294]
[0.128175, 0.360548] ; [2.89294, 2.89357]
[0.125894, 0.358797] ; [2.89357, 2.89419]
[0.123615, 0.357043] ; [2.89419, 2.89481]
[0.121335, 0.355284] ; [2.89481, 2.89543]
[0.119057, 0.353521] ; [2.89543, 2.89605]
[0.116779, 0.351754] ; [2.89605, 2.89667]
[0.114501, 0.349984] ; [2.89667, 2.89728]
[0.112224, 0.348209] ; [2.89728, 2.8979]
[0.109948, 0.34643] ; [2.8979, 2.89851]
[0.107672, 0.344648] ; [2.89851, 2.89913]
[0.105398, 0.342861] ; [2.89913, 2.89974]
[0.103123, 0.341071] ; [2.89974, 2.90035]
[0.10085, 0.339277] ; [2.90035, 2.90096]
[0.098577, 0.33748] ; [2.90096, 2.90157]
[0.0963048, 0.335678] ; [2.90157, 2.90218]
[0.0940334, 0.333873] ; [2.90218, 2.90279]
[0.0917626, 0.332065] ; [2.90279, 2.90339]
[0.0894926, 0.330252] ; [2.90339, 2.904]
[0.0872232, 0.328436] ; [2.904, 2.9046]
[0.0849547, 0.326617] ; [2.9046, 2.90521]
[0.0826869, 0.324794] ; [2.90521, 2.90581]
[0.08042, 0.322968] ; [2.90581, 2.90641]
[0.0781539, 0.321138] ; [2.90641, 2.90702]
[0.0758887, 0.319305] ; [2.90702, 2.90762]
[0.0736243, 0.317469] ; [2.90762, 2.90822]
[0.0713609, 0.315629] ; [2.90822, 2.90882]
[0.0690983, 0.313787] ; [2.90882, 2.90941]
[0.0668367, 0.311941] ; [2.90941, 2.91001]
[0.0645761, 0.310092] ; [2.91001, 2.91061]
[0.0623163, 0.30824] ; [2.91061, 2.91121]
[0.0600576, 0.306384] ; [2.91121, 2.9118]
[0.0577998, 0.304526] ; [2.9118, 2.9124]
[0.055543, 0.302665] ; [2.9124, 2.91299]
[0.0532871, 0.300801] ; [2.91299, 2.91358]
[0.0510322, 0.298933] ; [2.91358, 2.91418]
[0.0487783, 0.297063] ; [2.91418, 2.91477]
[0.0465253, 0.29519] ; [2.91477, 2.91536]
[0.0442733, 0.293314] ; [2.91536, 2.91595]
[0.0420223, 0.291435] ; [2.91595, 2.91654]
[0.0397721, 0.289552] ; [2.91654, 2.91713]
[0.0375229, 0.287667] ; [2.91713, 2.91772]
[0.0352747, 0.285779] ; [2.91772, 2.91831]
[0.0330273, 0.283889] ; [2.91831, 2.9189]
[0.0307809, 0.281995] ; [2.9189, 2.91949]
[0.0285354, 0.280098] ; [2.91949, 2.92007]
[0.0262909, 0.278198] ; [2.92007, 2.92066]
[0.0240472, 0.276296] ; [2.92066, 2.92125]
[0.0218044, 0.274391] ; [2.92125, 2.92183]
[0.0195625, 0.272482] ; [2.92183, 2.92242]
[0.0173215, 0.270571] ; [2.92242, 2.923]
[0.0150814, 0.268657] ; [2.923, 2.92359]
[0.0128422, 0.26674] ; [2.92359, 2.92417]
[0.0106039, 0.264821] ; [2.92417, 2.92475]
[0.00836656, 0.262898] ; [2.92475, 2.92534]
[0.00613011, 0.260973] ; [2.92534, 2.92592]
[0.0038946, 0.259045] ; [2.92592, 2.9265]
[0.00166002, 0.257114] ; [2.9265, 2.92709]
[-0.000573724, 0.255181] ; [2.92709, 2.92767]
[-0.00280645, 0.253245] ; [2.92767, 2.92825]
[-0.00503819, 0.251306] ; [2.92825, 2.92883]
[-0.00726897, 0.249365] ; [2.92883, 2.92941]
[-0.00949881, 0.247422] ; [2.92941, 2.92999]
[-0.0117277, 0.245476] ; [2.92999, 2.93057]
[-0.0139558, 0.243527] ; [2.93057, 2.93115]
[-0.016183, 0.241576] ; [2.93115, 2.93173]
[-0.0184093, 0.239622] ; [2.93173, 2.93231]
[-0.0206347, 0.237666] ; [2.93231, 2.93289]
[-0.0228599, 0.235708] ; [2.93289, 2.93347]
[-0.0250849, 0.233748] ; [2.93347, 2.93405]
[-0.0273097, 0.231786] ; [2.93405, 2.93463]
[-0.0295342, 0.229823] ; [2.93463, 2.93521]
[-0.0317584, 0.227858] ; [2.93521, 2.93579]
[-0.0339824, 0.225891] ; [2.93579, 2.93637]
[-0.0362061, 0.223923] ; [2.93637, 2.93695]
[-0.0384297, 0.221953] ; [2.93695, 2.93753]
[-0.040653, 0.219982] ; [2.93753, 2.9381]
[-0.0428762, 0.218009] ; [2.9381, 2.93868]
[-0.0450992, 0.216034] ; [2.93868, 2.93926]
[-0.0473221, 0.214057] ; [2.93926, 2.93984]
[-0.0495448, 0.212079] ; [2.93984, 2.94042]
[-0.0517675, 0.2101] ; [2.94042, 2.941]
[-0.0539901, 0.208118] ; [2.941, 2.94157]
[-0.0562127, 0.206135] ; [2.94157, 2.94215]
[-0.0584352, 0.204151] ; [2.94215, 2.94273]
[-0.0606578, 0.202165] ; [2.94273, 2.94331]
[-0.0628803, 0.200177] ; [2.94331, 2.94389]
[-0.0651028, 0.198187] ; [2.94389, 2.94446]
[-0.0673254, 0.196196] ; [2.94446, 2.94504]
[-0.069548, 0.194204] ; [2.94504, 2.94562]
[-0.0717706, 0.192209] ; [2.94562, 2.9462]
[-0.0739934, 0.190214] ; [2.9462, 2.94678]
[-0.0762161, 0.188216] ; [2.94678, 2.94736]
[-0.078439, 0.186217] ; [2.94736, 2.94794]
[-0.080662, 0.184217] ; [2.94794, 2.94852]
[-0.0828851, 0.182215] ; [2.94852, 2.9491]
[-0.0851084, 0.180211] ; [2.9491, 2.94968]
[-0.0873318, 0.178206] ; [2.94968, 2.95026]
[-0.0895551, 0.176199] ; [2.95026, 2.95084]
[-0.0917785, 0.174191] ; [2.95084, 2.95142]
[-0.0940019, 0.172182] ; [2.95142, 2.952]
[-0.0962252, 0.170171] ; [2.952, 2.95258]
[-0.0984486, 0.168159] ; [2.95258, 2.95316]
[-0.100672, 0.166146] ; [2.95316, 2.95374]
[-0.102895, 0.164131] ; [2.95374, 2.95432]
[-0.105119, 0.162116] ; [2.95432, 2.9549]
[-0.107343, 0.1601] ; [2.9549, 2.95549]
[-0.109571, 0.158086] ; [2.95549, 2.95607]
[-0.111798, 0.15607] ; [2.95607, 2.95665]
[-0.114022, 0.15405] ; [2.95665, 2.95723]
[-0.116245, 0.152028] ; [2.95723, 2.95782]
[-0.118488, 0.150025] ; [2.95782, 2.9584]
[-0.12073, 0.148018] ; [2.9584, 2.95898]
[-0.122969, 0.146009] ; [2.95898, 2.95957]
[-0.125207, 0.143997] ; [2.95957, 2.96015]
[-0.127443, 0.141982] ; [2.96015, 2.96074]
[-0.129702, 0.13999] ; [2.96074, 2.96132]
[-0.13196, 0.137995] ; [2.96132, 2.96191]
[-0.134216, 0.135997] ; [2.96191, 2.9625]
[-0.13647, 0.133996] ; [2.9625, 2.96308]
[-0.138722, 0.131993] ; [2.96308, 2.96367]
[-0.140992, 0.130015] ; [2.96367, 2.96426]
[-0.143262, 0.128043] ; [2.96426, 2.96484]
[-0.145531, 0.126075] ; [2.96484, 2.96543]
[-0.147798, 0.124113] ; [2.96543, 2.96601]
[-0.150064, 0.122158] ; [2.96601, 2.9666]
[-0.152329, 0.120208] ; [2.9666, 2.96718]
[-0.154593, 0.118265] ; [2.96718, 2.96776]
[-0.156855, 0.116328] ; [2.96776, 2.96835]
[-0.159117, 0.114397] ; [2.96835, 2.96893]
[-0.161377, 0.112473] ; [2.96893, 2.96951]
[-0.163636, 0.110555] ; [2.96951, 2.97009]
[-0.165893, 0.108643] ; [2.97009, 2.97067]
[-0.168149, 0.106739] ; [2.97067, 2.97125]
[-0.170404, 0.10484] ; [2.97125, 2.97183]
[-0.172656, 0.102949] ; [2.97183, 2.97241]
[-0.174908, 0.101064] ; [2.97241, 2.97298]
[-0.177157, 0.0991858] ; [2.97298, 2.97356]
[-0.179405, 0.0973146] ; [2.97356, 2.97414]
[-0.181652, 0.0954503] ; [2.97414, 2.97471]
[-0.183892, 0.0935889] ; [2.97471, 2.97529]
[-0.186135, 0.0917386] ; [2.97529, 2.97586]
[-0.188376, 0.0898954] ; [2.97586, 2.97643]
[-0.190615, 0.0880593] ; [2.97643, 2.97701]
[-0.192852, 0.0862305] ; [2.97701, 2.97758]
[-0.195087, 0.084409] ; [2.97758, 2.97815]
[-0.19732, 0.0825948] ; [2.97815, 2.97872]
[-0.199552, 0.080788] ; [2.97872, 2.97929]
[-0.201777, 0.0789847] ; [2.97929, 2.97986]
[-0.204005, 0.0771929] ; [2.97986, 2.98043]
[-0.20623, 0.0754086] ; [2.98043, 2.981]
[-0.208453, 0.073632] ; [2.981, 2.98157]
[-0.210675, 0.071863] ; [2.98157, 2.98213]
[-0.212894, 0.0701018] ; [2.98213, 2.9827]
[-0.215111, 0.0683484] ; [2.9827, 2.98326]
[-0.217326, 0.0666029] ; [2.98326, 2.98383]
[-0.21954, 0.0648653] ; [2.98383, 2.98439]
[-0.22175, 0.0631357] ; [2.98439, 2.98496]
[-0.223959, 0.0614141] ; [2.98496, 2.98552]
[-0.226166, 0.0597007] ; [2.98552, 2.98608]
[-0.228371, 0.0579954] ; [2.98608, 2.98664]
[-0.230573, 0.0562984] ; [2.98664, 2.9872]
[-0.232773, 0.0546096] ; [2.9872, 2.98776]
[-0.234971, 0.0529292] ; [2.98776, 2.98832]
[-0.237167, 0.0512572] ; [2.98832, 2.98888]
[-0.239361, 0.0495936] ; [2.98888, 2.98944]
[-0.241552, 0.0479388] ; [2.98944, 2.99]
[-0.24374, 0.0462933] ; [2.99, 2.99055]
[-0.245925, 0.0446574] ; [2.99055, 2.99111]
[-0.248106, 0.0430311] ; [2.99111, 2.99166]
[-0.25099, 0.0421207] ; [2.99166, 2.99222]
[-0.253865, 0.0412148] ; [2.99222, 2.99277]
[-0.256726, 0.0403154] ; [2.99277, 2.99332]
[-0.259573, 0.0394224] ; [2.99332, 2.99387]
[-0.262406, 0.038536] ; [2.99387, 2.99441]
[-0.265225, 0.037656] ; [2.99441, 2.99496]
[-0.268029, 0.0367804] ; [2.99496, 2.9955]
[-0.270816, 0.0359091] ; [2.9955, 2.99604]
[-0.273595, 0.0350487] ; [2.99604, 2.99658]
[-0.276358, 0.0341926] ; [2.99658, 2.99711]
[-0.279106, 0.0333408] ; [2.99711, 2.99765]
[-0.281839, 0.0324931] ; [2.99765, 2.99818]
[-0.284556, 0.0316497] ; [2.99818, 2.99871]
[-0.287259, 0.0308106] ; [2.99871, 2.99924]
[-0.289947, 0.0299757] ; [2.99924, 2.99976]
[-0.29262, 0.0291451] ; [2.99976, 3.00029]
[-0.295279, 0.0283187] ; [3.00029, 3.00081]
[-0.297924, 0.0274965] ; [3.00081, 3.00133]
[-0.300554, 0.0266786] ; [3.00133, 3.00185]
[-0.30317, 0.0258649] ; [3.00185, 3.00237]
[-0.305772, 0.0250555] ; [3.00237, 3.00288]
[-0.308361, 0.0242502] ; [3.00288, 3.0034]
[-0.310936, 0.0234493] ; [3.0034, 3.00391]
[-0.313497, 0.0226525] ; [3.00391, 3.00442]
[-0.316044, 0.02186] ; [3.00442, 3.00493]
[-0.318578, 0.0210718] ; [3.00493, 3.00543]
[-0.3211, 0.0202877] ; [3.00543, 3.00594]
[-0.323607, 0.0195079] ; [3.00594, 3.00644]
[-0.326103, 0.0187323] ; [3.00644, 3.00695]
[-0.328585, 0.017961] ; [3.00695, 3.00745]
[-0.331054, 0.0171939] ; [3.00745, 3.00795]
[-0.333511, 0.0164309] ; [3.00795, 3.00844]
[-0.335956, 0.0156722] ; [3.00844, 3.00894]
[-0.338388, 0.0149177] ; [3.00894, 3.00943]
[-0.340808, 0.0141674] ; [3.00943, 3.00993]
[-0.343215, 0.0134213] ; [3.00993, 3.01042]
[-0.3457, 0.0127684] ; [3.01042, 3.01091]
[-0.348173, 0.0121195] ; [3.01091, 3.0114]
[-0.350633, 0.0114747] ; [3.0114, 3.01188]
[-0.35308, 0.010834] ; [3.01188, 3.01237]
[-0.355515, 0.0101974] ; [3.01237, 3.01285]
[-0.357937, 0.00956495] ; [3.01285, 3.01334]
[-0.360348, 0.0089366] ; [3.01334, 3.01382]
[-0.362752, 0.0083189] ; [3.01382, 3.0143]
[-0.365145, 0.00770529] ; [3.0143, 3.01477]
[-0.367526, 0.00709579] ; [3.01477, 3.01525]
[-0.369895, 0.0064904] ; [3.01525, 3.01573]
[-0.372252, 0.00588912] ; [3.01573, 3.0162]
[-0.374597, 0.00529196] ; [3.0162, 3.01667]
[-0.376936, 0.00470427] ; [3.01667, 3.01714]
[-0.379264, 0.00412068] ; [3.01714, 3.01761]
[-0.381581, 0.0035412] ; [3.01761, 3.01808]
[-0.383886, 0.00296582] ; [3.01808, 3.01854]
[-0.38618, 0.00239455] ; [3.01854, 3.01901]
[-0.388467, 0.0018318] ; [3.01901, 3.01947]
[-0.390745, 0.00127448] ; [3.01947, 3.01994]
[-0.393012, 0.000722798] ; [3.01994, 3.0204]
[-0.395269, 0.000176717] ; [3.0204, 3.02086]
[-0.397516, -0.000363798] ; [3.02086, 3.02131]
[-0.399789, -0.000862739] ; [3.02131, 3.02177]
[-0.40205, -0.00135745] ; [3.02177, 3.02222]
[-0.404306, -0.00184265] ; [3.02222, 3.02268]
[-0.406551, -0.00232361] ; [3.02268, 3.02313]
[-0.40879, -0.00279517] ; [3.02313, 3.02358]
[-0.41102, -0.00325998] ; [3.02358, 3.02403]
[-0.413243, -0.00371808] ; [3.02403, 3.02448]
[-0.415457, -0.00416948] ; [3.02448, 3.02493]
[-0.417664, -0.00461425] ; [3.02493, 3.02537]
[-0.419862, -0.00505239] ; [3.02537, 3.02581]
[-0.422053, -0.00548395] ; [3.02581, 3.02626]
[-0.424234, -0.00591143] ; [3.02626, 3.0267]
[-0.426409, -0.00632991] ; [3.0267, 3.02714]
[-0.428577, -0.00674191] ; [3.02714, 3.02758]
[-0.430737, -0.00714744] ; [3.02758, 3.02801]
[-0.43289, -0.00754653] ; [3.02801, 3.02845]
[-0.435036, -0.00793922] ; [3.02845, 3.02889]
[-0.437174, -0.00832551] ; [3.02889, 3.02932]
[-0.439305, -0.00870545] ; [3.02932, 3.02975]
[-0.441429, -0.00907904] ; [3.02975, 3.03018]
[-0.443546, -0.00944632] ; [3.03018, 3.03061]
[-0.445656, -0.00980731] ; [3.03061, 3.03104]
[-0.447758, -0.010162] ; [3.03104, 3.03147]
[-0.449854, -0.0105105] ; [3.03147, 3.0319]
[-0.451943, -0.0108527] ; [3.0319, 3.03232]
[-0.454025, -0.0111887] ; [3.03232, 3.03275]
[-0.456101, -0.0115185] ; [3.03275, 3.03317]
[-0.458169, -0.0118422] ; [3.03317, 3.0336]
[-0.460231, -0.0121597] ; [3.0336, 3.03402]
[-0.462286, -0.012471] ; [3.03402, 3.03444]
[-0.464335, -0.0127761] ; [3.03444, 3.03486]
[-0.466378, -0.0130751] ; [3.03486, 3.03527]
[-0.468414, -0.0133678] ; [3.03527, 3.03569]
[-0.470443, -0.0136544] ; [3.03569, 3.03611]
[-0.472467, -0.0139348] ; [3.03611, 3.03652]
[-0.474484, -0.014209] ; [3.03652, 3.03693]
[-0.476495, -0.0144772] ; [3.03693, 3.03735]
[-0.478499, -0.0147392] ; [3.03735, 3.03776]
[-0.480498, -0.0149951] ; [3.03776, 3.03817]
[-0.482491, -0.0152449] ; [3.03817, 3.03858]
[-0.484477, -0.0154885] ; [3.03858, 3.03899]
[-0.486458, -0.0157258] ; [3.03899, 3.03939]
[-0.488432, -0.0159567] ; [3.03939, 3.0398]
[-0.4904, -0.0161812] ; [3.0398, 3.0402]
[-0.492361, -0.0163994] ; [3.0402, 3.04061]
[-0.494316, -0.0166111] ; [3.04061, 3.04101]
[-0.496264, -0.0168165] ; [3.04101, 3.04141]
[-0.498206, -0.0170156] ; [3.04141, 3.04181]
[-0.500142, -0.0172083] ; [3.04181, 3.04221]
[-0.502071, -0.0173947] ; [3.04221, 3.04261]
[-0.503995, -0.0175748] ; [3.04261, 3.043]
[-0.505912, -0.0177485] ; [3.043, 3.0434]
[-0.507824, -0.017916] ; [3.0434, 3.04379]
[-0.509729, -0.0180771] ; [3.04379, 3.04419]
[-0.511629, -0.018232] ; [3.04419, 3.04458]
[-0.513523, -0.0183806] ; [3.04458, 3.04497]
[-0.515411, -0.0185229] ; [3.04497, 3.04536]
[-0.517294, -0.018659] ; [3.04536, 3.04575]
[-0.519171, -0.0187888] ; [3.04575, 3.04614]
[-0.521286, -0.0186692] ; [3.04614, 3.04652]
[-0.523392, -0.0185457] ; [3.04652, 3.04691]
[-0.525497, -0.0184111] ; [3.04691, 3.04729]
[-0.527593, -0.0182726] ; [3.04729, 3.04767]
[-0.529688, -0.0181231] ; [3.04767, 3.04805]
[-0.531777, -0.0179663] ; [3.04805, 3.04843]
[-0.53386, -0.0178021] ; [3.04843, 3.04881]
[-0.535939, -0.0176307] ; [3.04881, 3.04919]
[-0.538012, -0.0174521] ; [3.04919, 3.04957]
[-0.540081, -0.0172662] ; [3.04957, 3.04994]
[-0.542144, -0.0170732] ; [3.04994, 3.05031]
[-0.544202, -0.0168731] ; [3.05031, 3.05069]
[-0.546255, -0.0166659] ; [3.05069, 3.05106]
[-0.5483, -0.0164551] ; [3.05106, 3.05143]
[-0.550343, -0.0162339] ; [3.05143, 3.0518]
[-0.552381, -0.0160056] ; [3.0518, 3.05216]
[-0.554414, -0.0157705] ; [3.05216, 3.05253]
[-0.556442, -0.0155284] ; [3.05253, 3.05289]
[-0.558466, -0.0152795] ; [3.05289, 3.05326]
[-0.560484, -0.0150238] ; [3.05326, 3.05362]
[-0.562498, -0.0147613] ; [3.05362, 3.05398]
[-0.564507, -0.0144921] ; [3.05398, 3.05434]
[-0.566512, -0.0142161] ; [3.05434, 3.0547]
[-0.568511, -0.0139335] ; [3.0547, 3.05506]
