[0.233874, 0.233874] ; [-0.000236765, 0]
[0.233875, 0.233875] ; [0, 0.000236765]
[0.233883, 0.233883] ; [0.000236765, 0.000662942]
[0.233901, 0.233901] ; [0.000662942, 0.00119343]
[0.233931, 0.233931] ; [0.00119343, 0.00172812]
[0.233971, 0.233971] ; [0.00172812, 0.00226668]
[0.234022, 0.234022] ; [0.00226668, 0.00280918]
[0.234084, 0.234084] ; [0.00280918, 0.00335565]
[0.234157, 0.234157] ; [0.00335565, 0.00390616]
[0.23424, 0.23424] ; [0.00390616, 0.00446074]
[0.234333, 0.234333] ; [0.00446074, 0.00501946]
[0.234438, 0.234438] ; [0.00501946, 0.00558236]
[0.234553, 0.234553] ; [0.00558236, 0.0061495]
[0.234679, 0.234679] ; [0.0061495, 0.00672093]
[0.234815, 0.234815] ; [0.00672093, 0.00729671]
[0.234962, 0.234962] ; [0.00729671, 0.00787689]
[0.23512, 0.23512] ; [0.00787689, 0.00846154]
[0.235288, 0.235289] ; [0.00846154, 0.0090507]
[0.235468, 0.235468] ; [0.0090507, 0.00964443]
[0.235657, 0.235657] ; [0.00964443, 0.0102428]
[0.235858, 0.235858] ; [0.0102428, 0.0108459]
[0.236069, 0.236069] ; [0.0108459, 0.0114537]
[0.23629, 0.23629] ; [0.0114537, 0.0120664]
[0.236522, 0.236523] ; [0.0120664, 0.0126839]
[0.236765, 0.236765] ; [0.0126839, 0.0133064]
[0.237019, 0.237019] ; [0.0133064, 0.0139339]
[0.237283, 0.237283] ; [0.0139339, 0.0145665]
[0.237558, 0.237558] ; [0.0145665, 0.0152042]
[0.237843, 0.237843] ; [0.0152042, 0.0158471]
[0.238139, 0.238139] ; [0.0158471, 0.0164954]
[0.238446, 0.238446] ; [0.0164954, 0.017149]
[0.238763, 0.238763] ; [0.017149, 0.017808]
[0.239091, 0.239091] ; [0.017808, 0.0184725]
[0.23943, 0.23943] ; [0.0184725, 0.0191426]
[0.239779, 0.239779] ; [0.0191426, 0.0198184]
[0.240139, 0.240139] ; [0.0198184, 0.0204998]
[0.240509, 0.240509] ; [0.0204998, 0.0211871]
[0.240891, 0.240891] ; [0.0211871, 0.021882]
[0.241287, 0.241287] ; [0.021882, 0.0225875]
[0.241695, 0.241695] ; [0.0225875, 0.0233036]
[0.242118, 0.242118] ; [0.0233036, 0.0240308]
[0.242554, 0.242554] ; [0.0240308, 0.0247691]
[0.243004, 0.243004] ; [0.0247691, 0.0255188]
[0.243469, 0.243469] ; [0.0255188, 0.0262803]
[0.243948, 0.243948] ; [0.0262803, 0.0270536]
[0.244442, 0.244442] ; [0.0270536, 0.0278391]
[0.244952, 0.244952] ; [0.0278391, 0.0286371]
[0.245476, 0.245476] ; [0.0286371, 0.0294477]
[0.246016, 0.246016] ; [0.0294477, 0.0302714]
[0.246571, 0.246571] ; [0.0302714, 0.0311084]
[0.247143, 0.247143] ; [0.0311084, 0.0319589]
[0.247731, 0.247731] ; [0.0319589, 0.0328234]
[0.248335, 0.248335] ; [0.0328234, 0.0337021]
[0.248956, 0.248956] ; [0.0337021, 0.0345953]
[0.249594, 0.249594] ; [0.0345953, 0.0355035]
[0.250249, 0.250249] ; [0.0355035, 0.0364268]
[0.250922, 0.250922] ; [0.0364268, 0.0373657]
[0.251612, 0.251612] ; [0.0373657, 0.0383205]
[0.25232, 0.25232] ; [0.0383205, 0.0392916]
[0.253046, 0.253046] ; [0.0392916, 0.0402793]
[0.253791, 0.253791] ; [0.0402793, 0.0412842]
[0.254554, 0.254554] ; [0.0412842, 0.0423065]
[0.255337, 0.255337] ; [0.0423065, 0.0433467]
[0.256138, 0.256138] ; [0.0433467, 0.0444053]
[0.256959, 0.256959] ; [0.0444053, 0.0454826]
[0.257799, 0.2578] ; [0.0454826, 0.0465792]
[0.25866, 0.25866] ; [0.0465792, 0.0476955]
[0.25954, 0.25954] ; [0.0476955, 0.0488321]
[0.260441, 0.260441] ; [0.0488321, 0.0499893]
[0.261362, 0.261363] ; [0.0499893, 0.0511678]
[0.262305, 0.262305] ; [0.0511678, 0.0523681]
[0.263268, 0.263268] ; [0.0523681, 0.0535907]
[0.264252, 0.264252] ; [0.0535907, 0.0548363]
[0.265258, 0.265258] ; [0.0548363, 0.0561054]
[0.266286, 0.266286] ; [0.0561054, 0.0573986]
[0.267335, 0.267335] ; [0.0573986, 0.0587167]
[0.268406, 0.268407] ; [0.0587167, 0.0600602]
[0.2695, 0.2695] ; [0.0600602, 0.0614301]
[0.270616, 0.270617] ; [0.0614301, 0.0628269]
[0.271755, 0.271756] ; [0.0628269, 0.0642515]
[0.272917, 0.272918] ; [0.0642515, 0.0657047]
[0.274103, 0.274103] ; [0.0657047, 0.0671875]
[0.27531, 0.27531] ; [0.0671875, 0.0686991]
[0.276539, 0.276539] ; [0.0686991, 0.07024]
[0.27779, 0.27779] ; [0.07024, 0.0718111]
[0.279063, 0.279063] ; [0.0718111, 0.0734133]
[0.280358, 0.280358] ; [0.0734133, 0.0750474]
[0.281675, 0.281675] ; [0.0750474, 0.0767145]
[0.283014, 0.283014] ; [0.0767145, 0.0784158]
[0.284376, 0.284376] ; [0.0784158, 0.0801525]
[0.28576, 0.285761] ; [0.0801525, 0.0819261]
[0.287168, 0.287169] ; [0.0819261, 0.0837384]
[0.288599, 0.2886] ; [0.0837384, 0.0855913]
[0.290055, 0.290056] ; [0.0855913, 0.087487]
[0.291536, 0.291537] ; [0.087487, 0.0894285]
[0.293044, 0.293044] ; [0.0894285, 0.091419]
[0.294579, 0.29458] ; [0.091419, 0.0934627]
[0.296146, 0.296147] ; [0.0934627, 0.0955646]
[0.297746, 0.297747] ; [0.0955646, 0.0977311]
[0.299385, 0.299386] ; [0.0977311, 0.0999706]
[0.301067, 0.301068] ; [0.0999706, 0.102294]
[0.302801, 0.302803] ; [0.102294, 0.104716]
[0.3046, 0.304601] ; [0.104716, 0.107258]
[0.30648, 0.306482] ; [0.107258, 0.109951]
[0.308472, 0.308474] ; [0.109951, 0.112843]
[0.310416, 0.310418] ; [0.112843, 0.115709]
[0.312159, 0.312161] ; [0.115709, 0.118313]
[0.313783, 0.313786] ; [0.118313, 0.120774]
[0.315308, 0.31531] ; [0.120774, 0.123111]
[0.31675, 0.316753] ; [0.123111, 0.125348]
[0.318123, 0.318126] ; [0.125348, 0.127501]
[0.319436, 0.319439] ; [0.127501, 0.129582]
[0.320698, 0.320701] ; [0.129582, 0.131599]
[0.321913, 0.321917] ; [0.131599, 0.133561]
[0.323089, 0.323092] ; [0.133561, 0.135474]
[0.324228, 0.324232] ; [0.135474, 0.137342]
[0.325335, 0.325339] ; [0.137342, 0.139171]
[0.326414, 0.326418] ; [0.139171, 0.140963]
[0.327467, 0.32747] ; [0.140963, 0.142722]
[0.328496, 0.3285] ; [0.142722, 0.144452]
[0.329505, 0.329509] ; [0.144452, 0.146153]
[0.330494, 0.330498] ; [0.146153, 0.147828]
[0.331465, 0.331469] ; [0.147828, 0.149476]
[0.332419, 0.332423] ; [0.149476, 0.151101]
[0.33336, 0.333364] ; [0.151101, 0.152704]
[0.334287, 0.334292] ; [0.152704, 0.154287]
[0.335205, 0.335209] ; [0.154287, 0.155852]
[0.336112, 0.336117] ; [0.155852, 0.1574]
[0.337011, 0.337016] ; [0.1574, 0.15893]
[0.337902, 0.337906] ; [0.15893, 0.160444]
[0.338785, 0.33879] ; [0.160444, 0.161942]
[0.339664, 0.339669] ; [0.161942, 0.163427]
[0.340539, 0.340544] ; [0.163427, 0.164899]
[0.341411, 0.341416] ; [0.164899, 0.16636]
[0.342281, 0.342286] ; [0.16636, 0.167811]
[0.343151, 0.343156] ; [0.167811, 0.169252]
[0.344023, 0.344028] ; [0.169252, 0.170686]
[0.344896, 0.344901] ; [0.170686, 0.172113]
[0.345773, 0.345778] ; [0.172113, 0.173535]
[0.346654, 0.346659] ; [0.173535, 0.174952]
[0.34754, 0.347545] ; [0.174952, 0.176366]
[0.348434, 0.348439] ; [0.176366, 0.177777]
[0.349335, 0.34934] ; [0.177777, 0.179187]
[0.350246, 0.350251] ; [0.179187, 0.180597]
[0.351167, 0.351172] ; [0.180597, 0.182007]
[0.352099, 0.352105] ; [0.182007, 0.18342]
[0.353045, 0.353051] ; [0.18342, 0.184836]
[0.354006, 0.354011] ; [0.184836, 0.186256]
[0.354982, 0.354988] ; [0.186256, 0.187681]
[0.355976, 0.355982] ; [0.187681, 0.189114]
[0.356989, 0.356995] ; [0.189114, 0.190554]
[0.358022, 0.358028] ; [0.190554, 0.192004]
[0.359078, 0.359085] ; [0.192004, 0.193465]
[0.360159, 0.360165] ; [0.193465, 0.194939]
[0.361266, 0.361272] ; [0.194939, 0.196427]
[0.362402, 0.362408] ; [0.196427, 0.197931]
[0.363568, 0.363575] ; [0.197931, 0.199452]
[0.364769, 0.364776] ; [0.199452, 0.200994]
[0.366005, 0.366012] ; [0.200994, 0.202557]
[0.367281, 0.367288] ; [0.202557, 0.204144]
[0.368599, 0.368607] ; [0.204144, 0.205758]
[0.369962, 0.36997] ; [0.205758, 0.207398]
[0.371373, 0.371381] ; [0.207398, 0.209069]
[0.372836, 0.372844] ; [0.209069, 0.210773]
[0.374355, 0.374363] ; [0.210773, 0.212513]
[0.375866, 0.375875] ; [0.212513, 0.214215]
[0.377358, 0.377367] ; [0.214215, 0.215868]
[0.378838, 0.378848] ; [0.215868, 0.217484]
[0.38031, 0.38032] ; [0.217484, 0.219068]
[0.381778, 0.381788] ; [0.219068, 0.220624]
[0.383243, 0.383253] ; [0.220624, 0.222156]
[0.384708, 0.384718] ; [0.222156, 0.223668]
[0.386174, 0.386185] ; [0.223668, 0.225162]
[0.387644, 0.387655] ; [0.225162, 0.226642]
[0.389119, 0.389131] ; [0.226642, 0.228109]
[0.390601, 0.390612] ; [0.228109, 0.229565]
[0.39209, 0.392102] ; [0.229565, 0.231013]
[0.393588, 0.3936] ; [0.231013, 0.232453]
[0.395097, 0.395109] ; [0.232453, 0.233888]
[0.396615, 0.396628] ; [0.233888, 0.235318]
[0.398145, 0.398158] ; [0.235318, 0.236744]
[0.399687, 0.3997] ; [0.236744, 0.238167]
[0.401241, 0.401254] ; [0.238167, 0.239589]
[0.402809, 0.402822] ; [0.239589, 0.241009]
[0.40439, 0.404404] ; [0.241009, 0.24243]
[0.405987, 0.406] ; [0.24243, 0.243851]
[0.407598, 0.407612] ; [0.243851, 0.245274]
[0.409225, 0.409239] ; [0.245274, 0.246699]
[0.410869, 0.410883] ; [0.246699, 0.248127]
[0.412529, 0.412543] ; [0.248127, 0.249559]
[0.414206, 0.414221] ; [0.249559, 0.250995]
[0.415902, 0.415917] ; [0.250995, 0.252436]
[0.417615, 0.41763] ; [0.252436, 0.253882]
[0.419347, 0.419363] ; [0.253882, 0.255334]
[0.421099, 0.421114] ; [0.255334, 0.256793]
[0.422869, 0.422885] ; [0.256793, 0.258258]
[0.42466, 0.424675] ; [0.258258, 0.259731]
[0.42647, 0.426486] ; [0.259731, 0.261212]
[0.428301, 0.428317] ; [0.261212, 0.262701]
[0.430152, 0.430169] ; [0.262701, 0.264198]
[0.432025, 0.432042] ; [0.264198, 0.265704]
[0.433919, 0.433936] ; [0.265704, 0.26722]
[0.435835, 0.435852] ; [0.26722, 0.268746]
[0.437772, 0.437789] ; [0.268746, 0.270282]
[0.439731, 0.439748] ; [0.270282, 0.271828]
[0.441712, 0.44173] ; [0.271828, 0.273385]
[0.443716, 0.443734] ; [0.273385, 0.274954]
[0.445743, 0.445761] ; [0.274954, 0.276533]
[0.447792, 0.44781] ; [0.276533, 0.278125]
[0.449863, 0.449882] ; [0.278125, 0.279729]
[0.451958, 0.451977] ; [0.279729, 0.281345]
[0.454076, 0.454095] ; [0.281345, 0.282974]
[0.456217, 0.456236] ; [0.282974, 0.284615]
[0.458382, 0.458401] ; [0.284615, 0.286271]
[0.46057, 0.460589] ; [0.286271, 0.287939]
[0.462781, 0.462801] ; [0.287939, 0.289622]
[0.465016, 0.465036] ; [0.289622, 0.291319]
[0.467275, 0.467295] ; [0.291319, 0.293031]
[0.469557, 0.469577] ; [0.293031, 0.294758]
[0.471863, 0.471884] ; [0.294758, 0.2965]
[0.474194, 0.474214] ; [0.2965, 0.298258]
[0.476548, 0.476569] ; [0.298258, 0.300032]
[0.478927, 0.478948] ; [0.300032, 0.301822]
[0.481331, 0.481352] ; [0.301822, 0.30363]
[0.483759, 0.48378] ; [0.30363, 0.305455]
[0.486212, 0.486234] ; [0.305455, 0.307298]
[0.488691, 0.488713] ; [0.307298, 0.30916]
[0.491195, 0.491217] ; [0.30916, 0.311041]
[0.493726, 0.493748] ; [0.311041, 0.312942]
[0.496275, 0.496297] ; [0.312942, 0.314858]
[0.498841, 0.498864] ; [0.314858, 0.316788]
[0.501426, 0.501449] ; [0.316788, 0.318733]
[0.50403, 0.504053] ; [0.318733, 0.320694]
[0.506652, 0.506675] ; [0.320694, 0.322672]
[0.509294, 0.509318] ; [0.322672, 0.324667]
[0.511957, 0.51198] ; [0.324667, 0.32668]
[0.51464, 0.514664] ; [0.32668, 0.328713]
[0.517346, 0.51737] ; [0.328713, 0.330767]
[0.520075, 0.520099] ; [0.330767, 0.332842]
[0.522829, 0.522853] ; [0.332842, 0.334941]
[0.525609, 0.525633] ; [0.334941, 0.337066]
[0.528417, 0.528442] ; [0.337066, 0.339217]
[0.531256, 0.531281] ; [0.339217, 0.341398]
[0.534128, 0.534153] ; [0.341398, 0.34361]
[0.537037, 0.537062] ; [0.34361, 0.345858]
[0.539986, 0.540011] ; [0.345858, 0.348145]
[0.542981, 0.543006] ; [0.348145, 0.350476]
[0.546018, 0.546044] ; [0.350476, 0.352848]
[0.548987, 0.549013] ; [0.352848, 0.355175]
[0.551895, 0.551921] ; [0.355175, 0.357463]
[0.554744, 0.55477] ; [0.357463, 0.359714]
[0.557537, 0.557564] ; [0.359714, 0.361929]
[0.560277, 0.560304] ; [0.361929, 0.364109]
[0.562965, 0.562992] ; [0.364109, 0.366256]
[0.565602, 0.565629] ; [0.366256, 0.368372]
[0.568192, 0.568219] ; [0.368372, 0.370455]
[0.570734, 0.570761] ; [0.370455, 0.372509]
[0.573231, 0.573259] ; [0.372509, 0.374533]
[0.575684, 0.575711] ; [0.374533, 0.376529]
[0.578093, 0.578121] ; [0.376529, 0.378496]
[0.580461, 0.580488] ; [0.378496, 0.380435]
[0.582787, 0.582815] ; [0.380435, 0.382346]
[0.585072, 0.5851] ; [0.382346, 0.38423]
[0.587318, 0.587347] ; [0.38423, 0.386088]
[0.589525, 0.589554] ; [0.386088, 0.387918]
[0.591694, 0.591722] ; [0.387918, 0.389723]
[0.593825, 0.593853] ; [0.389723, 0.3915]
[0.595918, 0.595947] ; [0.3915, 0.393252]
[0.597975, 0.598003] ; [0.393252, 0.394976]
[0.599995, 0.600024] ; [0.394976, 0.396675]
[0.601979, 0.602008] ; [0.396675, 0.398347]
[0.603927, 0.603956] ; [0.398347, 0.399993]
[0.605839, 0.605868] ; [0.399993, 0.401612]
[0.607716, 0.607745] ; [0.401612, 0.403204]
[0.60956, 0.609589] ; [0.403204, 0.404772]
[0.611397, 0.611427] ; [0.404772, 0.406337]
[0.613229, 0.613258] ; [0.406337, 0.407899]
[0.615055, 0.615084] ; [0.407899, 0.40946]
[0.616876, 0.616905] ; [0.40946, 0.411019]
[0.618692, 0.618722] ; [0.411019, 0.412577]
[0.620505, 0.620534] ; [0.412577, 0.414133]
[0.622313, 0.622342] ; [0.414133, 0.415687]
[0.624117, 0.624147] ; [0.415687, 0.417241]
[0.625917, 0.625947] ; [0.417241, 0.418792]
[0.627714, 0.627744] ; [0.418792, 0.420343]
[0.629508, 0.629538] ; [0.420343, 0.421892]
[0.631299, 0.631329] ; [0.421892, 0.423439]
[0.633082, 0.633113] ; [0.423439, 0.424982]
[0.634859, 0.634889] ; [0.424982, 0.42652]
[0.636628, 0.636658] ; [0.42652, 0.428052]
[0.638391, 0.638421] ; [0.428052, 0.429579]
[0.640148, 0.640178] ; [0.429579, 0.431102]
[0.6419, 0.64193] ; [0.431102, 0.43262]
[0.643647, 0.643677] ; [0.43262, 0.434135]
[0.645389, 0.64542] ; [0.434135, 0.435646]
[0.647128, 0.647159] ; [0.435646, 0.437153]
[0.648862, 0.648893] ; [0.437153, 0.438655]
[0.650603, 0.650635] ; [0.438655, 0.440164]
[0.652366, 0.652397] ; [0.440164, 0.44169]
[0.654149, 0.654181] ; [0.44169, 0.443233]
[0.655953, 0.655985] ; [0.443233, 0.444793]
[0.657777, 0.657809] ; [0.444793, 0.446369]
[0.65962, 0.659652] ; [0.446369, 0.44796]
[0.661483, 0.661514] ; [0.44796, 0.449565]
[0.663364, 0.663396] ; [0.449565, 0.451185]
[0.665264, 0.665296] ; [0.451185, 0.452819]
[0.667185, 0.667217] ; [0.452819, 0.454468]
[0.669125, 0.669158] ; [0.454468, 0.456131]
[0.671086, 0.671119] ; [0.456131, 0.457809]
[0.673068, 0.673101] ; [0.457809, 0.459501]
[0.675072, 0.675104] ; [0.459501, 0.461208]
[0.677097, 0.67713] ; [0.461208, 0.462929]
[0.679145, 0.679178] ; [0.462929, 0.464666]
[0.681217, 0.68125] ; [0.464666, 0.466418]
[0.683314, 0.683347] ; [0.466418, 0.468186]
[0.685435, 0.685469] ; [0.468186, 0.46997]
[0.687584, 0.687617] ; [0.46997, 0.471771]
[0.689759, 0.689793] ; [0.471771, 0.473588]
[0.691964, 0.691998] ; [0.473588, 0.475424]
[0.6942, 0.694234] ; [0.475424, 0.477278]
[0.696467, 0.696501] ; [0.477278, 0.479152]
[0.698768, 0.698803] ; [0.479152, 0.481046]
[0.701106, 0.701141] ; [0.481046, 0.482962]
[0.703482, 0.703517] ; [0.482962, 0.484901]
[0.705899, 0.705934] ; [0.484901, 0.486864]
[0.70836, 0.708396] ; [0.486864, 0.488855]
[0.710869, 0.710905] ; [0.488855, 0.490874]
[0.71343, 0.713466] ; [0.490874, 0.492924]
[0.716048, 0.716084] ; [0.492924, 0.495009]
[0.718725, 0.718762] ; [0.495009, 0.49713]
[0.721452, 0.721488] ; [0.49713, 0.499278]
[0.724232, 0.724269] ; [0.499278, 0.501456]
[0.727072, 0.727109] ; [0.501456, 0.503667]
[0.729977, 0.730014] ; [0.503667, 0.505915]
[0.732953, 0.732991] ; [0.505915, 0.508205]
[0.73601, 0.736048] ; [0.508205, 0.510542]
[0.739158, 0.739197] ; [0.510542, 0.512933]
[0.742411, 0.74245] ; [0.512933, 0.515388]
[0.745788, 0.745827] ; [0.515388, 0.51792]
[0.749217, 0.749256] ; [0.51792, 0.520473]
[0.752454, 0.752494] ; [0.520473, 0.522868]
[0.755578, 0.755618] ; [0.522868, 0.525165]
[0.758598, 0.758638] ; [0.525165, 0.527374]
[0.761528, 0.761569] ; [0.527374, 0.529506]
[0.764381, 0.764422] ; [0.529506, 0.53157]
[0.767164, 0.767205] ; [0.53157, 0.533576]
[0.769885, 0.769927] ; [0.533576, 0.535528]
[0.77255, 0.772592] ; [0.535528, 0.537433]
[0.775164, 0.775207] ; [0.537433, 0.539294]
[0.777732, 0.777775] ; [0.539294, 0.541117]
[0.780258, 0.780301] ; [0.541117, 0.542903]
[0.782744, 0.782788] ; [0.542903, 0.544657]
[0.785195, 0.785238] ; [0.544657, 0.546381]
[0.787611, 0.787655] ; [0.546381, 0.548077]
[0.789997, 0.790041] ; [0.548077, 0.549747]
[0.792353, 0.792397] ; [0.549747, 0.551394]
[0.794676, 0.794721] ; [0.551394, 0.553016]
[0.796971, 0.797016] ; [0.553016, 0.554614]
[0.799237, 0.799283] ; [0.554614, 0.556192]
[0.801478, 0.801523] ; [0.556192, 0.55775]
[0.803693, 0.80374] ; [0.55775, 0.559291]
[0.805886, 0.805933] ; [0.559291, 0.560814]
[0.808057, 0.808104] ; [0.560814, 0.562323]
[0.810208, 0.810254] ; [0.562323, 0.563817]
[0.812336, 0.812383] ; [0.563817, 0.565297]
[0.814442, 0.81449] ; [0.565297, 0.566761]
[0.816527, 0.816574] ; [0.566761, 0.568213]
[0.818591, 0.818639] ; [0.568213, 0.569651]
[0.820635, 0.820684] ; [0.569651, 0.571078]
[0.822662, 0.82271] ; [0.571078, 0.572495]
[0.824671, 0.82472] ; [0.572495, 0.573901]
[0.826663, 0.826713] ; [0.573901, 0.5753]
[0.82864, 0.82869] ; [0.5753, 0.57669]
[0.830602, 0.830652] ; [0.57669, 0.578073]
[0.832549, 0.8326] ; [0.578073, 0.579451]
[0.834484, 0.834534] ; [0.579451, 0.580823]
[0.836405, 0.836456] ; [0.580823, 0.58219]
[0.838314, 0.838366] ; [0.58219, 0.583554]
[0.840213, 0.840264] ; [0.583554, 0.584915]
[0.8421, 0.842152] ; [0.584915, 0.586273]
[0.843977, 0.84403] ; [0.586273, 0.58763]
[0.845845, 0.845898] ; [0.58763, 0.588987]
[0.847704, 0.847757] ; [0.588987, 0.590343]
[0.849555, 0.849608] ; [0.590343, 0.591701]
[0.851398, 0.851452] ; [0.591701, 0.59306]
[0.853234, 0.853289] ; [0.59306, 0.594421]
[0.855064, 0.855119] ; [0.594421, 0.595786]
[0.856888, 0.856944] ; [0.595786, 0.597155]
[0.858707, 0.858763] ; [0.597155, 0.59853]
[0.860522, 0.860578] ; [0.59853, 0.59991]
[0.862333, 0.86239] ; [0.59991, 0.601296]
[0.86414, 0.864198] ; [0.601296, 0.602691]
[0.865946, 0.866004] ; [0.602691, 0.604094]
[0.86775, 0.867808] ; [0.604094, 0.605508]
[0.869552, 0.869611] ; [0.605508, 0.606932]
[0.871355, 0.871414] ; [0.606932, 0.608368]
[0.873158, 0.873218] ; [0.608368, 0.609817]
[0.874962, 0.875023] ; [0.609817, 0.611281]
[0.876769, 0.87683] ; [0.611281, 0.61276]
[0.878578, 0.87864] ; [0.61276, 0.614257]
[0.880391, 0.880453] ; [0.614257, 0.615772]
[0.882207, 0.88227] ; [0.615772, 0.617306]
[0.884027, 0.884091] ; [0.617306, 0.61886]
[0.885853, 0.885918] ; [0.61886, 0.620437]
[0.887686, 0.887751] ; [0.620437, 0.622039]
[0.889526, 0.889592] ; [0.622039, 0.623666]
[0.891375, 0.891442] ; [0.623666, 0.625322]
[0.893199, 0.893266] ; [0.625322, 0.626977]
[0.894947, 0.895015] ; [0.626977, 0.628584]
[0.896643, 0.896712] ; [0.628584, 0.630162]
[0.898289, 0.898358] ; [0.630162, 0.631713]
[0.899888, 0.899958] ; [0.631713, 0.633239]
[0.901446, 0.901517] ; [0.633239, 0.634744]
[0.902966, 0.903038] ; [0.634744, 0.636231]
[0.904451, 0.904523] ; [0.636231, 0.637701]
[0.905904, 0.905977] ; [0.637701, 0.639157]
[0.907328, 0.907401] ; [0.639157, 0.640601]
[0.908724, 0.908797] ; [0.640601, 0.642034]
[0.910094, 0.910168] ; [0.642034, 0.643457]
[0.91144, 0.911515] ; [0.643457, 0.644873]
[0.912764, 0.91284] ; [0.644873, 0.646281]
[0.914067, 0.914143] ; [0.646281, 0.647684]
[0.91535, 0.915427] ; [0.647684, 0.64908]
[0.916614, 0.916691] ; [0.64908, 0.650472]
[0.91786, 0.917938] ; [0.650472, 0.65186]
[0.91909, 0.919168] ; [0.65186, 0.653245]
[0.920303, 0.920382] ; [0.653245, 0.654628]
[0.921502, 0.921581] ; [0.654628, 0.656009]
[0.922686, 0.922766] ; [0.656009, 0.657389]
[0.923857, 0.923938] ; [0.657389, 0.658768]
[0.925016, 0.925097] ; [0.658768, 0.660148]
[0.926163, 0.926244] ; [0.660148, 0.661528]
[0.927299, 0.927381] ; [0.661528, 0.66291]
[0.928425, 0.928507] ; [0.66291, 0.664293]
[0.92954, 0.929623] ; [0.664293, 0.665679]
[0.930647, 0.93073] ; [0.665679, 0.667067]
[0.931745, 0.931828] ; [0.667067, 0.668458]
[0.932835, 0.932919] ; [0.668458, 0.669852]
[0.933917, 0.934001] ; [0.669852, 0.67125]
[0.934992, 0.935077] ; [0.67125, 0.672653]
[0.93606, 0.936146] ; [0.672653, 0.67406]
[0.937123, 0.937209] ; [0.67406, 0.675472]
[0.93818, 0.938266] ; [0.675472, 0.676889]
[0.939231, 0.939318] ; [0.676889, 0.678312]
[0.940278, 0.940366] ; [0.678312, 0.679741]
[0.941321, 0.941409] ; [0.679741, 0.681176]
[0.94236, 0.942449] ; [0.681176, 0.682618]
[0.943396, 0.943486] ; [0.682618, 0.684067]
[0.94443, 0.94452] ; [0.684067, 0.685523]
[0.94546, 0.945551] ; [0.685523, 0.686987]
[0.946489, 0.946581] ; [0.686987, 0.688459]
[0.947517, 0.947609] ; [0.688459, 0.689939]
[0.948544, 0.948636] ; [0.689939, 0.691428]
[0.94957, 0.949663] ; [0.691428, 0.692926]
[0.950596, 0.950689] ; [0.692926, 0.694433]
[0.951622, 0.951716] ; [0.694433, 0.69595]
[0.95265, 0.952744] ; [0.69595, 0.697477]
[0.953679, 0.953774] ; [0.697477, 0.699014]
[0.954709, 0.954805] ; [0.699014, 0.700562]
[0.955743, 0.955839] ; [0.700562, 0.702121]
[0.956779, 0.956876] ; [0.702121, 0.703691]
[0.957818, 0.957916] ; [0.703691, 0.705273]
[0.958862, 0.958961] ; [0.705273, 0.706868]
[0.95991, 0.96001] ; [0.706868, 0.708475]
[0.960964, 0.961064] ; [0.708475, 0.710095]
[0.962023, 0.962124] ; [0.710095, 0.711729]
[0.963089, 0.963191] ; [0.711729, 0.713377]
[0.964162, 0.964264] ; [0.713377, 0.715039]
[0.965243, 0.965346] ; [0.715039, 0.716717]
[0.966333, 0.966436] ; [0.716717, 0.71841]
[0.967431, 0.967535] ; [0.71841, 0.72012]
[0.96854, 0.968645] ; [0.72012, 0.721847]
[0.96966, 0.969765] ; [0.721847, 0.723592]
[0.970792, 0.970898] ; [0.723592, 0.725355]
[0.971937, 0.972043] ; [0.725355, 0.727138]
[0.973092, 0.973199] ; [0.727138, 0.728937]
[0.974258, 0.974366] ; [0.728937, 0.73075]
[0.975436, 0.975544] ; [0.73075, 0.732579]
[0.976626, 0.976735] ; [0.732579, 0.734425]
[0.97783, 0.97794] ; [0.734425, 0.736288]
[0.979048, 0.979159] ; [0.736288, 0.738169]
[0.980283, 0.980393] ; [0.738169, 0.740069]
[0.981534, 0.981645] ; [0.740069, 0.74199]
[0.982803, 0.982915] ; [0.74199, 0.743933]
[0.984092, 0.984204] ; [0.743933, 0.745898]
[0.985402, 0.985515] ; [0.745898, 0.747888]
[0.986735, 0.986848] ; [0.747888, 0.749904]
[0.988092, 0.988206] ; [0.749904, 0.751949]
[0.989476, 0.989591] ; [0.751949, 0.754024]
[0.99089, 0.991005] ; [0.754024, 0.756133]
[0.992334, 0.99245] ; [0.756133, 0.758277]
[0.993787, 0.993904] ; [0.758277, 0.760421]
[0.995222, 0.995339] ; [0.760421, 0.762527]
[0.99664, 0.996757] ; [0.762527, 0.764598]
[0.998043, 0.998161] ; [0.764598, 0.766635]
[0.999432, 0.999551] ; [0.766635, 0.768641]
[1.00081, 1.00093] ; [0.768641, 0.770616]
[1.00217, 1.00229] ; [0.770616, 0.772562]
[1.00352, 1.00364] ; [0.772562, 0.77448]
[1.00486, 1.00498] ; [0.77448, 0.776371]
[1.00618, 1.0063] ; [0.776371, 0.778235]
[1.0075, 1.00762] ; [0.778235, 0.780074]
[1.0088, 1.00892] ; [0.780074, 0.781889]
[1.0101, 1.01022] ; [0.781889, 0.783678]
[1.01138, 1.0115] ; [0.783678, 0.785444]
[1.01265, 1.01277] ; [0.785444, 0.787187]
[1.01391, 1.01403] ; [0.787187, 0.788907]
[1.01516, 1.01528] ; [0.788907, 0.790604]
[1.01639, 1.01652] ; [0.790604, 0.792279]
[1.01762, 1.01774] ; [0.792279, 0.793931]
[1.01884, 1.01896] ; [0.793931, 0.795562]
[1.02004, 1.02016] ; [0.795562, 0.797171]
[1.02123, 1.02136] ; [0.797171, 0.798758]
[1.02241, 1.02254] ; [0.798758, 0.800324]
[1.02358, 1.02371] ; [0.800324, 0.801868]
[1.02474, 1.02486] ; [0.801868, 0.80339]
[1.02588, 1.02601] ; [0.80339, 0.804892]
[1.02702, 1.02714] ; [0.804892, 0.806372]
[1.02813, 1.02826] ; [0.806372, 0.807831]
[1.02924, 1.02937] ; [0.807831, 0.809268]
[1.03034, 1.03047] ; [0.809268, 0.810693]
[1.03144, 1.03157] ; [0.810693, 0.812117]
[1.03255, 1.03267] ; [0.812117, 0.81354]
[1.03365, 1.03378] ; [0.81354, 0.814962]
[1.03476, 1.03489] ; [0.814962, 0.816382]
[1.03587, 1.036] ; [0.816382, 0.817801]
[1.03698, 1.03711] ; [0.817801, 0.81922]
[1.0381, 1.03823] ; [0.81922, 0.820638]
[1.03922, 1.03934] ; [0.820638, 0.822055]
[1.04033, 1.04046] ; [0.822055, 0.823472]
[1.04145, 1.04158] ; [0.823472, 0.824888]
[1.04258, 1.0427] ; [0.824888, 0.826304]
[1.0437, 1.04383] ; [0.826304, 0.827719]
[1.04483, 1.04495] ; [0.827719, 0.829135]
[1.04595, 1.04608] ; [0.829135, 0.83055]
[1.04708, 1.04721] ; [0.83055, 0.831965]
[1.04821, 1.04834] ; [0.831965, 0.83338]
[1.04935, 1.04948] ; [0.83338, 0.834795]
[1.05048, 1.05061] ; [0.834795, 0.836211]
[1.05162, 1.05175] ; [0.836211, 0.837627]
[1.05276, 1.05289] ; [0.837627, 0.839043]
[1.0539, 1.05402] ; [0.839043, 0.84046]
[1.05504, 1.05517] ; [0.84046, 0.841877]
[1.05618, 1.05631] ; [0.841877, 0.843295]
[1.05733, 1.05746] ; [0.843295, 0.844722]
[1.0585, 1.05863] ; [0.844722, 0.846167]
[1.05968, 1.05981] ; [0.846167, 0.847631]
[1.06088, 1.06101] ; [0.847631, 0.849114]
[1.0621, 1.06222] ; [0.849114, 0.850617]
[1.06333, 1.06345] ; [0.850617, 0.852138]
[1.06457, 1.0647] ; [0.852138, 0.853678]
[1.06583, 1.06596] ; [0.853678, 0.855237]
[1.06711, 1.06724] ; [0.855237, 0.856815]
[1.0684, 1.06853] ; [0.856815, 0.858412]
[1.06971, 1.06984] ; [0.858412, 0.860027]
[1.07103, 1.07115] ; [0.860027, 0.86166]
[1.07236, 1.07249] ; [0.86166, 0.86331]
[1.07371, 1.07384] ; [0.86331, 0.864977]
[1.07507, 1.0752] ; [0.864977, 0.866662]
[1.07644, 1.07657] ; [0.866662, 0.868366]
[1.07783, 1.07796] ; [0.868366, 0.870086]
[1.07923, 1.07935] ; [0.870086, 0.871826]
[1.08064, 1.08077] ; [0.871826, 0.873583]
[1.08207, 1.08219] ; [0.873583, 0.875359]
[1.0835, 1.08363] ; [0.875359, 0.877154]
[1.08496, 1.08508] ; [0.877154, 0.878969]
[1.08642, 1.08655] ; [0.878969, 0.880803]
[1.0879, 1.08803] ; [0.880803, 0.882657]
[1.08939, 1.08952] ; [0.882657, 0.884533]
[1.0909, 1.09103] ; [0.884533, 0.88643]
[1.09242, 1.09255] ; [0.88643, 0.888349]
[1.09395, 1.09408] ; [0.888349, 0.890292]
[1.09551, 1.09563] ; [0.890292, 0.892259]
[1.09707, 1.0972] ; [0.892259, 0.894252]
[1.09866, 1.09878] ; [0.894252, 0.896272]
[1.10026, 1.10038] ; [0.896272, 0.898321]
[1.10188, 1.102] ; [0.898321, 0.900401]
[1.10352, 1.10365] ; [0.900401, 0.902514]
[1.10518, 1.10531] ; [0.902514, 0.904662]
[1.10687, 1.107] ; [0.904662, 0.90685]
[1.10859, 1.10871] ; [0.90685, 0.90908]
[1.11033, 1.11046] ; [0.90908, 0.911358]
[1.11211, 1.11224] ; [0.911358, 0.913689]
[1.11393, 1.11406] ; [0.913689, 0.91608]
[1.1158, 1.11593] ; [0.91608, 0.918541]
[1.11772, 1.11785] ; [0.918541, 0.921083]
[1.11971, 1.11984] ; [0.921083, 0.923722]
[1.1216, 1.12173] ; [0.923722, 0.926241]
[1.12341, 1.12354] ; [0.926241, 0.928665]
[1.12516, 1.12529] ; [0.928665, 0.931005]
[1.12684, 1.12698] ; [0.931005, 0.933274]
[1.12848, 1.12862] ; [0.933274, 0.935482]
[1.13008, 1.13021] ; [0.935482, 0.937635]
[1.13164, 1.13177] ; [0.937635, 0.939741]
[1.13316, 1.1333] ; [0.939741, 0.941804]
[1.13466, 1.13479] ; [0.941804, 0.943829]
[1.13613, 1.13626] ; [0.943829, 0.94582]
[1.13758, 1.13771] ; [0.94582, 0.94778]
[1.139, 1.13914] ; [0.94778, 0.949711]
[1.14041, 1.14055] ; [0.949711, 0.951616]
[1.14179, 1.14193] ; [0.951616, 0.953491]
[1.14316, 1.1433] ; [0.953491, 0.955339]
[1.14451, 1.14465] ; [0.955339, 0.957162]
[1.14585, 1.14599] ; [0.957162, 0.958964]
[1.14717, 1.14731] ; [0.958964, 0.960745]
[1.14849, 1.14863] ; [0.960745, 0.962508]
[1.14979, 1.14993] ; [0.962508, 0.964254]
[1.15109, 1.15123] ; [0.964254, 0.965985]
[1.15238, 1.15252] ; [0.965985, 0.967703]
[1.15366, 1.1538] ; [0.967703, 0.969407]
[1.15494, 1.15509] ; [0.969407, 0.971101]
[1.15622, 1.15637] ; [0.971101, 0.972784]
[1.1575, 1.15764] ; [0.972784, 0.974459]
[1.15877, 1.15892] ; [0.974459, 0.976126]
[1.16005, 1.1602] ; [0.976126, 0.977786]
[1.16133, 1.16148] ; [0.977786, 0.97944]
[1.16261, 1.16276] ; [0.97944, 0.98109]
[1.1639, 1.16405] ; [0.98109, 0.982737]
[1.16519, 1.16534] ; [0.982737, 0.98438]
[1.16649, 1.16664] ; [0.98438, 0.986022]
[1.1678, 1.16795] ; [0.986022, 0.987663]
[1.16911, 1.16926] ; [0.987663, 0.989305]
[1.17043, 1.17059] ; [0.989305, 0.990947]
[1.17177, 1.17192] ; [0.990947, 0.992591]
[1.17311, 1.17327] ; [0.992591, 0.994239]
[1.17447, 1.17463] ; [0.994239, 0.99589]
[1.17584, 1.176] ; [0.99589, 0.997546]
[1.17723, 1.17739] ; [0.997546, 0.999208]
[1.17864, 1.17879] ; [0.999208, 1.00088]
[1.18006, 1.18022] ; [1.00088, 1.00255]
[1.1815, 1.18166] ; [1.00255, 1.00424]
[1.18296, 1.18312] ; [1.00424, 1.00594]
[1.18444, 1.1846] ; [1.00594, 1.00764]
[1.18595, 1.18611] ; [1.00764, 1.00936]
[1.18748, 1.18764] ; [1.00936, 1.01109]
[1.18903, 1.1892] ; [1.01109, 1.01284]
[1.19061, 1.19078] ; [1.01284, 1.0146]
[1.19223, 1.19239] ; [1.0146, 1.01638]
[1.19387, 1.19404] ; [1.01638, 1.01817]
[1.19554, 1.19571] ; [1.01817, 1.01999]
[1.19725, 1.19742] ; [1.01999, 1.02182]
[1.199, 1.19917] ; [1.02182, 1.02368]
[1.20078, 1.20095] ; [1.02368, 1.02556]
[1.20253, 1.2027] ; [1.02556, 1.02739]
[1.20427, 1.20445] ; [1.02739, 1.02919]
[1.20601, 1.20618] ; [1.02919, 1.03098]
[1.20774, 1.20791] ; [1.03098, 1.03274]
[1.20946, 1.20964] ; [1.03274, 1.03448]
[1.21118, 1.21136] ; [1.03448, 1.0362]
[1.2129, 1.21308] ; [1.0362, 1.03791]
[1.21461, 1.2148] ; [1.03791, 1.03961]
[1.21633, 1.21652] ; [1.03961, 1.04129]
[1.21805, 1.21824] ; [1.04129, 1.04297]
[1.21978, 1.21996] ; [1.04297, 1.04463]
[1.22151, 1.22169] ; [1.04463, 1.04629]
[1.22324, 1.22343] ; [1.04629, 1.04795]
[1.22498, 1.22517] ; [1.04795, 1.04959]
[1.22673, 1.22692] ; [1.04959, 1.05124]
[1.22848, 1.22867] ; [1.05124, 1.05288]
[1.23024, 1.23043] ; [1.05288, 1.05451]
[1.23201, 1.2322] ; [1.05451, 1.05615]
[1.23379, 1.23398] ; [1.05615, 1.05778]
[1.23557, 1.23577] ; [1.05778, 1.05941]
[1.23737, 1.23757] ; [1.05941, 1.06105]
[1.23918, 1.23937] ; [1.06105, 1.06268]
[1.241, 1.24119] ; [1.06268, 1.06432]
[1.24283, 1.24303] ; [1.06432, 1.06595]
[1.24467, 1.24487] ; [1.06595, 1.06759]
[1.24653, 1.24672] ; [1.06759, 1.06924]
[1.24839, 1.24859] ; [1.06924, 1.07089]
[1.25028, 1.25048] ; [1.07089, 1.07254]
[1.25217, 1.25237] ; [1.07254, 1.0742]
[1.25408, 1.25428] ; [1.0742, 1.07586]
[1.25601, 1.25621] ; [1.07586, 1.07753]
[1.25795, 1.25815] ; [1.07753, 1.0792]
[1.2599, 1.26011] ; [1.0792, 1.08089]
[1.26187, 1.26208] ; [1.08089, 1.08258]
[1.26386, 1.26407] ; [1.08258, 1.08427]
[1.26586, 1.26607] ; [1.08427, 1.08598]
[1.26788, 1.26809] ; [1.08598, 1.08769]
[1.26992, 1.27013] ; [1.08769, 1.08942]
[1.27198, 1.27219] ; [1.08942, 1.09115]
[1.27405, 1.27426] ; [1.09115, 1.09289]
[1.27614, 1.27636] ; [1.09289, 1.09465]
[1.27825, 1.27847] ; [1.09465, 1.09641]
[1.28038, 1.2806] ; [1.09641, 1.09819]
[1.28253, 1.28275] ; [1.09819, 1.09998]
[1.2847, 1.28492] ; [1.09998, 1.10178]
[1.2869, 1.28711] ; [1.10178, 1.10359]
[1.28911, 1.28933] ; [1.10359, 1.10542]
[1.29134, 1.29156] ; [1.10542, 1.10726]
[1.29359, 1.29382] ; [1.10726, 1.10912]
[1.29587, 1.29609] ; [1.10912, 1.11099]
[1.29817, 1.2984] ; [1.11099, 1.11288]
[1.3005, 1.30072] ; [1.11288, 1.11479]
[1.30284, 1.30307] ; [1.11479, 1.11671]
[1.30522, 1.30545] ; [1.11671, 1.11865]
[1.30762, 1.30785] ; [1.11865, 1.12061]
[1.31005, 1.31028] ; [1.12061, 1.12259]
[1.31251, 1.31274] ; [1.12259, 1.1246]
[1.315, 1.31523] ; [1.1246, 1.12663]
[1.31752, 1.31775] ; [1.12663, 1.12868]
[1.32007, 1.32031] ; [1.12868, 1.13076]
[1.32266, 1.3229] ; [1.13076, 1.13286]
[1.32529, 1.32553] ; [1.13286, 1.135]
[1.32796, 1.3282] ; [1.135, 1.13717]
[1.33067, 1.33091] ; [1.13717, 1.13937]
[1.33343, 1.33367] ; [1.13937, 1.14162]
[1.33619, 1.33644] ; [1.14162, 1.14386]
[1.33891, 1.33915] ; [1.14386, 1.14607]
[1.34158, 1.34182] ; [1.14607, 1.14824]
[1.34421, 1.34445] ; [1.14824, 1.15038]
[1.34679, 1.34704] ; [1.15038, 1.15249]
[1.34934, 1.34958] ; [1.15249, 1.15456]
[1.35184, 1.35209] ; [1.15456, 1.15661]
[1.35431, 1.35456] ; [1.15661, 1.15862]
[1.35675, 1.35699] ; [1.15862, 1.16061]
[1.35914, 1.35939] ; [1.16061, 1.16257]
[1.36151, 1.36176] ; [1.16257, 1.1645]
[1.36384, 1.36409] ; [1.1645, 1.16641]
[1.36614, 1.36639] ; [1.16641, 1.1683]
[1.36841, 1.36866] ; [1.1683, 1.17016]
[1.37065, 1.3709] ; [1.17016, 1.17199]
[1.37286, 1.37311] ; [1.17199, 1.17381]
[1.37504, 1.37529] ; [1.17381, 1.1756]
[1.37719, 1.37744] ; [1.1756, 1.17737]
[1.37931, 1.37957] ; [1.17737, 1.17911]
[1.38141, 1.38166] ; [1.17911, 1.18084]
[1.38348, 1.38373] ; [1.18084, 1.18254]
[1.38552, 1.38577] ; [1.18254, 1.18422]
[1.38753, 1.38779] ; [1.18422, 1.18589]
[1.38952, 1.38977] ; [1.18589, 1.18753]
[1.39148, 1.39174] ; [1.18753, 1.18915]
[1.39341, 1.39367] ; [1.18915, 1.19075]
[1.39532, 1.39558] ; [1.19075, 1.19233]
[1.39721, 1.39747] ; [1.19233, 1.1939]
[1.39907, 1.39933] ; [1.1939, 1.19544]
[1.40091, 1.40116] ; [1.19544, 1.19696]
[1.40272, 1.40298] ; [1.19696, 1.19847]
[1.40453, 1.40479] ; [1.19847, 1.19997]
[1.40633, 1.40659] ; [1.19997, 1.20147]
[1.40814, 1.4084] ; [1.20147, 1.20297]
[1.40994, 1.41019] ; [1.20297, 1.20446]
[1.41173, 1.41199] ; [1.20446, 1.20596]
[1.41353, 1.41378] ; [1.20596, 1.20745]
[1.41532, 1.41558] ; [1.20745, 1.20894]
[1.41711, 1.41736] ; [1.20894, 1.21043]
[1.41889, 1.41915] ; [1.21043, 1.21192]
[1.42068, 1.42094] ; [1.21192, 1.2134]
[1.42246, 1.42272] ; [1.2134, 1.21489]
[1.42424, 1.4245] ; [1.21489, 1.21637]
[1.42602, 1.42628] ; [1.21637, 1.21786]
[1.4278, 1.42806] ; [1.21786, 1.21934]
[1.42957, 1.42983] ; [1.21934, 1.22082]
[1.43135, 1.43161] ; [1.22082, 1.2223]
[1.43312, 1.43339] ; [1.2223, 1.22378]
[1.4349, 1.43516] ; [1.22378, 1.22527]
[1.43668, 1.43694] ; [1.22527, 1.22675]
[1.43845, 1.43871] ; [1.22675, 1.22822]
[1.44022, 1.44048] ; [1.22822, 1.2297]
[1.44199, 1.44226] ; [1.2297, 1.23118]
[1.44376, 1.44403] ; [1.23118, 1.23265]
[1.44554, 1.4458] ; [1.23265, 1.23413]
[1.44731, 1.44757] ; [1.23413, 1.2356]
[1.44908, 1.44934] ; [1.2356, 1.23708]
[1.45085, 1.45111] ; [1.23708, 1.23855]
[1.45262, 1.45288] ; [1.23855, 1.24002]
[1.45439, 1.45465] ; [1.24002, 1.2415]
[1.45616, 1.45642] ; [1.2415, 1.24297]
[1.45793, 1.4582] ; [1.24297, 1.24444]
[1.45971, 1.45997] ; [1.24444, 1.24591]
[1.46149, 1.46175] ; [1.24591, 1.24739]
[1.46326, 1.46353] ; [1.24739, 1.24886]
[1.46505, 1.46531] ; [1.24886, 1.25033]
[1.46684, 1.46711] ; [1.25033, 1.25182]
[1.46866, 1.46892] ; [1.25182, 1.25332]
[1.47049, 1.47076] ; [1.25332, 1.25483]
[1.47235, 1.47261] ; [1.25483, 1.25637]
[1.47422, 1.47449] ; [1.25637, 1.25791]
[1.47612, 1.47639] ; [1.25791, 1.25948]
[1.47804, 1.47831] ; [1.25948, 1.26105]
[1.47998, 1.48025] ; [1.26105, 1.26265]
[1.48195, 1.48222] ; [1.26265, 1.26426]
[1.48393, 1.4842] ; [1.26426, 1.26589]
[1.48594, 1.48621] ; [1.26589, 1.26753]
[1.48798, 1.48825] ; [1.26753, 1.26919]
[1.49004, 1.49031] ; [1.26919, 1.27087]
[1.49212, 1.49239] ; [1.27087, 1.27256]
[1.49423, 1.4945] ; [1.27256, 1.27428]
[1.49636, 1.49663] ; [1.27428, 1.27601]
[1.49852, 1.4988] ; [1.27601, 1.27777]
[1.50072, 1.50099] ; [1.27777, 1.27954]
[1.50294, 1.50321] ; [1.27954, 1.28133]
[1.50519, 1.50546] ; [1.28133, 1.28315]
[1.50747, 1.50775] ; [1.28315, 1.28499]
[1.50979, 1.51007] ; [1.28499, 1.28685]
[1.51215, 1.51243] ; [1.28685, 1.28874]
[1.51454, 1.51482] ; [1.28874, 1.29065]
[1.51698, 1.51726] ; [1.29065, 1.2926]
[1.51946, 1.51974] ; [1.2926, 1.29457]
[1.52198, 1.52226] ; [1.29457, 1.29658]
[1.52456, 1.52484] ; [1.29658, 1.29862]
[1.52719, 1.52747] ; [1.29862, 1.30071]
[1.52988, 1.53016] ; [1.30071, 1.30283]
[1.53264, 1.53292] ; [1.30283, 1.30501]
[1.53547, 1.53575] ; [1.30501, 1.30723]
[1.53838, 1.53866] ; [1.30723, 1.30952]
[1.54137, 1.54166] ; [1.30952, 1.31186]
[1.54435, 1.54464] ; [1.31186, 1.31419]
[1.54723, 1.54752] ; [1.31419, 1.31644]
[1.55004, 1.55033] ; [1.31644, 1.31863]
[1.55278, 1.55308] ; [1.31863, 1.32077]
[1.55546, 1.55576] ; [1.32077, 1.32285]
[1.55809, 1.55839] ; [1.32285, 1.32489]
[1.56067, 1.56096] ; [1.32489, 1.32689]
[1.5632, 1.5635] ; [1.32689, 1.32885]
[1.56569, 1.56599] ; [1.32885, 1.33078]
[1.56814, 1.56845] ; [1.33078, 1.33268]
[1.57056, 1.57087] ; [1.33268, 1.33455]
[1.57295, 1.57326] ; [1.33455, 1.3364]
[1.57531, 1.57562] ; [1.3364, 1.33822]
[1.57764, 1.57795] ; [1.33822, 1.34002]
[1.57993, 1.58025] ; [1.34002, 1.3418]
[1.5822, 1.58252] ; [1.3418, 1.34356]
[1.58444, 1.58476] ; [1.34356, 1.34529]
[1.58665, 1.58697] ; [1.34529, 1.347]
[1.58883, 1.58915] ; [1.347, 1.3487]
[1.59099, 1.59132] ; [1.3487, 1.35038]
[1.59313, 1.59345] ; [1.35038, 1.35204]
[1.59525, 1.59557] ; [1.35204, 1.35369]
[1.59734, 1.59767] ; [1.35369, 1.35532]
[1.59942, 1.59975] ; [1.35532, 1.35694]
[1.60147, 1.60181] ; [1.35694, 1.35855]
[1.60351, 1.60385] ; [1.35855, 1.36015]
[1.60554, 1.60587] ; [1.36015, 1.36174]
[1.60755, 1.60788] ; [1.36174, 1.36332]
[1.60954, 1.60988] ; [1.36332, 1.36489]
[1.61152, 1.61186] ; [1.36489, 1.36646]
[1.61348, 1.61383] ; [1.36646, 1.36802]
[1.61543, 1.61578] ; [1.36802, 1.36957]
[1.61737, 1.61772] ; [1.36957, 1.37112]
[1.6193, 1.61965] ; [1.37112, 1.37266]
[1.62122, 1.62157] ; [1.37266, 1.3742]
[1.62312, 1.62348] ; [1.3742, 1.37573]
[1.62502, 1.62538] ; [1.37573, 1.37727]
[1.62691, 1.62727] ; [1.37727, 1.3788]
[1.62878, 1.62914] ; [1.3788, 1.38033]
[1.63065, 1.63101] ; [1.38033, 1.38185]
[1.63251, 1.63287] ; [1.38185, 1.38338]
[1.63436, 1.63473] ; [1.38338, 1.38491]
[1.6362, 1.63657] ; [1.38491, 1.38643]
[1.63803, 1.63841] ; [1.38643, 1.38796]
[1.63986, 1.64024] ; [1.38796, 1.38949]
[1.64168, 1.64206] ; [1.38949, 1.39103]
[1.6435, 1.64388] ; [1.39103, 1.39256]
[1.64531, 1.6457] ; [1.39256, 1.3941]
[1.64712, 1.64751] ; [1.3941, 1.39565]
[1.64892, 1.64931] ; [1.39565, 1.39719]
[1.65072, 1.65111] ; [1.39719, 1.39875]
[1.65252, 1.65291] ; [1.39875, 1.40031]
[1.65431, 1.65471] ; [1.40031, 1.40188]
[1.6561, 1.6565] ; [1.40188, 1.40346]
[1.65789, 1.6583] ; [1.40346, 1.40504]
[1.65968, 1.66009] ; [1.40504, 1.40663]
[1.66146, 1.66187] ; [1.40663, 1.40824]
[1.66325, 1.66366] ; [1.40824, 1.40985]
[1.66503, 1.66545] ; [1.40985, 1.41147]
[1.66682, 1.66724] ; [1.41147, 1.41311]
[1.6686, 1.66902] ; [1.41311, 1.41476]
[1.67038, 1.67081] ; [1.41476, 1.41641]
[1.67217, 1.6726] ; [1.41641, 1.41809]
[1.67395, 1.67438] ; [1.41809, 1.41977]
[1.67574, 1.67617] ; [1.41977, 1.42147]
[1.6775, 1.67794] ; [1.42147, 1.42316]
[1.67922, 1.67967] ; [1.42316, 1.42483]
[1.68091, 1.68136] ; [1.42483, 1.42648]
[1.68257, 1.68303] ; [1.42648, 1.42811]
[1.68421, 1.68466] ; [1.42811, 1.42973]
[1.68581, 1.68627] ; [1.42973, 1.43133]
[1.6874, 1.68786] ; [1.43133, 1.43292]
[1.68896, 1.68942] ; [1.43292, 1.4345]
[1.69049, 1.69097] ; [1.4345, 1.43607]
[1.69201, 1.69249] ; [1.43607, 1.43764]
[1.69351, 1.69399] ; [1.43764, 1.43919]
[1.695, 1.69548] ; [1.43919, 1.44074]
[1.69646, 1.69695] ; [1.44074, 1.44228]
[1.69791, 1.6984] ; [1.44228, 1.44382]
[1.69935, 1.69984] ; [1.44382, 1.44535]
[1.70077, 1.70126] ; [1.44535, 1.44688]
[1.70217, 1.70267] ; [1.44688, 1.4484]
[1.70357, 1.70407] ; [1.4484, 1.44992]
[1.70495, 1.70545] ; [1.44992, 1.45143]
[1.70631, 1.70682] ; [1.45143, 1.45295]
[1.70767, 1.70818] ; [1.45295, 1.45446]
[1.70902, 1.70953] ; [1.45446, 1.45597]
[1.71036, 1.71087] ; [1.45597, 1.45748]
[1.71168, 1.71221] ; [1.45748, 1.45899]
[1.713, 1.71353] ; [1.45899, 1.4605]
[1.71432, 1.71484] ; [1.4605, 1.462]
[1.71562, 1.71615] ; [1.462, 1.46352]
[1.71692, 1.71745] ; [1.46352, 1.46503]
[1.71821, 1.71875] ; [1.46503, 1.46654]
[1.71949, 1.72004] ; [1.46654, 1.46806]
[1.72077, 1.72132] ; [1.46806, 1.46958]
[1.72205, 1.7226] ; [1.46958, 1.4711]
[1.72332, 1.72387] ; [1.4711, 1.47262]
[1.72459, 1.72514] ; [1.47262, 1.47415]
[1.72585, 1.72641] ; [1.47415, 1.47568]
[1.72711, 1.72767] ; [1.47568, 1.47722]
[1.72836, 1.72893] ; [1.47722, 1.47876]
[1.72962, 1.73019] ; [1.47876, 1.48031]
[1.73087, 1.73144] ; [1.48031, 1.48186]
[1.73212, 1.73269] ; [1.48186, 1.48342]
[1.73337, 1.73395] ; [1.48342, 1.48498]
[1.73462, 1.7352] ; [1.48498, 1.48655]
[1.73587, 1.73645] ; [1.48655, 1.48813]
[1.73712, 1.7377] ; [1.48813, 1.48971]
[1.73837, 1.73896] ; [1.48971, 1.4913]
[1.73962, 1.74021] ; [1.4913, 1.4929]
[1.74087, 1.74146] ; [1.4929, 1.49451]
[1.74213, 1.74272] ; [1.49451, 1.49612]
[1.74338, 1.74398] ; [1.49612, 1.49775]
[1.74464, 1.74524] ; [1.49775, 1.49938]
[1.7459, 1.7465] ; [1.49938, 1.50102]
[1.74717, 1.74777] ; [1.50102, 1.50268]
[1.74844, 1.74905] ; [1.50268, 1.50434]
[1.74971, 1.75032] ; [1.50434, 1.50601]
[1.75099, 1.75161] ; [1.50601, 1.5077]
[1.75228, 1.75289] ; [1.5077, 1.5094]
[1.75357, 1.75419] ; [1.5094, 1.5111]
[1.75487, 1.75549] ; [1.5111, 1.51283]
[1.75618, 1.7568] ; [1.51283, 1.51456]
[1.75749, 1.75811] ; [1.51456, 1.51631]
[1.75881, 1.75944] ; [1.51631, 1.51808]
[1.76014, 1.76077] ; [1.51808, 1.51985]
[1.76149, 1.76212] ; [1.51985, 1.52165]
[1.76284, 1.76347] ; [1.52165, 1.52345]
[1.7642, 1.76483] ; [1.52345, 1.52528]
[1.76557, 1.76621] ; [1.52528, 1.52712]
[1.76696, 1.7676] ; [1.52712, 1.52898]
[1.76836, 1.769] ; [1.52898, 1.53086]
[1.76977, 1.77042] ; [1.53086, 1.53277]
[1.77121, 1.77185] ; [1.53277, 1.53469]
[1.77266, 1.7733] ; [1.53469, 1.53664]
[1.77412, 1.77477] ; [1.53664, 1.53861]
[1.77561, 1.77626] ; [1.53861, 1.5406]
[1.77711, 1.77776] ; [1.5406, 1.54262]
[1.7786, 1.77925] ; [1.54262, 1.54462]
[1.78007, 1.78073] ; [1.54462, 1.5466]
[1.78153, 1.78218] ; [1.5466, 1.54854]
[1.78296, 1.78362] ; [1.54854, 1.55047]
[1.78438, 1.78504] ; [1.55047, 1.55237]
[1.78579, 1.78645] ; [1.55237, 1.55424]
[1.78718, 1.78784] ; [1.55424, 1.55609]
[1.78855, 1.78921] ; [1.55609, 1.55792]
[1.78991, 1.79057] ; [1.55792, 1.55973]
[1.79125, 1.79191] ; [1.55973, 1.56151]
[1.79258, 1.79325] ; [1.56151, 1.56328]
[1.7939, 1.79456] ; [1.56328, 1.56502]
[1.7952, 1.79587] ; [1.56502, 1.56675]
[1.79649, 1.79716] ; [1.56675, 1.56845]
[1.79777, 1.79844] ; [1.56845, 1.57014]
[1.79903, 1.7997] ; [1.57014, 1.57181]
[1.80029, 1.80095] ; [1.57181, 1.57345]
[1.80153, 1.8022] ; [1.57345, 1.57508]
[1.80276, 1.80342] ; [1.57508, 1.57669]
[1.80398, 1.80465] ; [1.57669, 1.57829]
[1.8052, 1.80587] ; [1.57829, 1.57989]
[1.80642, 1.80709] ; [1.57989, 1.58148]
[1.80764, 1.80831] ; [1.58148, 1.58306]
[1.80885, 1.80952] ; [1.58306, 1.58465]
[1.81007, 1.81074] ; [1.58465, 1.58623]
[1.81129, 1.81196] ; [1.58623, 1.58781]
[1.81251, 1.81318] ; [1.58781, 1.58939]
[1.81372, 1.81439] ; [1.58939, 1.59096]
[1.81494, 1.81561] ; [1.59096, 1.59253]
[1.81616, 1.81683] ; [1.59253, 1.5941]
[1.81738, 1.81805] ; [1.5941, 1.59567]
[1.81859, 1.81927] ; [1.59567, 1.59724]
[1.81981, 1.82049] ; [1.59724, 1.5988]
[1.82103, 1.82171] ; [1.5988, 1.60036]
[1.82225, 1.82293] ; [1.60036, 1.60193]
[1.82347, 1.82415] ; [1.60193, 1.60349]
[1.82469, 1.82537] ; [1.60349, 1.60505]
[1.82592, 1.82659] ; [1.60505, 1.60661]
[1.82714, 1.82782] ; [1.60661, 1.60817]
[1.82837, 1.82904] ; [1.60817, 1.60972]
[1.82959, 1.83027] ; [1.60972, 1.61128]
[1.83082, 1.8315] ; [1.61128, 1.61284]
[1.83205, 1.83273] ; [1.61284, 1.6144]
[1.83328, 1.83396] ; [1.6144, 1.61596]
[1.83451, 1.83519] ; [1.61596, 1.61752]
[1.83575, 1.83643] ; [1.61752, 1.61908]
[1.83698, 1.83766] ; [1.61908, 1.62064]
[1.83822, 1.8389] ; [1.62064, 1.6222]
[1.83946, 1.84014] ; [1.6222, 1.62376]
[1.8407, 1.84138] ; [1.62376, 1.62532]
[1.84195, 1.84263] ; [1.62532, 1.62689]
[1.84319, 1.84387] ; [1.62689, 1.62845]
[1.84444, 1.84512] ; [1.62845, 1.63002]
[1.84569, 1.84637] ; [1.63002, 1.63159]
[1.84694, 1.84762] ; [1.63159, 1.63316]
[1.8482, 1.84888] ; [1.63316, 1.63473]
[1.84946, 1.85014] ; [1.63473, 1.63631]
[1.85072, 1.8514] ; [1.63631, 1.63789]
[1.85198, 1.85266] ; [1.63789, 1.63947]
[1.85325, 1.85393] ; [1.63947, 1.64105]
[1.85452, 1.8552] ; [1.64105, 1.64264]
[1.8558, 1.85648] ; [1.64264, 1.64423]
[1.85707, 1.85776] ; [1.64423, 1.64583]
[1.85836, 1.85904] ; [1.64583, 1.64743]
[1.85964, 1.86032] ; [1.64743, 1.64903]
[1.86093, 1.86161] ; [1.64903, 1.65064]
[1.86222, 1.8629] ; [1.65064, 1.65225]
[1.86351, 1.8642] ; [1.65225, 1.65386]
[1.86482, 1.8655] ; [1.65386, 1.65549]
[1.86613, 1.86682] ; [1.65549, 1.65713]
[1.86746, 1.86815] ; [1.65713, 1.65879]
[1.86881, 1.8695] ; [1.65879, 1.66046]
[1.87017, 1.87086] ; [1.66046, 1.66216]
[1.87154, 1.87223] ; [1.66216, 1.66387]
[1.87293, 1.87362] ; [1.66387, 1.6656]
[1.87434, 1.87503] ; [1.6656, 1.66735]
[1.87576, 1.87645] ; [1.66735, 1.66912]
[1.87719, 1.87788] ; [1.66912, 1.67091]
[1.87864, 1.87933] ; [1.67091, 1.67272]
[1.88011, 1.8808] ; [1.67272, 1.67455]
[1.88159, 1.88229] ; [1.67455, 1.6764]
[1.8831, 1.88379] ; [1.6764, 1.67827]
[1.88462, 1.88531] ; [1.67827, 1.68016]
[1.88615, 1.88685] ; [1.68016, 1.68208]
[1.88771, 1.88841] ; [1.68208, 1.68402]
[1.88929, 1.88998] ; [1.68402, 1.68599]
[1.89088, 1.89158] ; [1.68599, 1.68798]
[1.8925, 1.8932] ; [1.68798, 1.69]
[1.89415, 1.89485] ; [1.69, 1.69204]
[1.89581, 1.89651] ; [1.69204, 1.69412]
[1.8975, 1.89821] ; [1.69412, 1.69623]
[1.89922, 1.89992] ; [1.69623, 1.69836]
[1.90096, 1.90166] ; [1.69836, 1.70053]
[1.90272, 1.90343] ; [1.70053, 1.70273]
[1.90452, 1.90523] ; [1.70273, 1.70497]
[1.90634, 1.90706] ; [1.70497, 1.70724]
[1.9082, 1.90891] ; [1.70724, 1.70954]
[1.91001, 1.91073] ; [1.70954, 1.7118]
[1.91178, 1.9125] ; [1.7118, 1.71399]
[1.91352, 1.91424] ; [1.71399, 1.71615]
[1.91522, 1.91594] ; [1.71615, 1.71826]
[1.91689, 1.91762] ; [1.71826, 1.72033]
[1.91854, 1.91927] ; [1.72033, 1.72237]
[1.92017, 1.9209] ; [1.72237, 1.72437]
[1.92177, 1.9225] ; [1.72437, 1.72635]
[1.92336, 1.92409] ; [1.72635, 1.7283]
[1.92493, 1.92566] ; [1.7283, 1.73023]
[1.92648, 1.92722] ; [1.73023, 1.73213]
[1.92802, 1.92876] ; [1.73213, 1.73401]
[1.92954, 1.93029] ; [1.73401, 1.73587]
[1.93106, 1.9318] ; [1.73587, 1.73771]
[1.93256, 1.93331] ; [1.73771, 1.73954]
[1.93406, 1.93481] ; [1.73954, 1.74135]
[1.93554, 1.9363] ; [1.74135, 1.74315]
[1.93702, 1.93778] ; [1.74315, 1.74493]
[1.9385, 1.93925] ; [1.74493, 1.7467]
[1.93996, 1.94072] ; [1.7467, 1.74846]
[1.94143, 1.94219] ; [1.74846, 1.75021]
[1.94288, 1.94365] ; [1.75021, 1.75195]
[1.94434, 1.94511] ; [1.75195, 1.75368]
[1.94579, 1.94657] ; [1.75368, 1.7554]
[1.94725, 1.94802] ; [1.7554, 1.75711]
[1.9487, 1.94948] ; [1.75711, 1.75882]
[1.95015, 1.95093] ; [1.75882, 1.76051]
[1.9516, 1.95238] ; [1.76051, 1.76221]
[1.95305, 1.95384] ; [1.76221, 1.7639]
[1.95451, 1.9553] ; [1.7639, 1.76558]
[1.95596, 1.95676] ; [1.76558, 1.76726]
[1.95742, 1.95822] ; [1.76726, 1.76894]
[1.95888, 1.95968] ; [1.76894, 1.77061]
[1.96035, 1.96115] ; [1.77061, 1.77228]
[1.96182, 1.96263] ; [1.77228, 1.77395]
[1.96329, 1.96411] ; [1.77395, 1.77562]
[1.96477, 1.9656] ; [1.77562, 1.77729]
[1.96626, 1.96709] ; [1.77729, 1.77895]
[1.96775, 1.96859] ; [1.77895, 1.78062]
[1.96925, 1.9701] ; [1.78062, 1.78229]
[1.97076, 1.97161] ; [1.78229, 1.78395]
[1.97228, 1.97314] ; [1.78395, 1.78563]
[1.97381, 1.97467] ; [1.78563, 1.7873]
[1.97534, 1.97621] ; [1.7873, 1.78897]
[1.97689, 1.97776] ; [1.78897, 1.79065]
[1.97845, 1.97933] ; [1.79065, 1.79233]
[1.98002, 1.9809] ; [1.79233, 1.79402]
[1.9816, 1.98249] ; [1.79402, 1.79571]
[1.98319, 1.98409] ; [1.79571, 1.79741]
[1.9848, 1.9857] ; [1.79741, 1.79911]
[1.98642, 1.98733] ; [1.79911, 1.80082]
[1.98806, 1.98898] ; [1.80082, 1.80253]
[1.98971, 1.99063] ; [1.80253, 1.80426]
[1.99137, 1.99231] ; [1.80426, 1.80599]
[1.99306, 1.994] ; [1.80599, 1.80773]
[1.99476, 1.9957] ; [1.80773, 1.80947]
[1.99646, 1.99742] ; [1.80947, 1.81122]
[1.99817, 1.99912] ; [1.81122, 1.81295]
[1.99987, 2.00083] ; [1.81295, 1.81468]
[2.00157, 2.00254] ; [1.81468, 1.81639]
[2.00327, 2.00425] ; [1.81639, 1.8181]
[2.00498, 2.00596] ; [1.8181, 1.8198]
[2.00668, 2.00767] ; [1.8198, 1.82149]
[2.00839, 2.00939] ; [1.82149, 1.82318]
[2.0101, 2.0111] ; [1.82318, 1.82487]
[2.01182, 2.01282] ; [1.82487, 1.82655]
[2.01353, 2.01454] ; [1.82655, 1.82822]
[2.01525, 2.01627] ; [1.82822, 1.82989]
[2.01697, 2.018] ; [1.82989, 1.83156]
[2.0187, 2.01973] ; [1.83156, 1.83322]
[2.02043, 2.02147] ; [1.83322, 1.83488]
[2.02217, 2.02321] ; [1.83488, 1.83654]
[2.0239, 2.02495] ; [1.83654, 1.8382]
[2.02565, 2.0267] ; [1.8382, 1.83985]
[2.0274, 2.02845] ; [1.83985, 1.8415]
[2.02915, 2.03021] ; [1.8415, 1.84315]
[2.03091, 2.03198] ; [1.84315, 1.8448]
[2.03268, 2.03375] ; [1.8448, 1.84645]
[2.03445, 2.03553] ; [1.84645, 1.8481]
[2.03623, 2.03731] ; [1.8481, 1.84975]
[2.03802, 2.0391] ; [1.84975, 1.85141]
[2.03981, 2.0409] ; [1.85141, 1.85306]
[2.04161, 2.04271] ; [1.85306, 1.85472]
[2.04342, 2.04453] ; [1.85472, 1.85637]
[2.04524, 2.04635] ; [1.85637, 1.85803]
[2.04707, 2.04819] ; [1.85803, 1.8597]
[2.04891, 2.05003] ; [1.8597, 1.86137]
[2.05076, 2.05188] ; [1.86137, 1.86304]
[2.05262, 2.05375] ; [1.86304, 1.86472]
[2.05449, 2.05562] ; [1.86472, 1.8664]
[2.05637, 2.05751] ; [1.8664, 1.86808]
[2.05826, 2.0594] ; [1.86808, 1.86978]
[2.06016, 2.06131] ; [1.86978, 1.87147]
[2.06208, 2.06323] ; [1.87147, 1.87318]
[2.06401, 2.06516] ; [1.87318, 1.87489]
[2.06594, 2.06711] ; [1.87489, 1.87661]
[2.0679, 2.06906] ; [1.87661, 1.87833]
[2.06986, 2.07103] ; [1.87833, 1.88007]
[2.07184, 2.07302] ; [1.88007, 1.88181]
[2.07383, 2.07501] ; [1.88181, 1.88356]
[2.07584, 2.07702] ; [1.88356, 1.88531]
[2.07786, 2.07905] ; [1.88531, 1.88708]
[2.07989, 2.08108] ; [1.88708, 1.88885]
[2.08194, 2.08314] ; [1.88885, 1.89064]
[2.084, 2.0852] ; [1.89064, 1.89243]
[2.08607, 2.08728] ; [1.89243, 1.89423]
[2.08816, 2.08937] ; [1.89423, 1.89604]
[2.09026, 2.09148] ; [1.89604, 1.89786]
[2.09238, 2.0936] ; [1.89786, 1.89969]
[2.09451, 2.09574] ; [1.89969, 1.90153]
[2.09666, 2.09789] ; [1.90153, 1.90338]
[2.09883, 2.10007] ; [1.90338, 1.90525]
[2.10102, 2.10226] ; [1.90525, 1.90713]
[2.10323, 2.10447] ; [1.90713, 1.90902]
[2.10545, 2.1067] ; [1.90902, 1.91093]
[2.1077, 2.10895] ; [1.91093, 1.91285]
[2.10997, 2.11123] ; [1.91285, 1.9148]
[2.11223, 2.1135] ; [1.9148, 1.91673]
[2.11449, 2.11576] ; [1.91673, 1.91865]
[2.11673, 2.118] ; [1.91865, 1.92057]
[2.11896, 2.12024] ; [1.92057, 1.92247]
[2.12117, 2.12246] ; [1.92247, 1.92435]
[2.12338, 2.12466] ; [1.92435, 1.92623]
[2.12557, 2.12686] ; [1.92623, 1.92809]
[2.12775, 2.12904] ; [1.92809, 1.92994]
[2.12991, 2.13121] ; [1.92994, 1.93178]
[2.13206, 2.13336] ; [1.93178, 1.9336]
[2.13419, 2.1355] ; [1.9336, 1.93542]
[2.13631, 2.13762] ; [1.93542, 1.93721]
[2.13842, 2.13973] ; [1.93721, 1.939]
[2.14051, 2.14182] ; [1.939, 1.94077]
[2.14258, 2.1439] ; [1.94077, 1.94253]
[2.14464, 2.14596] ; [1.94253, 1.94427]
[2.14668, 2.14801] ; [1.94427, 1.946]
[2.14871, 2.15004] ; [1.946, 1.94771]
[2.15072, 2.15205] ; [1.94771, 1.94942]
[2.15272, 2.15405] ; [1.94942, 1.9511]
[2.1547, 2.15604] ; [1.9511, 1.95278]
[2.15669, 2.15803] ; [1.95278, 1.95446]
[2.15867, 2.16001] ; [1.95446, 1.95614]
[2.16065, 2.162] ; [1.95614, 1.95781]
[2.16263, 2.16398] ; [1.95781, 1.95948]
[2.16461, 2.16596] ; [1.95948, 1.96116]
[2.16658, 2.16794] ; [1.96116, 1.96282]
[2.16855, 2.16991] ; [1.96282, 1.96449]
[2.17053, 2.17189] ; [1.96449, 1.96616]
[2.1725, 2.17386] ; [1.96616, 1.96782]
[2.17447, 2.17583] ; [1.96782, 1.96949]
[2.17644, 2.1778] ; [1.96949, 1.97115]
[2.1784, 2.17977] ; [1.97115, 1.97281]
[2.18037, 2.18174] ; [1.97281, 1.97447]
[2.18234, 2.18371] ; [1.97447, 1.97613]
[2.1843, 2.18568] ; [1.97613, 1.97779]
[2.18627, 2.18764] ; [1.97779, 1.97944]
[2.18823, 2.18961] ; [1.97944, 1.9811]
[2.19019, 2.19158] ; [1.9811, 1.98276]
[2.19216, 2.19354] ; [1.98276, 1.98441]
[2.19412, 2.19551] ; [1.98441, 1.98607]
[2.19608, 2.19747] ; [1.98607, 1.98772]
[2.19804, 2.19943] ; [1.98772, 1.98937]
[2.2, 2.20139] ; [1.98937, 1.99103]
[2.20196, 2.20335] ; [1.99103, 1.99267]
[2.20392, 2.20531] ; [1.99267, 1.99432]
[2.20587, 2.20727] ; [1.99432, 1.99597]
[2.20782, 2.20922] ; [1.99597, 1.99761]
[2.20978, 2.21118] ; [1.99761, 1.99926]
[2.21173, 2.21313] ; [1.99926, 2.0009]
[2.21368, 2.21508] ; [2.0009, 2.00254]
[2.21563, 2.21704] ; [2.00254, 2.00418]
[2.21758, 2.21899] ; [2.00418, 2.00582]
[2.21953, 2.22094] ; [2.00582, 2.00746]
[2.22147, 2.22289] ; [2.00746, 2.00909]
[2.22342, 2.22484] ; [2.00909, 2.01073]
[2.22537, 2.22679] ; [2.01073, 2.01237]
[2.22732, 2.22874] ; [2.01237, 2.014]
[2.22927, 2.23069] ; [2.014, 2.01564]
[2.23122, 2.23264] ; [2.01564, 2.01727]
[2.23317, 2.23459] ; [2.01727, 2.01891]
[2.23512, 2.23655] ; [2.01891, 2.02054]
[2.23707, 2.2385] ; [2.02054, 2.02218]
[2.23902, 2.24046] ; [2.02218, 2.02381]
[2.24098, 2.24241] ; [2.02381, 2.02545]
[2.24294, 2.24437] ; [2.02545, 2.02709]
[2.2449, 2.24634] ; [2.02709, 2.02873]
[2.24686, 2.2483] ; [2.02873, 2.03037]
[2.24882, 2.25027] ; [2.03037, 2.03201]
[2.25079, 2.25224] ; [2.03201, 2.03365]
[2.25276, 2.25421] ; [2.03365, 2.0353]
[2.25474, 2.25619] ; [2.0353, 2.03694]
[2.25671, 2.25817] ; [2.03694, 2.03859]
[2.2587, 2.26015] ; [2.03859, 2.04025]
[2.26068, 2.26214] ; [2.04025, 2.0419]
[2.26267, 2.26414] ; [2.0419, 2.04356]
[2.26467, 2.26613] ; [2.04356, 2.04522]
[2.26667, 2.26814] ; [2.04522, 2.04688]
[2.26867, 2.27015] ; [2.04688, 2.04855]
[2.27069, 2.27216] ; [2.04855, 2.05022]
[2.2727, 2.27418] ; [2.05022, 2.05189]
[2.27473, 2.27621] ; [2.05189, 2.05357]
[2.27676, 2.27824] ; [2.05357, 2.05526]
[2.27879, 2.28028] ; [2.05526, 2.05695]
[2.28084, 2.28233] ; [2.05695, 2.05864]
[2.28291, 2.28441] ; [2.05864, 2.06036]
[2.285, 2.2865] ; [2.06036, 2.06209]
[2.2871, 2.28861] ; [2.06209, 2.06383]
[2.28923, 2.29074] ; [2.06383, 2.06559]
[2.29138, 2.2929] ; [2.06559, 2.06737]
[2.29355, 2.29507] ; [2.06737, 2.06916]
[2.29574, 2.29727] ; [2.06916, 2.07097]
[2.29795, 2.29948] ; [2.07097, 2.0728]
[2.30019, 2.30172] ; [2.0728, 2.07465]
[2.30245, 2.30399] ; [2.07465, 2.07651]
[2.30473, 2.30627] ; [2.07651, 2.07839]
[2.30703, 2.30858] ; [2.07839, 2.08029]
[2.30935, 2.31091] ; [2.08029, 2.08221]
[2.3117, 2.31326] ; [2.08221, 2.08415]
[2.31403, 2.3156] ; [2.08415, 2.08607]
[2.31633, 2.31791] ; [2.08607, 2.08797]
[2.3186, 2.32018] ; [2.08797, 2.08984]
[2.32083, 2.32242] ; [2.08984, 2.09168]
[2.32302, 2.32462] ; [2.09168, 2.09349]
[2.32519, 2.3268] ; [2.09349, 2.09528]
[2.32732, 2.32894] ; [2.09528, 2.09705]
[2.32943, 2.33105] ; [2.09705, 2.09879]
[2.33151, 2.33314] ; [2.09879, 2.1005]
[2.33356, 2.3352] ; [2.1005, 2.1022]
[2.33558, 2.33723] ; [2.1022, 2.10388]
[2.33759, 2.33924] ; [2.10388, 2.10554]
[2.33956, 2.34123] ; [2.10554, 2.10718]
[2.34152, 2.34319] ; [2.10718, 2.1088]
[2.34346, 2.34514] ; [2.1088, 2.11041]
[2.34537, 2.34706] ; [2.11041, 2.112]
[2.34726, 2.34896] ; [2.112, 2.11358]
[2.34914, 2.35085] ; [2.11358, 2.11514]
[2.351, 2.35272] ; [2.11514, 2.11669]
[2.35284, 2.35457] ; [2.11669, 2.11823]
[2.35466, 2.3564] ; [2.11823, 2.11975]
[2.35646, 2.35821] ; [2.11975, 2.12126]
[2.35824, 2.36001] ; [2.12126, 2.12276]
[2.36001, 2.36178] ; [2.12276, 2.12424]
[2.36176, 2.36354] ; [2.12424, 2.12571]
[2.36349, 2.36529] ; [2.12571, 2.12717]
[2.36521, 2.36702] ; [2.12717, 2.12862]
[2.36691, 2.36874] ; [2.12862, 2.13007]
[2.3686, 2.37044] ; [2.13007, 2.1315]
[2.37028, 2.37213] ; [2.1315, 2.13292]
[2.37195, 2.37381] ; [2.13292, 2.13434]
[2.3736, 2.37548] ; [2.13434, 2.13575]
[2.37524, 2.37713] ; [2.13575, 2.13715]
[2.37687, 2.37878] ; [2.13715, 2.13854]
[2.3785, 2.38041] ; [2.13854, 2.13993]
[2.38011, 2.38204] ; [2.13993, 2.14132]
[2.38171, 2.38366] ; [2.14132, 2.1427]
[2.3833, 2.38526] ; [2.1427, 2.14407]
[2.38489, 2.38686] ; [2.14407, 2.14544]
[2.38647, 2.38845] ; [2.14544, 2.14681]
[2.38803, 2.39003] ; [2.14681, 2.14817]
[2.38959, 2.39161] ; [2.14817, 2.14953]
[2.39115, 2.39317] ; [2.14953, 2.15089]
[2.39269, 2.39473] ; [2.15089, 2.15224]
[2.39423, 2.39628] ; [2.15224, 2.15359]
[2.39576, 2.39783] ; [2.15359, 2.15493]
[2.39728, 2.39936] ; [2.15493, 2.15627]
[2.39879, 2.40089] ; [2.15627, 2.15761]
[2.4003, 2.40241] ; [2.15761, 2.15895]
[2.4018, 2.40392] ; [2.15895, 2.16029]
[2.40329, 2.40543] ; [2.16029, 2.16162]
[2.40478, 2.40693] ; [2.16162, 2.16295]
[2.40626, 2.40843] ; [2.16295, 2.16428]
[2.40773, 2.40991] ; [2.16428, 2.1656]
[2.4092, 2.4114] ; [2.1656, 2.16693]
[2.41066, 2.41287] ; [2.16693, 2.16825]
[2.41211, 2.41434] ; [2.16825, 2.16958]
[2.41356, 2.4158] ; [2.16958, 2.1709]
[2.41501, 2.41726] ; [2.1709, 2.17222]
[2.41644, 2.41872] ; [2.17222, 2.17354]
[2.41788, 2.42017] ; [2.17354, 2.17486]
[2.41931, 2.42161] ; [2.17486, 2.17618]
[2.42073, 2.42305] ; [2.17618, 2.1775]
[2.42215, 2.42448] ; [2.1775, 2.17882]
[2.42356, 2.42591] ; [2.17882, 2.18014]
[2.42497, 2.42734] ; [2.18014, 2.18147]
[2.42638, 2.42876] ; [2.18147, 2.18279]
[2.42778, 2.43018] ; [2.18279, 2.18411]
[2.42918, 2.43159] ; [2.18411, 2.18544]
[2.43057, 2.433] ; [2.18544, 2.18677]
[2.43197, 2.43441] ; [2.18677, 2.1881]
[2.43336, 2.43582] ; [2.1881, 2.18943]
[2.43474, 2.43722] ; [2.18943, 2.19077]
[2.43613, 2.43862] ; [2.19077, 2.1921]
[2.43751, 2.44002] ; [2.1921, 2.19344]
[2.43889, 2.44141] ; [2.19344, 2.19479]
[2.44027, 2.44281] ; [2.19479, 2.19613]
[2.44164, 2.4442] ; [2.19613, 2.19748]
[2.44301, 2.44559] ; [2.19748, 2.19884]
[2.44438, 2.44697] ; [2.19884, 2.20019]
[2.44573, 2.44834] ; [2.20019, 2.20153]
[2.44708, 2.4497] ; [2.20153, 2.20288]
[2.44842, 2.45106] ; [2.20288, 2.20422]
[2.44976, 2.45241] ; [2.20422, 2.20556]
[2.45108, 2.45375] ; [2.20556, 2.2069]
[2.4524, 2.45508] ; [2.2069, 2.20823]
[2.45371, 2.45641] ; [2.20823, 2.20957]
[2.45502, 2.45773] ; [2.20957, 2.2109]
[2.45632, 2.45905] ; [2.2109, 2.21224]
[2.45762, 2.46036] ; [2.21224, 2.21357]
[2.45891, 2.46166] ; [2.21357, 2.2149]
[2.46019, 2.46296] ; [2.2149, 2.21624]
[2.46147, 2.46426] ; [2.21624, 2.21757]
[2.46275, 2.46555] ; [2.21757, 2.2189]
[2.46402, 2.46684] ; [2.2189, 2.22024]
[2.46529, 2.46812] ; [2.22024, 2.22157]
[2.46655, 2.4694] ; [2.22157, 2.22291]
[2.46781, 2.47067] ; [2.22291, 2.22424]
[2.46906, 2.47193] ; [2.22424, 2.22558]
[2.47031, 2.47319] ; [2.22558, 2.22691]
[2.47155, 2.47445] ; [2.22691, 2.22824]
[2.47279, 2.4757] ; [2.22824, 2.22958]
[2.47402, 2.47695] ; [2.22958, 2.23091]
[2.47525, 2.47819] ; [2.23091, 2.23225]
[2.47648, 2.47943] ; [2.23225, 2.23358]
[2.4777, 2.48066] ; [2.23358, 2.23492]
[2.47892, 2.4819] ; [2.23492, 2.23626]
[2.48013, 2.48312] ; [2.23626, 2.2376]
[2.48135, 2.48435] ; [2.2376, 2.23894]
[2.48256, 2.48557] ; [2.23894, 2.24028]
[2.48377, 2.48679] ; [2.24028, 2.24162]
[2.48497, 2.48801] ; [2.24162, 2.24297]
[2.48617, 2.48923] ; [2.24297, 2.24432]
[2.48738, 2.49044] ; [2.24432, 2.24567]
[2.48858, 2.49165] ; [2.24567, 2.24702]
[2.48977, 2.49286] ; [2.24702, 2.24838]
[2.49097, 2.49407] ; [2.24838, 2.24973]
[2.49217, 2.49528] ; [2.24973, 2.25109]
[2.49336, 2.49648] ; [2.25109, 2.25246]
[2.49455, 2.49768] ; [2.25246, 2.25382]
[2.49575, 2.49889] ; [2.25382, 2.25519]
[2.49694, 2.50009] ; [2.25519, 2.25657]
[2.49813, 2.50129] ; [2.25657, 2.25794]
[2.49932, 2.50249] ; [2.25794, 2.25932]
[2.50051, 2.50369] ; [2.25932, 2.26071]
[2.5017, 2.50489] ; [2.26071, 2.26209]
[2.50289, 2.50609] ; [2.26209, 2.26348]
[2.50408, 2.50729] ; [2.26348, 2.26487]
[2.50527, 2.50849] ; [2.26487, 2.26627]
[2.50645, 2.50969] ; [2.26627, 2.26767]
[2.50764, 2.51089] ; [2.26767, 2.26907]
[2.50883, 2.51208] ; [2.26907, 2.27048]
[2.51001, 2.51328] ; [2.27048, 2.27188]
[2.5112, 2.51448] ; [2.27188, 2.27329]
[2.51239, 2.51567] ; [2.27329, 2.27471]
[2.51357, 2.51687] ; [2.27471, 2.27612]
[2.51475, 2.51806] ; [2.27612, 2.27753]
[2.51592, 2.51924] ; [2.27753, 2.27894]
[2.51709, 2.52042] ; [2.27894, 2.28034]
[2.51825, 2.52159] ; [2.28034, 2.28174]
[2.51941, 2.52276] ; [2.28174, 2.28314]
[2.52056, 2.52392] ; [2.28314, 2.28454]
[2.52171, 2.52509] ; [2.28454, 2.28593]
[2.52286, 2.52624] ; [2.28593, 2.28732]
[2.524, 2.5274] ; [2.28732, 2.28871]
[2.52514, 2.52855] ; [2.28871, 2.2901]
[2.52628, 2.5297] ; [2.2901, 2.29149]
[2.52742, 2.53085] ; [2.29149, 2.29288]
[2.52855, 2.532] ; [2.29288, 2.29427]
[2.52969, 2.53314] ; [2.29427, 2.29566]
[2.53082, 2.53429] ; [2.29566, 2.29705]
[2.53195, 2.53543] ; [2.29705, 2.29844]
[2.53308, 2.53657] ; [2.29844, 2.29983]
[2.53421, 2.53772] ; [2.29983, 2.30122]
[2.53534, 2.53886] ; [2.30122, 2.30261]
[2.53647, 2.54] ; [2.30261, 2.304]
[2.5376, 2.54114] ; [2.304, 2.3054]
[2.53873, 2.54228] ; [2.3054, 2.30679]
[2.53986, 2.54342] ; [2.30679, 2.30819]
[2.54099, 2.54457] ; [2.30819, 2.30959]
[2.54212, 2.54571] ; [2.30959, 2.31099]
[2.54325, 2.54685] ; [2.31099, 2.31239]
[2.54438, 2.548] ; [2.31239, 2.31379]
[2.54551, 2.54914] ; [2.31379, 2.3152]
[2.54665, 2.55029] ; [2.3152, 2.31661]
[2.54778, 2.55143] ; [2.31661, 2.31802]
[2.54892, 2.55259] ; [2.31802, 2.31944]
[2.55007, 2.55375] ; [2.31944, 2.32086]
[2.55122, 2.55491] ; [2.32086, 2.3223]
[2.55238, 2.55609] ; [2.3223, 2.32374]
[2.55355, 2.55727] ; [2.32374, 2.32519]
[2.55472, 2.55845] ; [2.32519, 2.32666]
[2.55591, 2.55965] ; [2.32666, 2.32813]
[2.5571, 2.56085] ; [2.32813, 2.32961]
[2.55829, 2.56206] ; [2.32961, 2.3311]
[2.55949, 2.56327] ; [2.3311, 2.3326]
[2.56069, 2.56448] ; [2.3326, 2.33409]
[2.5619, 2.5657] ; [2.33409, 2.33559]
[2.5631, 2.56692] ; [2.33559, 2.33709]
[2.56431, 2.56813] ; [2.33709, 2.33859]
[2.56551, 2.56935] ; [2.33859, 2.3401]
[2.56672, 2.57057] ; [2.3401, 2.3416]
[2.56793, 2.57179] ; [2.3416, 2.3431]
[2.56914, 2.57302] ; [2.3431, 2.34461]
[2.57035, 2.57424] ; [2.34461, 2.34612]
[2.57157, 2.57546] ; [2.34612, 2.34763]
[2.57278, 2.57669] ; [2.34763, 2.34914]
[2.574, 2.57792] ; [2.34914, 2.35065]
[2.57521, 2.57914] ; [2.35065, 2.35216]
[2.57643, 2.58037] ; [2.35216, 2.35368]
[2.57765, 2.58161] ; [2.35368, 2.3552]
[2.57888, 2.58284] ; [2.3552, 2.35671]
[2.5801, 2.58408] ; [2.35671, 2.35823]
[2.58133, 2.58532] ; [2.35823, 2.35976]
[2.58256, 2.58655] ; [2.35976, 2.36128]
[2.58379, 2.58779] ; [2.36128, 2.3628]
[2.58502, 2.58904] ; [2.3628, 2.36433]
[2.58625, 2.59028] ; [2.36433, 2.36586]
[2.58749, 2.59153] ; [2.36586, 2.36739]
[2.58873, 2.59278] ; [2.36739, 2.36892]
[2.58997, 2.59403] ; [2.36892, 2.37045]
[2.59121, 2.59528] ; [2.37045, 2.37199]
[2.59246, 2.59654] ; [2.37199, 2.37353]
[2.5937, 2.59779] ; [2.37353, 2.37506]
[2.59495, 2.59905] ; [2.37506, 2.37661]
[2.59621, 2.60031] ; [2.37661, 2.37815]
[2.59746, 2.60158] ; [2.37815, 2.37969]
[2.59872, 2.60285] ; [2.37969, 2.38124]
[2.59997, 2.60411] ; [2.38124, 2.38279]
[2.60124, 2.60539] ; [2.38279, 2.38434]
[2.6025, 2.60666] ; [2.38434, 2.3859]
[2.60377, 2.60793] ; [2.3859, 2.38745]
[2.60503, 2.60921] ; [2.38745, 2.38901]
[2.60631, 2.61049] ; [2.38901, 2.39057]
[2.60758, 2.61177] ; [2.39057, 2.39213]
[2.60885, 2.61306] ; [2.39213, 2.39369]
[2.61013, 2.61434] ; [2.39369, 2.39526]
[2.61141, 2.61563] ; [2.39526, 2.39682]
[2.61269, 2.61692] ; [2.39682, 2.39839]
[2.61397, 2.61821] ; [2.39839, 2.39996]
[2.61525, 2.61951] ; [2.39996, 2.40153]
[2.61654, 2.6208] ; [2.40153, 2.4031]
[2.61783, 2.6221] ; [2.4031, 2.40467]
[2.61912, 2.6234] ; [2.40467, 2.40625]
[2.62042, 2.6247] ; [2.40625, 2.40783]
[2.62172, 2.62601] ; [2.40783, 2.40941]
[2.62302, 2.62732] ; [2.40941, 2.41099]
[2.62432, 2.62863] ; [2.41099, 2.41258]
[2.62563, 2.62994] ; [2.41258, 2.41417]
[2.62694, 2.63125] ; [2.41417, 2.41576]
[2.62825, 2.63257] ; [2.41576, 2.41735]
[2.62956, 2.63389] ; [2.41735, 2.41894]
[2.63088, 2.63522] ; [2.41894, 2.42054]
[2.6322, 2.63654] ; [2.42054, 2.42214]
[2.63351, 2.63787] ; [2.42214, 2.42374]
[2.63483, 2.63919] ; [2.42374, 2.42533]
[2.63615, 2.64052] ; [2.42533, 2.42693]
[2.63747, 2.64184] ; [2.42693, 2.42852]
[2.63879, 2.64317] ; [2.42852, 2.43012]
[2.64011, 2.64449] ; [2.43012, 2.43171]
[2.64143, 2.64582] ; [2.43171, 2.4333]
[2.64274, 2.64714] ; [2.4333, 2.43489]
[2.64406, 2.64847] ; [2.43489, 2.43648]
[2.64538, 2.64979] ; [2.43648, 2.43807]
[2.6467, 2.65111] ; [2.43807, 2.43965]
[2.64801, 2.65243] ; [2.43965, 2.44124]
[2.64933, 2.65376] ; [2.44124, 2.44282]
[2.65064, 2.65508] ; [2.44282, 2.4444]
[2.65196, 2.6564] ; [2.4444, 2.44598]
[2.65327, 2.65772] ; [2.44598, 2.44756]
[2.65459, 2.65904] ; [2.44756, 2.44913]
[2.6559, 2.66036] ; [2.44913, 2.45071]
[2.65721, 2.66168] ; [2.45071, 2.45228]
[2.65852, 2.663] ; [2.45228, 2.45385]
[2.65983, 2.66431] ; [2.45385, 2.45542]
[2.66114, 2.66563] ; [2.45542, 2.45698]
[2.66245, 2.66694] ; [2.45698, 2.45854]
[2.66375, 2.66826] ; [2.45854, 2.4601]
[2.66506, 2.66957] ; [2.4601, 2.46166]
[2.66637, 2.67089] ; [2.46166, 2.46322]
[2.66768, 2.67221] ; [2.46322, 2.46479]
[2.66898, 2.67353] ; [2.46479, 2.46634]
[2.67028, 2.67484] ; [2.46634, 2.46788]
[2.67157, 2.67615] ; [2.46788, 2.46942]
[2.67285, 2.67744] ; [2.46942, 2.47095]
[2.67413, 2.67874] ; [2.47095, 2.47247]
[2.6754, 2.68002] ; [2.47247, 2.47398]
[2.67666, 2.6813] ; [2.47398, 2.47547]
[2.67792, 2.68257] ; [2.47547, 2.47696]
[2.67916, 2.68383] ; [2.47696, 2.47844]
[2.6804, 2.68509] ; [2.47844, 2.4799]
[2.68163, 2.68634] ; [2.4799, 2.48136]
[2.68285, 2.68757] ; [2.48136, 2.4828]
[2.68407, 2.68881] ; [2.4828, 2.48423]
[2.68528, 2.69003] ; [2.48423, 2.48566]
[2.68648, 2.69125] ; [2.48566, 2.48707]
[2.68767, 2.69246] ; [2.48707, 2.48847]
[2.68886, 2.69367] ; [2.48847, 2.48987]
[2.69004, 2.69487] ; [2.48987, 2.49126]
[2.69122, 2.69606] ; [2.49126, 2.49263]
[2.69239, 2.69725] ; [2.49263, 2.494]
[2.69356, 2.69843] ; [2.494, 2.49537]
[2.69472, 2.69961] ; [2.49537, 2.49672]
[2.69587, 2.70079] ; [2.49672, 2.49807]
[2.69702, 2.70195] ; [2.49807, 2.4994]
[2.69816, 2.70311] ; [2.4994, 2.50073]
[2.6993, 2.70427] ; [2.50073, 2.50205]
[2.70043, 2.70542] ; [2.50205, 2.50336]
[2.70155, 2.70656] ; [2.50336, 2.50466]
[2.70267, 2.7077] ; [2.50466, 2.50595]
[2.70379, 2.70883] ; [2.50595, 2.50724]
[2.7049, 2.70997] ; [2.50724, 2.50852]
[2.70601, 2.71109] ; [2.50852, 2.5098]
[2.70711, 2.71222] ; [2.5098, 2.51107]
[2.70822, 2.71334] ; [2.51107, 2.51233]
[2.70931, 2.71446] ; [2.51233, 2.51359]
[2.71041, 2.71557] ; [2.51359, 2.51484]
[2.7115, 2.71668] ; [2.51484, 2.51609]
[2.71259, 2.71779] ; [2.51609, 2.51733]
[2.71368, 2.7189] ; [2.51733, 2.51857]
[2.71476, 2.72] ; [2.51857, 2.5198]
[2.71584, 2.7211] ; [2.5198, 2.52102]
[2.71692, 2.7222] ; [2.52102, 2.52224]
[2.718, 2.7233] ; [2.52224, 2.52345]
[2.71907, 2.72439] ; [2.52345, 2.52466]
[2.72014, 2.72548] ; [2.52466, 2.52587]
[2.72121, 2.72657] ; [2.52587, 2.52707]
[2.72227, 2.72765] ; [2.52707, 2.52826]
[2.72333, 2.72873] ; [2.52826, 2.52945]
[2.72439, 2.72981] ; [2.52945, 2.53063]
[2.72544, 2.73089] ; [2.53063, 2.53181]
[2.7265, 2.73197] ; [2.53181, 2.53298]
[2.72755, 2.73304] ; [2.53298, 2.53415]
[2.7286, 2.73411] ; [2.53415, 2.53532]
[2.72965, 2.73518] ; [2.53532, 2.53648]
[2.73069, 2.73625] ; [2.53648, 2.53763]
[2.73174, 2.73732] ; [2.53763, 2.53879]
[2.73278, 2.73838] ; [2.53879, 2.53994]
[2.73382, 2.73945] ; [2.53994, 2.54108]
[2.73486, 2.74051] ; [2.54108, 2.54222]
[2.73589, 2.74157] ; [2.54222, 2.54336]
[2.73693, 2.74263] ; [2.54336, 2.54449]
[2.73797, 2.74369] ; [2.54449, 2.54562]
[2.739, 2.74475] ; [2.54562, 2.54675]
[2.74003, 2.7458] ; [2.54675, 2.54787]
[2.74106, 2.74686] ; [2.54787, 2.54899]
[2.7421, 2.74792] ; [2.54899, 2.5501]
[2.74313, 2.74897] ; [2.5501, 2.55122]
[2.74416, 2.75003] ; [2.55122, 2.55233]
[2.74518, 2.75108] ; [2.55233, 2.55344]
[2.74621, 2.75213] ; [2.55344, 2.55454]
[2.74724, 2.75319] ; [2.55454, 2.55565]
[2.74827, 2.75424] ; [2.55565, 2.55675]
[2.7493, 2.7553] ; [2.55675, 2.55785]
[2.75033, 2.75635] ; [2.55785, 2.55894]
[2.75135, 2.7574] ; [2.55894, 2.56004]
[2.75238, 2.75846] ; [2.56004, 2.56113]
[2.75341, 2.75951] ; [2.56113, 2.56222]
[2.75444, 2.76057] ; [2.56222, 2.56331]
[2.75547, 2.76163] ; [2.56331, 2.56439]
[2.7565, 2.76268] ; [2.56439, 2.56548]
[2.75753, 2.76374] ; [2.56548, 2.56656]
[2.75856, 2.7648] ; [2.56656, 2.56764]
[2.75959, 2.76585] ; [2.56764, 2.56872]
[2.76062, 2.76691] ; [2.56872, 2.5698]
[2.76165, 2.76797] ; [2.5698, 2.57088]
[2.76268, 2.76904] ; [2.57088, 2.57195]
[2.76372, 2.7701] ; [2.57195, 2.57303]
[2.76475, 2.77116] ; [2.57303, 2.5741]
[2.76579, 2.77223] ; [2.5741, 2.57518]
[2.76683, 2.77329] ; [2.57518, 2.57625]
[2.76786, 2.77436] ; [2.57625, 2.57732]
[2.7689, 2.77543] ; [2.57732, 2.57839]
[2.76995, 2.7765] ; [2.57839, 2.57946]
[2.77099, 2.77757] ; [2.57946, 2.58053]
[2.77203, 2.77864] ; [2.58053, 2.5816]
[2.77308, 2.77972] ; [2.5816, 2.58266]
[2.77412, 2.78079] ; [2.58266, 2.58373]
[2.77516, 2.78186] ; [2.58373, 2.58479]
[2.77621, 2.78294] ; [2.58479, 2.58585]
[2.77725, 2.78401] ; [2.58585, 2.58691]
[2.7783, 2.78509] ; [2.58691, 2.58797]
[2.77934, 2.78616] ; [2.58797, 2.58902]
[2.78039, 2.78724] ; [2.58902, 2.59008]
[2.78144, 2.78831] ; [2.59008, 2.59113]
[2.78248, 2.78939] ; [2.59113, 2.59218]
[2.78353, 2.79047] ; [2.59218, 2.59323]
[2.78458, 2.79154] ; [2.59323, 2.59428]
[2.78563, 2.79262] ; [2.59428, 2.59533]
[2.78668, 2.7937] ; [2.59533, 2.59637]
[2.78773, 2.79478] ; [2.59637, 2.59742]
[2.78878, 2.79586] ; [2.59742, 2.59846]
[2.78984, 2.79695] ; [2.59846, 2.59951]
[2.79089, 2.79803] ; [2.59951, 2.60055]
[2.79194, 2.79912] ; [2.60055, 2.60159]
[2.793, 2.8002] ; [2.60159, 2.60263]
[2.79406, 2.80129] ; [2.60263, 2.60367]
[2.79512, 2.80238] ; [2.60367, 2.60471]
[2.79618, 2.80347] ; [2.60471, 2.60575]
[2.79724, 2.80456] ; [2.60575, 2.60679]
[2.7983, 2.80565] ; [2.60679, 2.60783]
[2.79937, 2.80675] ; [2.60783, 2.60887]
[2.80043, 2.80784] ; [2.60887, 2.60991]
[2.8015, 2.80894] ; [2.60991, 2.61094]
[2.80256, 2.81003] ; [2.61094, 2.61198]
[2.80363, 2.81113] ; [2.61198, 2.61301]
[2.8047, 2.81223] ; [2.61301, 2.61405]
[2.80577, 2.81333] ; [2.61405, 2.61508]
[2.80684, 2.81443] ; [2.61508, 2.61611]
[2.80791, 2.81553] ; [2.61611, 2.61714]
[2.80899, 2.81663] ; [2.61714, 2.61818]
[2.81006, 2.81774] ; [2.61818, 2.61921]
[2.81114, 2.81884] ; [2.61921, 2.62024]
[2.81222, 2.81995] ; [2.62024, 2.62127]
[2.8133, 2.82106] ; [2.62127, 2.6223]
[2.81438, 2.82217] ; [2.6223, 2.62333]
[2.81546, 2.82328] ; [2.62333, 2.62437]
[2.81654, 2.82439] ; [2.62437, 2.6254]
[2.81763, 2.82551] ; [2.6254, 2.62643]
[2.81871, 2.82662] ; [2.62643, 2.62746]
[2.8198, 2.82774] ; [2.62746, 2.62848]
[2.82088, 2.82885] ; [2.62848, 2.62951]
[2.82196, 2.82996] ; [2.62951, 2.63053]
[2.82304, 2.83107] ; [2.63053, 2.63155]
[2.82412, 2.83218] ; [2.63155, 2.63257]
[2.8252, 2.83329] ; [2.63257, 2.63358]
[2.82628, 2.8344] ; [2.63358, 2.6346]
[2.82736, 2.83551] ; [2.6346, 2.63561]
[2.82844, 2.83662] ; [2.63561, 2.63662]
[2.82952, 2.83773] ; [2.63662, 2.63763]
[2.8306, 2.83884] ; [2.63763, 2.63864]
[2.83167, 2.83995] ; [2.63864, 2.63965]
[2.83275, 2.84106] ; [2.63965, 2.64066]
[2.83383, 2.84217] ; [2.64066, 2.64166]
[2.83491, 2.84328] ; [2.64166, 2.64267]
[2.83599, 2.84439] ; [2.64267, 2.64367]
[2.83707, 2.8455] ; [2.64367, 2.64467]
[2.83815, 2.84661] ; [2.64467, 2.64567]
[2.83923, 2.84772] ; [2.64567, 2.64667]
[2.84031, 2.84883] ; [2.64667, 2.64767]
[2.84139, 2.84994] ; [2.64767, 2.64867]
[2.84247, 2.85105] ; [2.64867, 2.64967]
[2.84355, 2.85217] ; [2.64967, 2.65067]
[2.84463, 2.85328] ; [2.65067, 2.65167]
[2.84572, 2.85439] ; [2.65167, 2.65267]
[2.8468, 2.85551] ; [2.65267, 2.65366]
[2.84788, 2.85662] ; [2.65366, 2.65466]
[2.84897, 2.85774] ; [2.65466, 2.65566]
[2.85005, 2.85886] ; [2.65566, 2.65665]
[2.85114, 2.85997] ; [2.65665, 2.65765]
[2.85222, 2.86109] ; [2.65765, 2.65864]
[2.85331, 2.86221] ; [2.65864, 2.65964]
[2.8544, 2.86333] ; [2.65964, 2.66063]
[2.85548, 2.86445] ; [2.66063, 2.66163]
[2.85657, 2.86557] ; [2.66163, 2.66262]
[2.85766, 2.86669] ; [2.66262, 2.66361]
[2.85875, 2.86781] ; [2.66361, 2.6646]
[2.85984, 2.86893] ; [2.6646, 2.6656]
[2.86093, 2.87005] ; [2.6656, 2.66659]
[2.86203, 2.87118] ; [2.66659, 2.66758]
[2.86312, 2.8723] ; [2.66758, 2.66858]
[2.86421, 2.87343] ; [2.66858, 2.66957]
[2.86531, 2.87455] ; [2.66957, 2.67056]
[2.8664, 2.87568] ; [2.67056, 2.67155]
[2.8675, 2.87681] ; [2.67155, 2.67255]
[2.8686, 2.87794] ; [2.67255, 2.67354]
[2.8697, 2.87907] ; [2.67354, 2.67453]
[2.87079, 2.8802] ; [2.67453, 2.67552]
[2.87189, 2.88133] ; [2.67552, 2.67652]
[2.873, 2.88246] ; [2.67652, 2.67751]
[2.8741, 2.88359] ; [2.67751, 2.6785]
[2.8752, 2.88472] ; [2.6785, 2.6795]
[2.8763, 2.88586] ; [2.6795, 2.68049]
[2.87741, 2.887] ; [2.68049, 2.68148]
[2.87852, 2.88814] ; [2.68148, 2.68248]
[2.87963, 2.88928] ; [2.68248, 2.68348]
[2.88075, 2.89043] ; [2.68348, 2.68449]
[2.88187, 2.89158] ; [2.68449, 2.68549]
[2.88299, 2.89274] ; [2.68549, 2.6865]
[2.88412, 2.8939] ; [2.6865, 2.68751]
[2.88525, 2.89506] ; [2.68751, 2.68852]
[2.88639, 2.89622] ; [2.68852, 2.68954]
[2.88752, 2.89739] ; [2.68954, 2.69055]
[2.88866, 2.89856] ; [2.69055, 2.69157]
[2.88981, 2.89974] ; [2.69157, 2.69259]
[2.89095, 2.90091] ; [2.69259, 2.69362]
[2.8921, 2.9021] ; [2.69362, 2.69464]
[2.89326, 2.90328] ; [2.69464, 2.69567]
[2.89442, 2.90447] ; [2.69567, 2.69671]
[2.89558, 2.90566] ; [2.69671, 2.69774]
[2.89674, 2.90686] ; [2.69774, 2.69878]
[2.89791, 2.90806] ; [2.69878, 2.69982]
[2.89908, 2.90926] ; [2.69982, 2.70086]
[2.90026, 2.91047] ; [2.70086, 2.70191]
[2.90144, 2.91168] ; [2.70191, 2.70295]
[2.90262, 2.91289] ; [2.70295, 2.704]
[2.90381, 2.91411] ; [2.704, 2.70506]
[2.905, 2.91533] ; [2.70506, 2.70611]
[2.90619, 2.91656] ; [2.70611, 2.70717]
[2.90739, 2.91779] ; [2.70717, 2.70823]
[2.90859, 2.91902] ; [2.70823, 2.7093]
[2.90979, 2.92025] ; [2.7093, 2.71036]
[2.91099, 2.92148] ; [2.71036, 2.71143]
[2.9122, 2.92272] ; [2.71143, 2.7125]
[2.91341, 2.92397] ; [2.7125, 2.71357]
[2.91463, 2.92521] ; [2.71357, 2.71464]
[2.91584, 2.92646] ; [2.71464, 2.71572]
[2.91706, 2.92771] ; [2.71572, 2.71679]
[2.91829, 2.92897] ; [2.71679, 2.71787]
[2.91951, 2.93022] ; [2.71787, 2.71896]
[2.92074, 2.93148] ; [2.71896, 2.72004]
[2.92198, 2.93275] ; [2.72004, 2.72113]
[2.92321, 2.93401] ; [2.72113, 2.72222]
[2.92445, 2.93528] ; [2.72222, 2.72331]
[2.92569, 2.93656] ; [2.72331, 2.72441]
[2.92694, 2.93783] ; [2.72441, 2.7255]
[2.92818, 2.93911] ; [2.7255, 2.7266]
[2.92944, 2.94039] ; [2.7266, 2.7277]
[2.93069, 2.94168] ; [2.7277, 2.7288]
[2.93195, 2.94297] ; [2.7288, 2.72991]
[2.93321, 2.94426] ; [2.72991, 2.73102]
[2.93447, 2.94555] ; [2.73102, 2.73213]
[2.93573, 2.94685] ; [2.73213, 2.73324]
[2.937, 2.94815] ; [2.73324, 2.73435]
[2.93827, 2.94945] ; [2.73435, 2.73547]
[2.93954, 2.95075] ; [2.73547, 2.73658]
[2.94081, 2.95205] ; [2.73658, 2.7377]
[2.94208, 2.95335] ; [2.7377, 2.73881]
[2.94335, 2.95465] ; [2.73881, 2.73993]
[2.94462, 2.95595] ; [2.73993, 2.74104]
[2.94589, 2.95725] ; [2.74104, 2.74216]
[2.94716, 2.95855] ; [2.74216, 2.74327]
[2.94843, 2.95985] ; [2.74327, 2.74438]
[2.9497, 2.96115] ; [2.74438, 2.74549]
[2.95097, 2.96245] ; [2.74549, 2.7466]
[2.95223, 2.96374] ; [2.7466, 2.74771]
[2.9535, 2.96504] ; [2.74771, 2.74882]
[2.95476, 2.96634] ; [2.74882, 2.74993]
[2.95603, 2.96763] ; [2.74993, 2.75103]
[2.95729, 2.96892] ; [2.75103, 2.75214]
[2.95855, 2.97022] ; [2.75214, 2.75324]
[2.95981, 2.97151] ; [2.75324, 2.75434]
[2.96107, 2.9728] ; [2.75434, 2.75544]
[2.96233, 2.97408] ; [2.75544, 2.75654]
[2.96358, 2.97537] ; [2.75654, 2.75764]
[2.96484, 2.97666] ; [2.75764, 2.75874]
[2.96609, 2.97794] ; [2.75874, 2.75983]
[2.96734, 2.97922] ; [2.75983, 2.76093]
[2.96859, 2.9805] ; [2.76093, 2.76202]
[2.96984, 2.98178] ; [2.76202, 2.76311]
[2.97109, 2.98306] ; [2.76311, 2.7642]
[2.97233, 2.98433] ; [2.7642, 2.76528]
[2.97357, 2.98561] ; [2.76528, 2.76637]
[2.97481, 2.98688] ; [2.76637, 2.76745]
[2.97605, 2.98815] ; [2.76745, 2.76853]
[2.97728, 2.98941] ; [2.76853, 2.76961]
[2.97852, 2.99068] ; [2.76961, 2.77068]
[2.97975, 2.99194] ; [2.77068, 2.77176]
[2.98097, 2.99319] ; [2.77176, 2.77283]
[2.9822, 2.99445] ; [2.77283, 2.77389]
[2.98342, 2.9957] ; [2.77389, 2.77496]
[2.98463, 2.99695] ; [2.77496, 2.77602]
[2.98585, 2.99819] ; [2.77602, 2.77708]
[2.98706, 2.99944] ; [2.77708, 2.77813]
[2.98826, 3.00068] ; [2.77813, 2.77919]
[2.98947, 3.00191] ; [2.77919, 2.78024]
[2.99067, 3.00314] ; [2.78024, 2.78128]
[2.99186, 3.00437] ; [2.78128, 2.78233]
[2.99305, 3.0056] ; [2.78233, 2.78337]
[2.99424, 3.00682] ; [2.78337, 2.7844]
[2.99543, 3.00804] ; [2.7844, 2.78544]
[2.99661, 3.00925] ; [2.78544, 2.78647]
[2.99779, 3.01046] ; [2.78647, 2.78749]
[2.99896, 3.01167] ; [2.78749, 2.78852]
[3.00013, 3.01288] ; [2.78852, 2.78954]
[3.0013, 3.01408] ; [2.78954, 2.79056]
[3.00246, 3.01527] ; [2.79056, 2.79157]
[3.00362, 3.01646] ; [2.79157, 2.79258]
[3.00477, 3.01765] ; [2.79258, 2.79358]
[3.00592, 3.01883] ; [2.79358, 2.79459]
[3.00706, 3.02001] ; [2.79459, 2.79558]
[3.0082, 3.02118] ; [2.79558, 2.79657]
[3.00933, 3.02235] ; [2.79657, 2.79756]
[3.01045, 3.02351] ; [2.79756, 2.79854]
[3.01157, 3.02467] ; [2.79854, 2.79952]
[3.01269, 3.02582] ; [2.79952, 2.8005]
[3.0138, 3.02697] ; [2.8005, 2.80146]
[3.0149, 3.02811] ; [2.80146, 2.80243]
[3.016, 3.02925] ; [2.80243, 2.80339]
[3.01709, 3.03038] ; [2.80339, 2.80434]
[3.01818, 3.0315] ; [2.80434, 2.80529]
[3.01926, 3.03263] ; [2.80529, 2.80624]
[3.02034, 3.03374] ; [2.80624, 2.80718]
[3.02141, 3.03485] ; [2.80718, 2.80811]
[3.02248, 3.03596] ; [2.80811, 2.80905]
[3.02354, 3.03706] ; [2.80905, 2.80997]
[3.0246, 3.03816] ; [2.80997, 2.8109]
[3.02565, 3.03925] ; [2.8109, 2.81182]
[3.02669, 3.04033] ; [2.81182, 2.81273]
[3.02774, 3.04142] ; [2.81273, 2.81365]
[3.02877, 3.04249] ; [2.81365, 2.81455]
[3.0298, 3.04357] ; [2.81455, 2.81546]
[3.03083, 3.04464] ; [2.81546, 2.81636]
[3.03186, 3.0457] ; [2.81636, 2.81725]
[3.03287, 3.04676] ; [2.81725, 2.81814]
[3.03389, 3.04782] ; [2.81814, 2.81903]
[3.03489, 3.04887] ; [2.81903, 2.81992]
[3.0359, 3.04991] ; [2.81992, 2.82079]
[3.0369, 3.05095] ; [2.82079, 2.82167]
[3.03789, 3.05199] ; [2.82167, 2.82254]
[3.03888, 3.05302] ; [2.82254, 2.82341]
[3.03986, 3.05405] ; [2.82341, 2.82427]
[3.04084, 3.05507] ; [2.82427, 2.82513]
[3.04181, 3.05609] ; [2.82513, 2.82599]
[3.04278, 3.05711] ; [2.82599, 2.82684]
[3.04375, 3.05811] ; [2.82684, 2.82768]
[3.04471, 3.05912] ; [2.82768, 2.82853]
[3.04566, 3.06012] ; [2.82853, 2.82936]
[3.04661, 3.06111] ; [2.82936, 2.8302]
[3.04755, 3.0621] ; [2.8302, 2.83103]
[3.04849, 3.06308] ; [2.83103, 2.83185]
[3.04942, 3.06406] ; [2.83185, 2.83267]
[3.05035, 3.06504] ; [2.83267, 2.83349]
[3.05127, 3.06601] ; [2.83349, 2.8343]
[3.05219, 3.06697] ; [2.8343, 2.83511]
[3.0531, 3.06793] ; [2.83511, 2.83592]
[3.054, 3.06888] ; [2.83592, 2.83672]
[3.05491, 3.06983] ; [2.83672, 2.83751]
[3.0558, 3.07078] ; [2.83751, 2.8383]
[3.05669, 3.07172] ; [2.8383, 2.83909]
[3.05758, 3.07265] ; [2.83909, 2.83987]
[3.05846, 3.07359] ; [2.83987, 2.84065]
[3.05933, 3.07451] ; [2.84065, 2.84143]
[3.0602, 3.07543] ; [2.84143, 2.84219]
[3.06105, 3.07634] ; [2.84219, 2.84296]
[3.06191, 3.07725] ; [2.84296, 2.84371]
[3.06275, 3.07815] ; [2.84371, 2.84446]
[3.06359, 3.07904] ; [2.84446, 2.84521]
[3.06443, 3.07993] ; [2.84521, 2.84595]
[3.06526, 3.08082] ; [2.84595, 2.84669]
[3.06608, 3.0817] ; [2.84669, 2.84742]
[3.0669, 3.08257] ; [2.84742, 2.84815]
[3.06771, 3.08344] ; [2.84815, 2.84888]
[3.06852, 3.08431] ; [2.84888, 2.8496]
[3.06932, 3.08517] ; [2.8496, 2.85032]
[3.07012, 3.08603] ; [2.85032, 2.85103]
[3.07092, 3.08688] ; [2.85103, 2.85175]
[3.07171, 3.08774] ; [2.85175, 2.85246]
[3.0725, 3.08859] ; [2.85246, 2.85317]
[3.07329, 3.08944] ; [2.85317, 2.85388]
[3.07408, 3.09028] ; [2.85388, 2.85458]
[3.07486, 3.09113] ; [2.85458, 2.85528]
[3.07564, 3.09197] ; [2.85528, 2.85598]
[3.07642, 3.09281] ; [2.85598, 2.85668]
[3.07719, 3.09365] ; [2.85668, 2.85738]
[3.07797, 3.09448] ; [2.85738, 2.85808]
[3.07874, 3.09532] ; [2.85808, 2.85877]
[3.07951, 3.09615] ; [2.85877, 2.85946]
[3.08027, 3.09698] ; [2.85946, 2.86015]
[3.08104, 3.0978] ; [2.86015, 2.86084]
[3.0818, 3.09863] ; [2.86084, 2.86153]
[3.08256, 3.09945] ; [2.86153, 2.86221]
[3.08332, 3.10027] ; [2.86221, 2.8629]
[3.08407, 3.10109] ; [2.8629, 2.86358]
[3.08482, 3.10191] ; [2.86358, 2.86426]
[3.08558, 3.10272] ; [2.86426, 2.86494]
[3.08633, 3.10353] ; [2.86494, 2.86562]
[3.08707, 3.10435] ; [2.86562, 2.8663]
[3.08782, 3.10516] ; [2.8663, 2.86697]
[3.08856, 3.10596] ; [2.86697, 2.86765]
[3.0893, 3.10677] ; [2.86765, 2.86832]
[3.09004, 3.10757] ; [2.86832, 2.86899]
[3.09078, 3.10838] ; [2.86899, 2.86966]
[3.09152, 3.10918] ; [2.86966, 2.87033]
[3.09225, 3.10998] ; [2.87033, 2.871]
[3.09299, 3.11077] ; [2.871, 2.87167]
[3.09372, 3.11157] ; [2.87167, 2.87233]
[3.09445, 3.11236] ; [2.87233, 2.87299]
[3.09517, 3.11315] ; [2.87299, 2.87366]
[3.0959, 3.11395] ; [2.87366, 2.87432]
[3.09662, 3.11473] ; [2.87432, 2.87498]
[3.09735, 3.11552] ; [2.87498, 2.87564]
[3.09807, 3.11631] ; [2.87564, 2.8763]
[3.09878, 3.11709] ; [2.8763, 2.87695]
[3.0995, 3.11787] ; [2.87695, 2.87761]
[3.10021, 3.11865] ; [2.87761, 2.87826]
[3.10093, 3.11943] ; [2.87826, 2.87892]
[3.10164, 3.12021] ; [2.87892, 2.87957]
[3.10235, 3.12098] ; [2.87957, 2.88022]
[3.10305, 3.12176] ; [2.88022, 2.88087]
[3.10376, 3.12253] ; [2.88087, 2.88151]
[3.10446, 3.1233] ; [2.88151, 2.88216]
[3.10516, 3.12407] ; [2.88216, 2.8828]
[3.10586, 3.12483] ; [2.8828, 2.88345]
[3.10655, 3.1256] ; [2.88345, 2.88409]
[3.10725, 3.12636] ; [2.88409, 2.88473]
[3.10794, 3.12712] ; [2.88473, 2.88537]
[3.10863, 3.12788] ; [2.88537, 2.88601]
[3.10932, 3.12864] ; [2.88601, 2.88664]
[3.11, 3.12939] ; [2.88664, 2.88728]
[3.11069, 3.13015] ; [2.88728, 2.88791]
[3.11137, 3.1309] ; [2.88791, 2.88855]
[3.11205, 3.13165] ; [2.88855, 2.88918]
[3.11272, 3.1324] ; [2.88918, 2.88981]
[3.1134, 3.13315] ; [2.88981, 2.89044]
[3.11407, 3.13389] ; [2.89044, 2.89107]
[3.11474, 3.13464] ; [2.89107, 2.89169]
[3.11541, 3.13538] ; [2.89169, 2.89232]
[3.11608, 3.13612] ; [2.89232, 2.89294]
[3.11675, 3.13686] ; [2.89294, 2.89357]
[3.11741, 3.1376] ; [2.89357, 2.89419]
[3.11807, 3.13834] ; [2.89419, 2.89481]
[3.11873, 3.13907] ; [2.89481, 2.89543]
[3.11939, 3.1398] ; [2.89543, 2.89605]
[3.12005, 3.14054] ; [2.89605, 2.89667]
[3.1207, 3.14127] ; [2.89667, 2.89728]
[3.12135, 3.142] ; [2.89728, 2.8979]
[3.122, 3.14272] ; [2.8979, 2.89851]
[3.12265, 3.14345] ; [2.89851, 2.89913]
[3.1233, 3.14417] ; [2.89913, 2.89974]
[3.12395, 3.1449] ; [2.89974, 2.90035]
[3.12459, 3.14562] ; [2.90035, 2.90096]
[3.12523, 3.14634] ; [2.90096, 2.90157]
[3.12587, 3.14706] ; [2.90157, 2.90218]
[3.12651, 3.14778] ; [2.90218, 2.90279]
[3.12715, 3.14849] ; [2.90279, 2.90339]
[3.12778, 3.14921] ; [2.90339, 2.904]
[3.12842, 3.14992] ; [2.904, 2.9046]
[3.12905, 3.15063] ; [2.9046, 2.90521]
[3.12968, 3.15135] ; [2.90521, 2.90581]
[3.13031, 3.15206] ; [2.90581, 2.90641]
[3.13094, 3.15277] ; [2.90641, 2.90702]
[3.13156, 3.15347] ; [2.90702, 2.90762]
[3.13219, 3.15418] ; [2.90762, 2.90822]
[3.13281, 3.15488] ; [2.90822, 2.90882]
[3.13343, 3.15559] ; [2.90882, 2.90941]
[3.13405, 3.15629] ; [2.90941, 2.91001]
[3.13467, 3.15699] ; [2.91001, 2.91061]
[3.13528, 3.15769] ; [2.91061, 2.91121]
[3.1359, 3.15839] ; [2.91121, 2.9118]
[3.13651, 3.15909] ; [2.9118, 2.9124]
[3.13713, 3.15979] ; [2.9124, 2.91299]
[3.13774, 3.16048] ; [2.91299, 2.91358]
[3.13835, 3.16118] ; [2.91358, 2.91418]
[3.13895, 3.16187] ; [2.91418, 2.91477]
[3.13956, 3.16257] ; [2.91477, 2.91536]
[3.14016, 3.16326] ; [2.91536, 2.91595]
[3.14077, 3.16395] ; [2.91595, 2.91654]
[3.14137, 3.16464] ; [2.91654, 2.91713]
[3.14197, 3.16533] ; [2.91713, 2.91772]
[3.14257, 3.16601] ; [2.91772, 2.91831]
[3.14317, 3.1667] ; [2.91831, 2.9189]
[3.14377, 3.16739] ; [2.9189, 2.91949]
[3.14436, 3.16807] ; [2.91949, 2.92007]
[3.14496, 3.16875] ; [2.92007, 2.92066]
[3.14555, 3.16944] ; [2.92066, 2.92125]
[3.14615, 3.17012] ; [2.92125, 2.92183]
[3.14674, 3.1708] ; [2.92183, 2.92242]
[3.14733, 3.17148] ; [2.92242, 2.923]
[3.14792, 3.17216] ; [2.923, 2.92359]
[3.1485, 3.17284] ; [2.92359, 2.92417]
[3.14909, 3.17352] ; [2.92417, 2.92475]
[3.14968, 3.17419] ; [2.92475, 2.92534]
[3.15026, 3.17487] ; [2.92534, 2.92592]
[3.15085, 3.17555] ; [2.92592, 2.9265]
[3.15143, 3.17622] ; [2.9265, 2.92709]
[3.15201, 3.17689] ; [2.92709, 2.92767]
[3.15259, 3.17757] ; [2.92767, 2.92825]
[3.15317, 3.17824] ; [2.92825, 2.92883]
[3.15375, 3.17891] ; [2.92883, 2.92941]
[3.15432, 3.17958] ; [2.92941, 2.92999]
[3.1549, 3.18025] ; [2.92999, 2.93057]
[3.15548, 3.18092] ; [2.93057, 2.93115]
[3.15605, 3.18159] ; [2.93115, 2.93173]
[3.15662, 3.18226] ; [2.93173, 2.93231]
[3.1572, 3.18292] ; [2.93231, 2.93289]
[3.15777, 3.18359] ; [2.93289, 2.93347]
[3.15834, 3.18426] ; [2.93347, 2.93405]
[3.15891, 3.18492] ; [2.93405, 2.93463]
[3.15948, 3.18559] ; [2.93463, 2.93521]
[3.16005, 3.18625] ; [2.93521, 2.93579]
[3.16061, 3.18691] ; [2.93579, 2.93637]
[3.16118, 3.18758] ; [2.93637, 2.93695]
[3.16174, 3.18824] ; [2.93695, 2.93753]
[3.16231, 3.1889] ; [2.93753, 2.9381]
[3.16287, 3.18956] ; [2.9381, 2.93868]
[3.16343, 3.19022] ; [2.93868, 2.93926]
[3.164, 3.19088] ; [2.93926, 2.93984]
[3.16456, 3.19154] ; [2.93984, 2.94042]
[3.16512, 3.1922] ; [2.94042, 2.941]
[3.16568, 3.19286] ; [2.941, 2.94157]
[3.16624, 3.19351] ; [2.94157, 2.94215]
[3.1668, 3.19417] ; [2.94215, 2.94273]
[3.16735, 3.19483] ; [2.94273, 2.94331]
[3.16791, 3.19548] ; [2.94331, 2.94389]
[3.16847, 3.19614] ; [2.94389, 2.94446]
[3.16902, 3.1968] ; [2.94446, 2.94504]
[3.16958, 3.19745] ; [2.94504, 2.94562]
[3.17013, 3.19811] ; [2.94562, 2.9462]
[3.17069, 3.19876] ; [2.9462, 2.94678]
[3.17124, 3.19941] ; [2.94678, 2.94736]
[3.17179, 3.20007] ; [2.94736, 2.94794]
[3.17235, 3.20072] ; [2.94794, 2.94852]
[3.1729, 3.20137] ; [2.94852, 2.9491]
[3.17345, 3.20202] ; [2.9491, 2.94968]
[3.174, 3.20268] ; [2.94968, 2.95026]
[3.17455, 3.20333] ; [2.95026, 2.95084]
[3.1751, 3.20398] ; [2.95084, 2.95142]
[3.17565, 3.20463] ; [2.95142, 2.952]
[3.1762, 3.20528] ; [2.952, 2.95258]
[3.17675, 3.20593] ; [2.95258, 2.95316]
[3.1773, 3.20658] ; [2.95316, 2.95374]
[3.17785, 3.20723] ; [2.95374, 2.95432]
[3.17839, 3.20788] ; [2.95432, 2.9549]
[3.17894, 3.20853] ; [2.9549, 2.95549]
[3.17949, 3.20917] ; [2.95549, 2.95607]
[3.18003, 3.20982] ; [2.95607, 2.95665]
[3.18058, 3.21047] ; [2.95665, 2.95723]
[3.18112, 3.21112] ; [2.95723, 2.95782]
[3.18167, 3.21177] ; [2.95782, 2.9584]
[3.18221, 3.21241] ; [2.9584, 2.95898]
[3.18276, 3.21306] ; [2.95898, 2.95957]
[3.1833, 3.21371] ; [2.95957, 2.96015]
[3.18385, 3.21435] ; [2.96015, 2.96074]
[3.18439, 3.215] ; [2.96074, 2.96132]
[3.18493, 3.21565] ; [2.96132, 2.96191]
[3.18547, 3.21629] ; [2.96191, 2.9625]
[3.18602, 3.21694] ; [2.9625, 2.96308]
[3.18656, 3.21758] ; [2.96308, 2.96367]
[3.1871, 3.21823] ; [2.96367, 2.96426]
[3.18764, 3.21887] ; [2.96426, 2.96484]
[3.18818, 3.21951] ; [2.96484, 2.96543]
[3.18872, 3.22015] ; [2.96543, 2.96601]
[3.18925, 3.22079] ; [2.96601, 2.9666]
[3.18979, 3.22143] ; [2.9666, 2.96718]
[3.19032, 3.22207] ; [2.96718, 2.96776]
[3.19085, 3.2227] ; [2.96776, 2.96835]
[3.19138, 3.22334] ; [2.96835, 2.96893]
[3.19191, 3.22397] ; [2.96893, 2.96951]
[3.19244, 3.2246] ; [2.96951, 2.97009]
[3.19297, 3.22523] ; [2.97009, 2.97067]
[3.19349, 3.22586] ; [2.97067, 2.97125]
[3.19402, 3.22649] ; [2.97125, 2.97183]
[3.19454, 3.22712] ; [2.97183, 2.97241]
[3.19506, 3.22774] ; [2.97241, 2.97298]
[3.19558, 3.22837] ; [2.97298, 2.97356]
[3.1961, 3.22899] ; [2.97356, 2.97414]
[3.19662, 3.22961] ; [2.97414, 2.97471]
[3.19714, 3.23023] ; [2.97471, 2.97529]
[3.19765, 3.23085] ; [2.97529, 2.97586]
[3.19817, 3.23147] ; [2.97586, 2.97643]
[3.19868, 3.23209] ; [2.97643, 2.97701]
[3.19919, 3.2327] ; [2.97701, 2.97758]
[3.1997, 3.23332] ; [2.97758, 2.97815]
[3.20021, 3.23393] ; [2.97815, 2.97872]
[3.20072, 3.23454] ; [2.97872, 2.97929]
[3.20122, 3.23515] ; [2.97929, 2.97986]
[3.20173, 3.23576] ; [2.97986, 2.98043]
[3.20223, 3.23637] ; [2.98043, 2.981]
[3.20273, 3.23698] ; [2.981, 2.98157]
[3.20323, 3.23758] ; [2.98157, 2.98213]
[3.20373, 3.23819] ; [2.98213, 2.9827]
[3.20423, 3.23879] ; [2.9827, 2.98326]
[3.20473, 3.2394] ; [2.98326, 2.98383]
[3.20522, 3.24] ; [2.98383, 2.98439]
[3.20572, 3.2406] ; [2.98439, 2.98496]
[3.20621, 3.2412] ; [2.98496, 2.98552]
[3.2067, 3.24179] ; [2.98552, 2.98608]
[3.20719, 3.24239] ; [2.98608, 2.98664]
[3.20768, 3.24299] ; [2.98664, 2.9872]
[3.20817, 3.24358] ; [2.9872, 2.98776]
[3.20866, 3.24418] ; [2.98776, 2.98832]
[3.20914, 3.24477] ; [2.98832, 2.98888]
[3.20962, 3.24536] ; [2.98888, 2.98944]
[3.21011, 3.24595] ; [2.98944, 2.99]
[3.21059, 3.24654] ; [2.99, 2.99055]
[3.21107, 3.24712] ; [2.99055, 2.99111]
[3.21154, 3.24771] ; [2.99111, 2.99166]
[3.21202, 3.24829] ; [2.99166, 2.99222]
[3.21249, 3.24888] ; [2.99222, 2.99277]
[3.21297, 3.24946] ; [2.99277, 2.99332]
[3.21343, 3.25004] ; [2.99332, 2.99387]
[3.2139, 3.25061] ; [2.99387, 2.99441]
[3.21436, 3.25119] ; [2.99441, 2.99496]
[3.21482, 3.25176] ; [2.99496, 2.9955]
[3.21528, 3.25233] ; [2.9955, 2.99604]
[3.21574, 3.2529] ; [2.99604, 2.99658]
[3.21619, 3.25346] ; [2.99658, 2.99711]
[3.21664, 3.25403] ; [2.99711, 2.99765]
[3.21708, 3.25459] ; [2.99765, 2.99818]
[3.21753, 3.25515] ; [2.99818, 2.99871]
[3.21797, 3.2557] ; [2.99871, 2.99924]
[3.21841, 3.25626] ; [2.99924, 2.99976]
[3.21885, 3.25681] ; [2.99976, 3.00029]
[3.21928, 3.25737] ; [3.00029, 3.00081]
[3.21972, 3.25792] ; [3.00081, 3.00133]
[3.22015, 3.25846] ; [3.00133, 3.00185]
[3.22057, 3.25901] ; [3.00185, 3.00237]
[3.221, 3.25955] ; [3.00237, 3.00288]
[3.22142, 3.2601] ; [3.00288, 3.0034]
[3.22184, 3.26064] ; [3.0034, 3.00391]
[3.22226, 3.26117] ; [3.00391, 3.00442]
[3.22268, 3.26171] ; [3.00442, 3.00493]
[3.22309, 3.26225] ; [3.00493, 3.00543]
[3.22351, 3.26278] ; [3.00543, 3.00594]
[3.22392, 3.26331] ; [3.00594, 3.00644]
[3.22432, 3.26384] ; [3.00644, 3.00695]
[3.22473, 3.26437] ; [3.00695, 3.00745]
[3.22513, 3.2649] ; [3.00745, 3.00795]
[3.22553, 3.26542] ; [3.00795, 3.00844]
[3.22593, 3.26595] ; [3.00844, 3.00894]
[3.22633, 3.26647] ; [3.00894, 3.00943]
[3.22673, 3.26699] ; [3.00943, 3.00993]
[3.22712, 3.26751] ; [3.00993, 3.01042]
[3.22751, 3.26803] ; [3.01042, 3.01091]
[3.2279, 3.26854] ; [3.01091, 3.0114]
[3.22829, 3.26906] ; [3.0114, 3.01188]
[3.22867, 3.26957] ; [3.01188, 3.01237]
[3.22906, 3.27008] ; [3.01237, 3.01285]
[3.22944, 3.27059] ; [3.01285, 3.01334]
[3.22982, 3.2711] ; [3.01334, 3.01382]
[3.23019, 3.27161] ; [3.01382, 3.0143]
[3.23057, 3.27212] ; [3.0143, 3.01477]
[3.23094, 3.27262] ; [3.01477, 3.01525]
[3.23131, 3.27312] ; [3.01525, 3.01573]
[3.23168, 3.27363] ; [3.01573, 3.0162]
[3.23205, 3.27413] ; [3.0162, 3.01667]
[3.23242, 3.27462] ; [3.01667, 3.01714]
[3.23278, 3.27512] ; [3.01714, 3.01761]
[3.23314, 3.27562] ; [3.01761, 3.01808]
[3.2335, 3.27611] ; [3.01808, 3.01854]
[3.23386, 3.27661] ; [3.01854, 3.01901]
[3.23422, 3.2771] ; [3.01901, 3.01947]
[3.23457, 3.27759] ; [3.01947, 3.01994]
[3.23492, 3.27808] ; [3.01994, 3.0204]
[3.23527, 3.27857] ; [3.0204, 3.02086]
[3.23562, 3.27906] ; [3.02086, 3.02131]
[3.23597, 3.27954] ; [3.02131, 3.02177]
[3.23631, 3.28003] ; [3.02177, 3.02222]
[3.23666, 3.28051] ; [3.02222, 3.02268]
[3.237, 3.281] ; [3.02268, 3.02313]
[3.23734, 3.28148] ; [3.02313, 3.02358]
[3.23767, 3.28196] ; [3.02358, 3.02403]
[3.23801, 3.28244] ; [3.02403, 3.02448]
[3.23834, 3.28291] ; [3.02448, 3.02493]
[3.23867, 3.28339] ; [3.02493, 3.02537]
[3.239, 3.28387] ; [3.02537, 3.02581]
[3.23933, 3.28434] ; [3.02581, 3.02626]
[3.23966, 3.28481] ; [3.02626, 3.0267]
[3.23998, 3.28528] ; [3.0267, 3.02714]
[3.24031, 3.28576] ; [3.02714, 3.02758]
[3.24063, 3.28623] ; [3.02758, 3.02801]
[3.24095, 3.28669] ; [3.02801, 3.02845]
[3.24127, 3.28716] ; [3.02845, 3.02889]
[3.24159, 3.28763] ; [3.02889, 3.02932]
[3.2419, 3.28809] ; [3.02932, 3.02975]
[3.24221, 3.28856] ; [3.02975, 3.03018]
[3.24253, 3.28902] ; [3.03018, 3.03061]
[3.24284, 3.28948] ; [3.03061, 3.03104]
[3.24315, 3.28995] ; [3.03104, 3.03147]
[3.24346, 3.29041] ; [3.03147, 3.0319]
[3.24376, 3.29087] ; [3.0319, 3.03232]
[3.24407, 3.29132] ; [3.03232, 3.03275]
[3.24437, 3.29178] ; [3.03275, 3.03317]
[3.24467, 3.29224] ; [3.03317, 3.0336]
[3.24497, 3.29269] ; [3.0336, 3.03402]
[3.24527, 3.29315] ; [3.03402, 3.03444]
[3.24557, 3.2936] ; [3.03444, 3.03486]
[3.24587, 3.29405] ; [3.03486, 3.03527]
[3.24616, 3.2945] ; [3.03527, 3.03569]
[3.24646, 3.29495] ; [3.03569, 3.03611]
[3.24675, 3.2954] ; [3.03611, 3.03652]
[3.24704, 3.29585] ; [3.03652, 3.03693]
[3.24733, 3.2963] ; [3.03693, 3.03735]
[3.24762, 3.29675] ; [3.03735, 3.03776]
[3.2479, 3.29719] ; [3.03776, 3.03817]
[3.24819, 3.29764] ; [3.03817, 3.03858]
[3.24847, 3.29808] ; [3.03858, 3.03899]
[3.24876, 3.29853] ; [3.03899, 3.03939]
[3.24904, 3.29897] ; [3.03939, 3.0398]
[3.24932, 3.29941] ; [3.0398, 3.0402]
[3.2496, 3.29985] ; [3.0402, 3.04061]
[3.24987, 3.30029] ; [3.04061, 3.04101]
[3.25015, 3.30073] ; [3.04101, 3.04141]
[3.25042, 3.30117] ; [3.04141, 3.04181]
[3.25069, 3.30161] ; [3.04181, 3.04221]
[3.25096, 3.30205] ; [3.04221, 3.04261]
[3.25123, 3.30248] ; [3.04261, 3.043]
[3.2515, 3.30292] ; [3.043, 3.0434]
[3.25176, 3.30335] ; [3.0434, 3.04379]
[3.25202, 3.30379] ; [3.04379, 3.04419]
[3.25229, 3.30422] ; [3.04419, 3.04458]
[3.25255, 3.30465] ; [3.04458, 3.04497]
[3.25281, 3.30508] ; [3.04497, 3.04536]
[3.25306, 3.30551] ; [3.04536, 3.04575]
[3.25332, 3.30594] ; [3.04575, 3.04614]
[3.25358, 3.30637] ; [3.04614, 3.04652]
[3.25383, 3.3068] ; [3.04652, 3.04691]
[3.25408, 3.30723] ; [3.04691, 3.04729]
[3.25433, 3.30765] ; [3.04729, 3.04767]
[3.25458, 3.30808] ; [3.04767, 3.04805]
[3.25482, 3.30851] ; [3.04805, 3.04843]
[3.25507, 3.30893] ; [3.04843, 3.04881]
[3.25531, 3.30935] ; [3.04881, 3.04919]
[3.25555, 3.30978] ; [3.04919, 3.04957]
[3.25579, 3.3102] ; [3.04957, 3.04994]
[3.25603, 3.31062] ; [3.04994, 3.05031]
[3.25627, 3.31104] ; [3.05031, 3.05069]
[3.2565, 3.31146] ; [3.05069, 3.05106]
[3.25673, 3.31188] ; [3.05106, 3.05143]
[3.25696, 3.31229] ; [3.05143, 3.0518]
[3.25719, 3.31271] ; [3.0518, 3.05216]
[3.25742, 3.31313] ; [3.05216, 3.05253]
[3.25765, 3.31354] ; [3.05253, 3.05289]
[3.25787, 3.31396] ; [3.05289, 3.05326]
[3.2581, 3.31437] ; [3.05326, 3.05362]
[3.25832, 3.31478] ; [3.05362, 3.05398]
[3.25854, 3.31519] ; [3.05398, 3.05434]
[3.25876, 3.3156] ; [3.05434, 3.0547]
[3.25897, 3.31602] ; [3.0547, 3.05506]
