[0.233874, 0.233874] ; [-0.000259165, 0]
[0.233875, 0.233875] ; [0, 0.000259165]
[0.233884, 0.233884] ; [0.000259165, 0.000725663]
[0.23391, 0.23391] ; [0.000725663, 0.0013733]
[0.233951, 0.233951] ; [0.0013733, 0.00202597]
[0.234007, 0.234007] ; [0.00202597, 0.00268287]
[0.23408, 0.23408] ; [0.00268287, 0.00334405]
[0.234168, 0.234168] ; [0.00334405, 0.00400953]
[0.234271, 0.234271] ; [0.00400953, 0.00467938]
[0.23439, 0.23439] ; [0.00467938, 0.00535361]
[0.234525, 0.234525] ; [0.00535361, 0.00603229]
[0.234675, 0.234675] ; [0.00603229, 0.00671546]
[0.23484, 0.23484] ; [0.00671546, 0.00740315]
[0.235021, 0.235021] ; [0.00740315, 0.00809541]
[0.235218, 0.235218] ; [0.00809541, 0.00879229]
[0.23543, 0.23543] ; [0.00879229, 0.00949384]
[0.235657, 0.235657] ; [0.00949384, 0.0102001]
[0.2359, 0.2359] ; [0.0102001, 0.0109111]
[0.236158, 0.236158] ; [0.0109111, 0.0116269]
[0.236431, 0.236431] ; [0.0116269, 0.0123476]
[0.23672, 0.23672] ; [0.0123476, 0.0130731]
[0.237024, 0.237024] ; [0.0130731, 0.0138036]
[0.237343, 0.237343] ; [0.0138036, 0.0145391]
[0.237677, 0.237678] ; [0.0145391, 0.0152796]
[0.238027, 0.238027] ; [0.0152796, 0.0160253]
[0.238392, 0.238392] ; [0.0160253, 0.016776]
[0.238772, 0.238772] ; [0.016776, 0.017532]
[0.239167, 0.239167] ; [0.017532, 0.0182932]
[0.239577, 0.239577] ; [0.0182932, 0.0190596]
[0.240002, 0.240002] ; [0.0190596, 0.0198315]
[0.240442, 0.240442] ; [0.0198315, 0.0206087]
[0.240898, 0.240898] ; [0.0206087, 0.0213913]
[0.241368, 0.241369] ; [0.0213913, 0.0221809]
[0.241858, 0.241858] ; [0.0221809, 0.0229817]
[0.242366, 0.242366] ; [0.0229817, 0.0237941]
[0.242893, 0.242893] ; [0.0237941, 0.0246181]
[0.24344, 0.24344] ; [0.0246181, 0.0254541]
[0.244007, 0.244007] ; [0.0254541, 0.0263021]
[0.244593, 0.244593] ; [0.0263021, 0.0271625]
[0.245199, 0.245199] ; [0.0271625, 0.0280354]
[0.245827, 0.245827] ; [0.0280354, 0.028921]
[0.246475, 0.246475] ; [0.028921, 0.0298196]
[0.247144, 0.247144] ; [0.0298196, 0.0307314]
[0.247834, 0.247834] ; [0.0307314, 0.0316565]
[0.248546, 0.248546] ; [0.0316565, 0.0325954]
[0.249281, 0.249281] ; [0.0325954, 0.0335481]
[0.250037, 0.250037] ; [0.0335481, 0.034515]
[0.250816, 0.250816] ; [0.034515, 0.0354963]
[0.251618, 0.251618] ; [0.0354963, 0.0364923]
[0.252443, 0.252443] ; [0.0364923, 0.0375032]
[0.253291, 0.253292] ; [0.0375032, 0.0385293]
[0.254164, 0.254164] ; [0.0385293, 0.039571]
[0.25506, 0.25506] ; [0.039571, 0.0406285]
[0.25598, 0.25598] ; [0.0406285, 0.0417021]
[0.256925, 0.256925] ; [0.0417021, 0.0427921]
[0.257894, 0.257894] ; [0.0427921, 0.0438989]
[0.258888, 0.258889] ; [0.0438989, 0.0450228]
[0.259908, 0.259908] ; [0.0450228, 0.0461639]
[0.260953, 0.260953] ; [0.0461639, 0.0473228]
[0.262024, 0.262024] ; [0.0473228, 0.0484997]
[0.26312, 0.263121] ; [0.0484997, 0.0496949]
[0.264243, 0.264243] ; [0.0496949, 0.0509089]
[0.265392, 0.265392] ; [0.0509089, 0.0521421]
[0.266567, 0.266568] ; [0.0521421, 0.0533947]
[0.26777, 0.26777] ; [0.0533947, 0.0546673]
[0.268999, 0.268999] ; [0.0546673, 0.0559602]
[0.270255, 0.270255] ; [0.0559602, 0.0572738]
[0.271538, 0.271538] ; [0.0572738, 0.0586087]
[0.272849, 0.272849] ; [0.0586087, 0.0599653]
[0.274187, 0.274187] ; [0.0599653, 0.061344]
[0.275553, 0.275553] ; [0.061344, 0.0627454]
[0.276947, 0.276947] ; [0.0627454, 0.06417]
[0.278368, 0.278369] ; [0.06417, 0.0656184]
[0.279819, 0.279819] ; [0.0656184, 0.0670911]
[0.281297, 0.281297] ; [0.0670911, 0.0685889]
[0.282804, 0.282804] ; [0.0685889, 0.0701124]
[0.284339, 0.28434] ; [0.0701124, 0.0716622]
[0.285904, 0.285904] ; [0.0716622, 0.0732393]
[0.287498, 0.287498] ; [0.0732393, 0.0748444]
[0.289121, 0.289121] ; [0.0748444, 0.0764785]
[0.290773, 0.290774] ; [0.0764785, 0.0781427]
[0.292456, 0.292456] ; [0.0781427, 0.0798378]
[0.294168, 0.294168] ; [0.0798378, 0.0815637]
[0.295909, 0.295909] ; [0.0815637, 0.0833217]
[0.297679, 0.29768] ; [0.0833217, 0.0851131]
[0.29948, 0.299481] ; [0.0851131, 0.0869395]
[0.301312, 0.301313] ; [0.0869395, 0.0888027]
[0.303176, 0.303177] ; [0.0888027, 0.0907047]
[0.305073, 0.305074] ; [0.0907047, 0.0926481]
[0.307006, 0.307006] ; [0.0926481, 0.0946358]
[0.308975, 0.308975] ; [0.0946358, 0.0966715]
[0.310983, 0.310984] ; [0.0966715, 0.0987596]
[0.313036, 0.313036] ; [0.0987596, 0.100906]
[0.315136, 0.315137] ; [0.100906, 0.103116]
[0.317291, 0.317292] ; [0.103116, 0.105401]
[0.31951, 0.31951] ; [0.105401, 0.107772]
[0.321805, 0.321806] ; [0.107772, 0.110246]
[0.324195, 0.324196] ; [0.110246, 0.112847]
[0.326711, 0.326712] ; [0.112847, 0.115612]
[0.329403, 0.329405] ; [0.115612, 0.118605]
[0.332291, 0.332293] ; [0.118605, 0.121857]
[0.333728, 0.33373] ; [0.121857, 0.123491]
[0.336291, 0.336293] ; [0.123491, 0.126433]
[0.338642, 0.338644] ; [0.126433, 0.129163]
[0.340798, 0.3408] ; [0.129163, 0.131694]
[0.342811, 0.342814] ; [0.131694, 0.134079]
[0.344711, 0.344713] ; [0.134079, 0.13635]
[0.346517, 0.34652] ; [0.13635, 0.138527]
[0.348245, 0.348248] ; [0.138527, 0.140626]
[0.349906, 0.349909] ; [0.140626, 0.142656]
[0.35151, 0.351512] ; [0.142656, 0.144628]
[0.353063, 0.353066] ; [0.144628, 0.146549]
[0.354572, 0.354575] ; [0.146549, 0.148424]
[0.356043, 0.356046] ; [0.148424, 0.150259]
[0.35748, 0.357483] ; [0.150259, 0.152057]
[0.358887, 0.35889] ; [0.152057, 0.153823]
[0.360268, 0.360271] ; [0.153823, 0.15556]
[0.361625, 0.361629] ; [0.15556, 0.15727]
[0.362963, 0.362967] ; [0.15727, 0.158956]
[0.364282, 0.364286] ; [0.158956, 0.160618]
[0.365585, 0.365588] ; [0.160618, 0.162259]
[0.366872, 0.366876] ; [0.162259, 0.163879]
[0.368147, 0.368151] ; [0.163879, 0.165479]
[0.369411, 0.369415] ; [0.165479, 0.167062]
[0.370667, 0.370671] ; [0.167062, 0.16863]
[0.371917, 0.371921] ; [0.16863, 0.170184]
[0.373164, 0.373168] ; [0.170184, 0.171726]
[0.374408, 0.374412] ; [0.171726, 0.173258]
[0.375653, 0.375657] ; [0.173258, 0.174782]
[0.376899, 0.376903] ; [0.174782, 0.176298]
[0.37815, 0.378154] ; [0.176298, 0.177808]
[0.379407, 0.379411] ; [0.177808, 0.179314]
[0.380672, 0.380676] ; [0.179314, 0.180818]
[0.381947, 0.381951] ; [0.180818, 0.182321]
[0.383234, 0.383239] ; [0.182321, 0.183824]
[0.384537, 0.384541] ; [0.183824, 0.18533]
[0.385856, 0.38586] ; [0.18533, 0.186839]
[0.387194, 0.387199] ; [0.186839, 0.188354]
[0.388555, 0.388559] ; [0.188354, 0.189877]
[0.38994, 0.389945] ; [0.189877, 0.191409]
[0.391354, 0.391359] ; [0.191409, 0.192953]
[0.392798, 0.392803] ; [0.192953, 0.194511]
[0.394278, 0.394283] ; [0.194511, 0.196086]
[0.395797, 0.395802] ; [0.196086, 0.197681]
[0.397359, 0.397364] ; [0.197681, 0.199298]
[0.39897, 0.398975] ; [0.199298, 0.200941]
[0.400635, 0.40064] ; [0.200941, 0.202614]
[0.402361, 0.402367] ; [0.202614, 0.204323]
[0.404156, 0.404162] ; [0.204323, 0.206071]
[0.406029, 0.406035] ; [0.206071, 0.207864]
[0.407987, 0.407993] ; [0.207864, 0.209709]
[0.410044, 0.41005] ; [0.209709, 0.211613]
[0.412214, 0.41222] ; [0.211613, 0.213587]
[0.414514, 0.414521] ; [0.213587, 0.215641]
[0.416793, 0.4168] ; [0.215641, 0.217639]
[0.418998, 0.419006] ; [0.217639, 0.21954]
[0.421164, 0.421172] ; [0.21954, 0.221376]
[0.423299, 0.423307] ; [0.221376, 0.223158]
[0.425412, 0.42542] ; [0.223158, 0.224897]
[0.42751, 0.427519] ; [0.224897, 0.226599]
[0.4296, 0.42961] ; [0.226599, 0.228271]
[0.431687, 0.431696] ; [0.228271, 0.229919]
[0.433773, 0.433783] ; [0.229919, 0.231546]
[0.435863, 0.435873] ; [0.231546, 0.233157]
[0.43796, 0.43797] ; [0.233157, 0.234754]
[0.440066, 0.440077] ; [0.234754, 0.23634]
[0.442183, 0.442194] ; [0.23634, 0.237917]
[0.444314, 0.444325] ; [0.237917, 0.239488]
[0.44646, 0.446471] ; [0.239488, 0.241053]
[0.448622, 0.448633] ; [0.241053, 0.242615]
[0.450801, 0.450813] ; [0.242615, 0.244174]
[0.452999, 0.453011] ; [0.244174, 0.245732]
[0.455218, 0.45523] ; [0.245732, 0.247291]
[0.457459, 0.457471] ; [0.247291, 0.248852]
[0.459722, 0.459734] ; [0.248852, 0.250415]
[0.462009, 0.462021] ; [0.250415, 0.251981]
[0.46432, 0.464333] ; [0.251981, 0.253552]
[0.466658, 0.466671] ; [0.253552, 0.255129]
[0.469022, 0.469035] ; [0.255129, 0.256712]
[0.471414, 0.471427] ; [0.256712, 0.258302]
[0.473834, 0.473847] ; [0.258302, 0.259899]
[0.476282, 0.476296] ; [0.259899, 0.261505]
[0.478761, 0.478775] ; [0.261505, 0.263121]
[0.48127, 0.481284] ; [0.263121, 0.264745]
[0.48381, 0.483824] ; [0.264745, 0.26638]
[0.486382, 0.486396] ; [0.26638, 0.268026]
[0.488985, 0.489] ; [0.268026, 0.269683]
[0.491621, 0.491636] ; [0.269683, 0.271352]
[0.49429, 0.494305] ; [0.271352, 0.273033]
[0.496992, 0.497007] ; [0.273033, 0.274726]
[0.499727, 0.499743] ; [0.274726, 0.276433]
[0.502497, 0.502512] ; [0.276433, 0.278152]
[0.5053, 0.505316] ; [0.278152, 0.279886]
[0.508138, 0.508153] ; [0.279886, 0.281634]
[0.51101, 0.511026] ; [0.281634, 0.283396]
[0.513916, 0.513932] ; [0.283396, 0.285172]
[0.516857, 0.516874] ; [0.285172, 0.286964]
[0.519833, 0.51985] ; [0.286964, 0.288771]
[0.522843, 0.52286] ; [0.288771, 0.290593]
[0.525888, 0.525905] ; [0.290593, 0.292432]
[0.528968, 0.528985] ; [0.292432, 0.294286]
[0.532082, 0.532099] ; [0.294286, 0.296156]
[0.535231, 0.535248] ; [0.296156, 0.298043]
[0.538414, 0.538431] ; [0.298043, 0.299947]
[0.541631, 0.541649] ; [0.299947, 0.301868]
[0.544882, 0.544901] ; [0.301868, 0.303806]
[0.548168, 0.548186] ; [0.303806, 0.305762]
[0.551488, 0.551506] ; [0.305762, 0.307736]
[0.554842, 0.55486] ; [0.307736, 0.309728]
[0.55823, 0.558249] ; [0.309728, 0.311738]
[0.561652, 0.561671] ; [0.311738, 0.313768]
[0.565109, 0.565128] ; [0.313768, 0.315818]
[0.568601, 0.56862] ; [0.315818, 0.317888]
[0.572128, 0.572147] ; [0.317888, 0.319979]
[0.575689, 0.575709] ; [0.319979, 0.322091]
[0.579278, 0.579298] ; [0.322091, 0.324219]
[0.582894, 0.582914] ; [0.324219, 0.326366]
[0.586538, 0.586558] ; [0.326366, 0.32853]
[0.590211, 0.590231] ; [0.32853, 0.330714]
[0.593913, 0.593934] ; [0.330714, 0.332919]
[0.597648, 0.597669] ; [0.332919, 0.335145]
[0.601415, 0.601436] ; [0.335145, 0.337395]
[0.605217, 0.605238] ; [0.337395, 0.339669]
[0.609057, 0.609078] ; [0.339669, 0.34197]
[0.612936, 0.612958] ; [0.34197, 0.3443]
[0.61686, 0.616882] ; [0.3443, 0.346663]
[0.620832, 0.620854] ; [0.346663, 0.34906]
[0.624858, 0.62488] ; [0.34906, 0.351496]
[0.628944, 0.628966] ; [0.351496, 0.353976]
[0.632998, 0.63302] ; [0.353976, 0.356444]
[0.636964, 0.636987] ; [0.356444, 0.358865]
[0.640848, 0.64087] ; [0.358865, 0.361244]
[0.644652, 0.644675] ; [0.361244, 0.363582]
[0.648381, 0.648404] ; [0.363582, 0.365881]
[0.652038, 0.652061] ; [0.365881, 0.368142]
[0.655624, 0.655648] ; [0.368142, 0.370367]
[0.659143, 0.659166] ; [0.370367, 0.372558]
[0.662596, 0.66262] ; [0.372558, 0.374714]
[0.665985, 0.666009] ; [0.374714, 0.376837]
[0.669313, 0.669337] ; [0.376837, 0.378928]
[0.67258, 0.672604] ; [0.378928, 0.380987]
[0.675788, 0.675812] ; [0.380987, 0.383015]
[0.678939, 0.678963] ; [0.383015, 0.385013]
[0.682033, 0.682057] ; [0.385013, 0.38698]
[0.685071, 0.685096] ; [0.38698, 0.388918]
[0.688055, 0.68808] ; [0.388918, 0.390826]
[0.690986, 0.69101] ; [0.390826, 0.392705]
[0.693863, 0.693888] ; [0.392705, 0.394555]
[0.696689, 0.696714] ; [0.394555, 0.396377]
[0.699463, 0.699488] ; [0.396377, 0.398169]
[0.702186, 0.702211] ; [0.398169, 0.399932]
[0.704858, 0.704883] ; [0.399932, 0.401667]
[0.707491, 0.707516] ; [0.401667, 0.40338]
[0.710111, 0.710137] ; [0.40338, 0.405088]
[0.71272, 0.712746] ; [0.405088, 0.406793]
[0.715317, 0.715343] ; [0.406793, 0.408493]
[0.717904, 0.717929] ; [0.408493, 0.410189]
[0.720479, 0.720505] ; [0.410189, 0.411881]
[0.723045, 0.723071] ; [0.411881, 0.413569]
[0.725601, 0.725627] ; [0.413569, 0.415254]
[0.728148, 0.728174] ; [0.415254, 0.416936]
[0.730686, 0.730712] ; [0.416936, 0.418614]
[0.733215, 0.733242] ; [0.418614, 0.420289]
[0.735737, 0.735763] ; [0.420289, 0.421961]
[0.738251, 0.738277] ; [0.421961, 0.42363]
[0.740758, 0.740784] ; [0.42363, 0.425296]
[0.743258, 0.743284] ; [0.425296, 0.426959]
[0.745752, 0.745778] ; [0.426959, 0.428619]
[0.748239, 0.748266] ; [0.428619, 0.430277]
[0.750721, 0.750748] ; [0.430277, 0.431932]
[0.753199, 0.753225] ; [0.431932, 0.433585]
[0.755671, 0.755698] ; [0.433585, 0.435235]
[0.758139, 0.758166] ; [0.435235, 0.436883]
[0.760603, 0.76063] ; [0.436883, 0.438529]
[0.763064, 0.763091] ; [0.438529, 0.440172]
[0.765522, 0.76555] ; [0.440172, 0.441814]
[0.767978, 0.768005] ; [0.441814, 0.443454]
[0.770431, 0.770458] ; [0.443454, 0.445092]
[0.772875, 0.772903] ; [0.445092, 0.446724]
[0.775311, 0.775339] ; [0.446724, 0.448349]
[0.777766, 0.777794] ; [0.448349, 0.449986]
[0.780247, 0.780274] ; [0.449986, 0.451638]
[0.782752, 0.78278] ; [0.451638, 0.453306]
[0.785283, 0.785311] ; [0.453306, 0.454989]
[0.78784, 0.787868] ; [0.454989, 0.456687]
[0.790423, 0.790451] ; [0.456687, 0.458401]
[0.793031, 0.793059] ; [0.458401, 0.460128]
[0.795663, 0.795692] ; [0.460128, 0.461869]
[0.798321, 0.79835] ; [0.461869, 0.463623]
[0.801005, 0.801034] ; [0.463623, 0.465392]
[0.803716, 0.803745] ; [0.465392, 0.467174]
[0.806455, 0.806484] ; [0.467174, 0.468971]
[0.809222, 0.809252] ; [0.468971, 0.470781]
[0.812019, 0.812049] ; [0.470781, 0.472607]
[0.814847, 0.814877] ; [0.472607, 0.474448]
[0.817707, 0.817737] ; [0.474448, 0.476304]
[0.820601, 0.820631] ; [0.476304, 0.478176]
[0.82353, 0.82356] ; [0.478176, 0.480064]
[0.826496, 0.826526] ; [0.480064, 0.48197]
[0.829501, 0.829532] ; [0.48197, 0.483894]
[0.832548, 0.832578] ; [0.483894, 0.485836]
[0.835639, 0.835669] ; [0.485836, 0.487799]
[0.838776, 0.838807] ; [0.487799, 0.489783]
[0.841964, 0.841995] ; [0.489783, 0.49179]
[0.845206, 0.845237] ; [0.49179, 0.493822]
[0.848506, 0.848538] ; [0.493822, 0.49588]
[0.85187, 0.851902] ; [0.49588, 0.497968]
[0.855294, 0.855326] ; [0.497968, 0.500081]
[0.858775, 0.858807] ; [0.500081, 0.502218]
[0.862318, 0.86235] ; [0.502218, 0.504381]
[0.865927, 0.865959] ; [0.504381, 0.506572]
[0.869608, 0.869641] ; [0.506572, 0.508793]
[0.873368, 0.873401] ; [0.508793, 0.511048]
[0.877216, 0.877249] ; [0.511048, 0.513341]
[0.881162, 0.881196] ; [0.513341, 0.515677]
[0.885218, 0.885252] ; [0.515677, 0.518063]
[0.889402, 0.889436] ; [0.518063, 0.520507]
[0.893734, 0.893769] ; [0.520507, 0.52302]
[0.898243, 0.898279] ; [0.52302, 0.525616]
[0.90297, 0.903005] ; [0.525616, 0.528318]
[0.907967, 0.908003] ; [0.528318, 0.531153]
[0.912537, 0.912574] ; [0.531153, 0.533727]
[0.916881, 0.916918] ; [0.533727, 0.536156]
[0.92103, 0.921067] ; [0.536156, 0.538463]
[0.92502, 0.925058] ; [0.538463, 0.540669]
[0.928877, 0.928915] ; [0.540669, 0.542789]
[0.932617, 0.932656] ; [0.542789, 0.544836]
[0.936257, 0.936296] ; [0.544836, 0.546819]
[0.939808, 0.939848] ; [0.546819, 0.548745]
[0.94328, 0.94332] ; [0.548745, 0.550621]
[0.946681, 0.94672] ; [0.550621, 0.552452]
[0.950016, 0.950056] ; [0.552452, 0.554242]
[0.953293, 0.953333] ; [0.554242, 0.555996]
[0.956516, 0.956556] ; [0.555996, 0.557715]
[0.959689, 0.95973] ; [0.557715, 0.559405]
[0.962816, 0.962857] ; [0.559405, 0.561066]
[0.9659, 0.965942] ; [0.561066, 0.562701]
[0.968945, 0.968987] ; [0.562701, 0.564313]
[0.971953, 0.971995] ; [0.564313, 0.565903]
[0.974927, 0.97497] ; [0.565903, 0.567474]
[0.977869, 0.977912] ; [0.567474, 0.569026]
[0.980779, 0.980822] ; [0.569026, 0.57056]
[0.983658, 0.983701] ; [0.57056, 0.572078]
[0.986506, 0.98655] ; [0.572078, 0.57358]
[0.989327, 0.989371] ; [0.57358, 0.575067]
[0.992119, 0.992163] ; [0.575067, 0.57654]
[0.994883, 0.994927] ; [0.57654, 0.577999]
[0.997621, 0.997666] ; [0.577999, 0.579446]
[1.00034, 1.00038] ; [0.579446, 0.580882]
[1.00303, 1.00307] ; [0.580882, 0.582308]
[1.0057, 1.00574] ; [0.582308, 0.583726]
[1.00834, 1.00839] ; [0.583726, 0.585135]
[1.01097, 1.01102] ; [0.585135, 0.586537]
[1.01359, 1.01363] ; [0.586537, 0.587934]
[1.01618, 1.01623] ; [0.587934, 0.589326]
[1.01876, 1.01881] ; [0.589326, 0.590714]
[1.02133, 1.02138] ; [0.590714, 0.592099]
[1.02388, 1.02393] ; [0.592099, 0.593482]
[1.02643, 1.02647] ; [0.593482, 0.594864]
[1.02896, 1.02901] ; [0.594864, 0.596246]
[1.03148, 1.03153] ; [0.596246, 0.597629]
[1.03399, 1.03404] ; [0.597629, 0.599014]
[1.0365, 1.03655] ; [0.599014, 0.600403]
[1.039, 1.03905] ; [0.600403, 0.601795]
[1.04149, 1.04154] ; [0.601795, 0.603193]
[1.04399, 1.04404] ; [0.603193, 0.604598]
[1.04648, 1.04653] ; [0.604598, 0.606011]
[1.04897, 1.04902] ; [0.606011, 0.607433]
[1.05146, 1.05151] ; [0.607433, 0.608865]
[1.05395, 1.05401] ; [0.608865, 0.61031]
[1.05645, 1.05651] ; [0.61031, 0.611769]
[1.05896, 1.05902] ; [0.611769, 0.613244]
[1.06148, 1.06153] ; [0.613244, 0.614737]
[1.064, 1.06406] ; [0.614737, 0.61625]
[1.06654, 1.0666] ; [0.61625, 0.617785]
[1.0691, 1.06916] ; [0.617785, 0.619346]
[1.07167, 1.07173] ; [0.619346, 0.620933]
[1.07427, 1.07433] ; [0.620933, 0.622551]
[1.07689, 1.07695] ; [0.622551, 0.624204]
[1.07954, 1.0796] ; [0.624204, 0.625895]
[1.08223, 1.08229] ; [0.625895, 0.62763]
[1.08496, 1.08502] ; [0.62763, 0.629414]
[1.08773, 1.0878] ; [0.629414, 0.631254]
[1.09056, 1.09063] ; [0.631254, 0.633159]
[1.09335, 1.09341] ; [0.633159, 0.63506]
[1.09596, 1.09602] ; [0.63506, 0.636869]
[1.09845, 1.09852] ; [0.636869, 0.638626]
[1.10085, 1.10092] ; [0.638626, 0.640334]
[1.10316, 1.10322] ; [0.640334, 0.642002]
[1.10539, 1.10545] ; [0.642002, 0.643637]
[1.10755, 1.10762] ; [0.643637, 0.645243]
[1.10965, 1.10972] ; [0.645243, 0.646825]
[1.11169, 1.11176] ; [0.646825, 0.648387]
[1.11368, 1.11376] ; [0.648387, 0.64993]
[1.11563, 1.11571] ; [0.64993, 0.651458]
[1.11754, 1.11761] ; [0.651458, 0.652972]
[1.11941, 1.11948] ; [0.652972, 0.654476]
[1.12124, 1.12132] ; [0.654476, 0.65597]
[1.12305, 1.12312] ; [0.65597, 0.657456]
[1.12482, 1.12489] ; [0.657456, 0.658936]
[1.12656, 1.12663] ; [0.658936, 0.660409]
[1.12827, 1.12835] ; [0.660409, 0.661877]
[1.12996, 1.13004] ; [0.661877, 0.663342]
[1.13163, 1.13171] ; [0.663342, 0.664804]
[1.13328, 1.13336] ; [0.664804, 0.666264]
[1.1349, 1.13498] ; [0.666264, 0.667723]
[1.13651, 1.13659] ; [0.667723, 0.669181]
[1.1381, 1.13818] ; [0.669181, 0.67064]
[1.13967, 1.13975] ; [0.67064, 0.672101]
[1.14122, 1.14131] ; [0.672101, 0.673562]
[1.14277, 1.14285] ; [0.673562, 0.675027]
[1.14429, 1.14438] ; [0.675027, 0.676494]
[1.14581, 1.14589] ; [0.676494, 0.677965]
[1.14731, 1.1474] ; [0.677965, 0.679439]
[1.14881, 1.14889] ; [0.679439, 0.680919]
[1.15029, 1.15037] ; [0.680919, 0.682403]
[1.15176, 1.15185] ; [0.682403, 0.683892]
[1.15323, 1.15331] ; [0.683892, 0.685387]
[1.15469, 1.15477] ; [0.685387, 0.686889]
[1.15614, 1.15622] ; [0.686889, 0.688397]
[1.15758, 1.15767] ; [0.688397, 0.689912]
[1.15902, 1.15911] ; [0.689912, 0.691434]
[1.16045, 1.16054] ; [0.691434, 0.692965]
[1.16188, 1.16197] ; [0.692965, 0.694503]
[1.16331, 1.1634] ; [0.694503, 0.69605]
[1.16473, 1.16482] ; [0.69605, 0.697606]
[1.16615, 1.16624] ; [0.697606, 0.699171]
[1.16757, 1.16766] ; [0.699171, 0.700746]
[1.16899, 1.16908] ; [0.700746, 0.70233]
[1.17041, 1.1705] ; [0.70233, 0.703925]
[1.17182, 1.17192] ; [0.703925, 0.705531]
[1.17324, 1.17334] ; [0.705531, 0.707147]
[1.17466, 1.17476] ; [0.707147, 0.708775]
[1.17609, 1.17618] ; [0.708775, 0.710415]
[1.17752, 1.17761] ; [0.710415, 0.712067]
[1.17895, 1.17904] ; [0.712067, 0.713731]
[1.18038, 1.18048] ; [0.713731, 0.715408]
[1.18183, 1.18192] ; [0.715408, 0.717099]
[1.18327, 1.18337] ; [0.717099, 0.718803]
[1.18473, 1.18483] ; [0.718803, 0.720522]
[1.18619, 1.18629] ; [0.720522, 0.722255]
[1.18767, 1.18777] ; [0.722255, 0.724003]
[1.18915, 1.18925] ; [0.724003, 0.725768]
[1.19064, 1.19074] ; [0.725768, 0.727549]
[1.19215, 1.19225] ; [0.727549, 0.729346]
[1.19367, 1.19377] ; [0.729346, 0.731162]
[1.1952, 1.19531] ; [0.731162, 0.732996]
[1.19675, 1.19685] ; [0.732996, 0.734849]
[1.19832, 1.19842] ; [0.734849, 0.736722]
[1.1999, 1.20001] ; [0.736722, 0.738617]
[1.2015, 1.20161] ; [0.738617, 0.740529]
[1.20312, 1.20322] ; [0.740529, 0.742459]
[1.20476, 1.20486] ; [0.742459, 0.744409]
[1.20641, 1.20652] ; [0.744409, 0.746379]
[1.20809, 1.2082] ; [0.746379, 0.748371]
[1.20979, 1.2099] ; [0.748371, 0.750385]
[1.21152, 1.21162] ; [0.750385, 0.752424]
[1.21327, 1.21338] ; [0.752424, 0.754489]
[1.21505, 1.21516] ; [0.754489, 0.756581]
[1.21687, 1.21698] ; [0.756581, 0.758704]
[1.21872, 1.21883] ; [0.758704, 0.760858]
[1.22061, 1.22072] ; [0.760858, 0.763048]
[1.22254, 1.22266] ; [0.763048, 0.765275]
[1.2245, 1.22461] ; [0.765275, 0.767522]
[1.22643, 1.22654] ; [0.767522, 0.769723]
[1.22833, 1.22845] ; [0.769723, 0.771884]
[1.23021, 1.23033] ; [0.771884, 0.774007]
[1.23207, 1.23218] ; [0.774007, 0.776094]
[1.23391, 1.23402] ; [0.776094, 0.778146]
[1.23572, 1.23584] ; [0.778146, 0.780166]
[1.23752, 1.23764] ; [0.780166, 0.782154]
[1.2393, 1.23942] ; [0.782154, 0.784112]
[1.24106, 1.24118] ; [0.784112, 0.786041]
[1.24281, 1.24293] ; [0.786041, 0.787941]
[1.24454, 1.24466] ; [0.787941, 0.789814]
[1.24625, 1.24637] ; [0.789814, 0.791661]
[1.24795, 1.24807] ; [0.791661, 0.793481]
[1.24963, 1.24975] ; [0.793481, 0.795275]
[1.25129, 1.25141] ; [0.795275, 0.797044]
[1.25294, 1.25306] ; [0.797044, 0.798789]
[1.25458, 1.2547] ; [0.798789, 0.800509]
[1.25619, 1.25631] ; [0.800509, 0.802205]
[1.2578, 1.25792] ; [0.802205, 0.803877]
[1.25938, 1.2595] ; [0.803877, 0.805526]
[1.26095, 1.26107] ; [0.805526, 0.807151]
[1.2625, 1.26263] ; [0.807151, 0.808752]
[1.26404, 1.26416] ; [0.808752, 0.810331]
[1.26556, 1.26568] ; [0.810331, 0.811886]
[1.26706, 1.26719] ; [0.811886, 0.813419]
[1.26857, 1.26869] ; [0.813419, 0.814951]
[1.27008, 1.2702] ; [0.814951, 0.81648]
[1.27159, 1.27172] ; [0.81648, 0.818007]
[1.27311, 1.27323] ; [0.818007, 0.819531]
[1.27462, 1.27475] ; [0.819531, 0.821054]
[1.27615, 1.27627] ; [0.821054, 0.822575]
[1.27767, 1.2778] ; [0.822575, 0.824095]
[1.2792, 1.27932] ; [0.824095, 0.825613]
[1.28073, 1.28085] ; [0.825613, 0.827129]
[1.28226, 1.28239] ; [0.827129, 0.828644]
[1.2838, 1.28392] ; [0.828644, 0.830158]
[1.28533, 1.28546] ; [0.830158, 0.831671]
[1.28688, 1.287] ; [0.831671, 0.833183]
[1.28842, 1.28855] ; [0.833183, 0.834694]
[1.28997, 1.29009] ; [0.834694, 0.836204]
[1.29152, 1.29164] ; [0.836204, 0.837713]
[1.29307, 1.2932] ; [0.837713, 0.839222]
[1.29462, 1.29475] ; [0.839222, 0.84073]
[1.29618, 1.29631] ; [0.84073, 0.842238]
[1.29774, 1.29787] ; [0.842238, 0.843746]
[1.29931, 1.29943] ; [0.843746, 0.845253]
[1.30087, 1.301] ; [0.845253, 0.84676]
[1.30244, 1.30257] ; [0.84676, 0.848267]
[1.30401, 1.30414] ; [0.848267, 0.849775]
[1.30558, 1.30571] ; [0.849775, 0.851282]
[1.30716, 1.30728] ; [0.851282, 0.85279]
[1.30873, 1.30886] ; [0.85279, 0.854298]
[1.31031, 1.31044] ; [0.854298, 0.855806]
[1.31191, 1.31204] ; [0.855806, 0.85733]
[1.31353, 1.31365] ; [0.85733, 0.858872]
[1.31516, 1.31529] ; [0.858872, 0.860433]
[1.31682, 1.31695] ; [0.860433, 0.862013]
[1.3185, 1.31863] ; [0.862013, 0.863611]
[1.3202, 1.32033] ; [0.863611, 0.865227]
[1.32192, 1.32205] ; [0.865227, 0.866862]
[1.32366, 1.32379] ; [0.866862, 0.868515]
[1.32542, 1.32555] ; [0.868515, 0.870187]
[1.3272, 1.32733] ; [0.870187, 0.871878]
[1.329, 1.32913] ; [0.871878, 0.873587]
[1.33082, 1.33095] ; [0.873587, 0.875314]
[1.33265, 1.33278] ; [0.875314, 0.877058]
[1.33451, 1.33463] ; [0.877058, 0.878821]
[1.33638, 1.33651] ; [0.878821, 0.880601]
[1.33827, 1.33839] ; [0.880601, 0.8824]
[1.34017, 1.3403] ; [0.8824, 0.884217]
[1.3421, 1.34223] ; [0.884217, 0.886053]
[1.34404, 1.34417] ; [0.886053, 0.887908]
[1.346, 1.34613] ; [0.887908, 0.889783]
[1.34798, 1.34811] ; [0.889783, 0.891677]
[1.34998, 1.35011] ; [0.891677, 0.893592]
[1.352, 1.35212] ; [0.893592, 0.895529]
[1.35403, 1.35416] ; [0.895529, 0.897487]
[1.35609, 1.35622] ; [0.897487, 0.899467]
[1.35816, 1.35829] ; [0.899467, 0.901472]
[1.36026, 1.36039] ; [0.901472, 0.903501]
[1.36238, 1.36251] ; [0.903501, 0.905556]
[1.36452, 1.36465] ; [0.905556, 0.907638]
[1.36669, 1.36682] ; [0.907638, 0.90975]
[1.36888, 1.36901] ; [0.90975, 0.911893]
[1.3711, 1.37123] ; [0.911893, 0.914069]
[1.37335, 1.37348] ; [0.914069, 0.916282]
[1.37564, 1.37577] ; [0.916282, 0.918535]
[1.37796, 1.37809] ; [0.918535, 0.920831]
[1.38033, 1.38046] ; [0.920831, 0.923176]
[1.38274, 1.38287] ; [0.923176, 0.925576]
[1.38521, 1.38534] ; [0.925576, 0.928038]
[1.38774, 1.38787] ; [0.928038, 0.930572]
[1.39034, 1.39048] ; [0.930572, 0.933191]
[1.39304, 1.39318] ; [0.933191, 0.935912]
[1.39586, 1.39599] ; [0.935912, 0.938759]
[1.39851, 1.39864] ; [0.938759, 0.941446]
[1.40104, 1.40117] ; [0.941446, 0.94402]
[1.40347, 1.40361] ; [0.94402, 0.946501]
[1.40582, 1.40596] ; [0.946501, 0.948901]
[1.4081, 1.40823] ; [0.948901, 0.951227]
[1.4103, 1.41044] ; [0.951227, 0.953489]
[1.41246, 1.41259] ; [0.953489, 0.955695]
[1.41456, 1.41469] ; [0.955695, 0.957852]
[1.41662, 1.41675] ; [0.957852, 0.959966]
[1.41864, 1.41878] ; [0.959966, 0.962042]
[1.42063, 1.42077] ; [0.962042, 0.964083]
[1.42258, 1.42272] ; [0.964083, 0.966088]
[1.42451, 1.42465] ; [0.966088, 0.968063]
[1.42641, 1.42655] ; [0.968063, 0.970009]
[1.4283, 1.42844] ; [0.970009, 0.97193]
[1.43016, 1.4303] ; [0.97193, 0.973829]
[1.432, 1.43215] ; [0.973829, 0.975707]
[1.43384, 1.43398] ; [0.975707, 0.977567]
[1.43566, 1.4358] ; [0.977567, 0.979412]
[1.43748, 1.43762] ; [0.979412, 0.981242]
[1.43928, 1.43943] ; [0.981242, 0.98306]
[1.44109, 1.44124] ; [0.98306, 0.984868]
[1.44289, 1.44304] ; [0.984868, 0.986666]
[1.4447, 1.44485] ; [0.986666, 0.988458]
[1.44651, 1.44666] ; [0.988458, 0.990244]
[1.44832, 1.44847] ; [0.990244, 0.992027]
[1.45014, 1.45029] ; [0.992027, 0.993806]
[1.45196, 1.45212] ; [0.993806, 0.995585]
[1.4538, 1.45396] ; [0.995585, 0.997365]
[1.45566, 1.45581] ; [0.997365, 0.999147]
[1.45753, 1.45768] ; [0.999147, 1.00093]
[1.45941, 1.45957] ; [1.00093, 1.00272]
[1.46132, 1.46148] ; [1.00272, 1.00452]
[1.46325, 1.46341] ; [1.00452, 1.00633]
[1.46521, 1.46537] ; [1.00633, 1.00815]
[1.46719, 1.46736] ; [1.00815, 1.00998]
[1.46921, 1.46937] ; [1.00998, 1.01183]
[1.47126, 1.47143] ; [1.01183, 1.01369]
[1.47335, 1.47352] ; [1.01369, 1.01558]
[1.47549, 1.47565] ; [1.01558, 1.01748]
[1.47767, 1.47783] ; [1.01748, 1.01941]
[1.4799, 1.48007] ; [1.01941, 1.02137]
[1.48218, 1.48235] ; [1.02137, 1.02336]
[1.48453, 1.4847] ; [1.02336, 1.02538]
[1.48694, 1.48712] ; [1.02538, 1.02744]
[1.48943, 1.4896] ; [1.02744, 1.02954]
[1.49199, 1.49217] ; [1.02954, 1.03168]
[1.49464, 1.49482] ; [1.03168, 1.03388]
[1.49738, 1.49756] ; [1.03388, 1.03612]
[1.50005, 1.50023] ; [1.03612, 1.03829]
[1.50268, 1.50286] ; [1.03829, 1.04041]
[1.50527, 1.50546] ; [1.04041, 1.04247]
[1.50784, 1.50802] ; [1.04247, 1.0445]
[1.51038, 1.51057] ; [1.0445, 1.04649]
[1.51291, 1.5131] ; [1.04649, 1.04845]
[1.51543, 1.51562] ; [1.04845, 1.05039]
[1.51794, 1.51813] ; [1.05039, 1.0523]
[1.52044, 1.52064] ; [1.0523, 1.0542]
[1.52295, 1.52314] ; [1.0542, 1.05608]
[1.52545, 1.52565] ; [1.05608, 1.05795]
[1.52796, 1.52816] ; [1.05795, 1.05981]
[1.53048, 1.53068] ; [1.05981, 1.06166]
[1.533, 1.5332] ; [1.06166, 1.06351]
[1.53553, 1.53573] ; [1.06351, 1.06535]
[1.53807, 1.53827] ; [1.06535, 1.06718]
[1.54062, 1.54082] ; [1.06718, 1.06901]
[1.54319, 1.54339] ; [1.06901, 1.07084]
[1.54576, 1.54597] ; [1.07084, 1.07266]
[1.54836, 1.54856] ; [1.07266, 1.07449]
[1.55097, 1.55117] ; [1.07449, 1.07632]
[1.55359, 1.5538] ; [1.07632, 1.07815]
[1.55623, 1.55644] ; [1.07815, 1.07998]
[1.5589, 1.55911] ; [1.07998, 1.08182]
[1.56158, 1.56179] ; [1.08182, 1.08366]
[1.56428, 1.56449] ; [1.08366, 1.08551]
[1.56701, 1.56722] ; [1.08551, 1.08737]
[1.56976, 1.56997] ; [1.08737, 1.08923]
[1.57253, 1.57274] ; [1.08923, 1.0911]
[1.57532, 1.57554] ; [1.0911, 1.09298]
[1.57814, 1.57836] ; [1.09298, 1.09486]
[1.58099, 1.5812] ; [1.09486, 1.09676]
[1.58386, 1.58407] ; [1.09676, 1.09867]
[1.58676, 1.58697] ; [1.09867, 1.10059]
[1.58968, 1.5899] ; [1.10059, 1.10252]
[1.59263, 1.59285] ; [1.10252, 1.10446]
[1.59561, 1.59583] ; [1.10446, 1.10642]
[1.59863, 1.59885] ; [1.10642, 1.10838]
[1.60167, 1.60189] ; [1.10838, 1.11037]
[1.60474, 1.60496] ; [1.11037, 1.11237]
[1.60784, 1.60806] ; [1.11237, 1.11438]
[1.61098, 1.6112] ; [1.11438, 1.11641]
[1.61414, 1.61437] ; [1.11641, 1.11845]
[1.61735, 1.61757] ; [1.11845, 1.12052]
[1.62058, 1.62081] ; [1.12052, 1.1226]
[1.62386, 1.62408] ; [1.1226, 1.1247]
[1.62717, 1.62739] ; [1.1247, 1.12682]
[1.63051, 1.63074] ; [1.12682, 1.12897]
[1.6339, 1.63413] ; [1.12897, 1.13113]
[1.63733, 1.63756] ; [1.13113, 1.13332]
[1.64081, 1.64104] ; [1.13332, 1.13554]
[1.64432, 1.64456] ; [1.13554, 1.13778]
[1.64789, 1.64812] ; [1.13778, 1.14005]
[1.65151, 1.65174] ; [1.14005, 1.14235]
[1.65518, 1.65541] ; [1.14235, 1.14468]
[1.65891, 1.65914] ; [1.14468, 1.14705]
[1.6627, 1.66293] ; [1.14705, 1.14945]
[1.66646, 1.6667] ; [1.14945, 1.15184]
[1.67016, 1.6704] ; [1.15184, 1.15419]
[1.6738, 1.67404] ; [1.15419, 1.1565]
[1.67738, 1.67762] ; [1.1565, 1.15877]
[1.6809, 1.68114] ; [1.15877, 1.161]
[1.68436, 1.6846] ; [1.161, 1.1632]
[1.68777, 1.688] ; [1.1632, 1.16536]
[1.69112, 1.69135] ; [1.16536, 1.16749]
[1.69441, 1.69465] ; [1.16749, 1.16959]
[1.69766, 1.6979] ; [1.16959, 1.17165]
[1.70086, 1.7011] ; [1.17165, 1.17368]
[1.70401, 1.70425] ; [1.17368, 1.17569]
[1.70712, 1.70736] ; [1.17569, 1.17767]
[1.71018, 1.71042] ; [1.17767, 1.17962]
[1.71319, 1.71344] ; [1.17962, 1.18154]
[1.71617, 1.71641] ; [1.18154, 1.18344]
[1.7191, 1.71934] ; [1.18344, 1.18531]
[1.722, 1.72224] ; [1.18531, 1.18716]
[1.72485, 1.72509] ; [1.18716, 1.18898]
[1.72767, 1.72791] ; [1.18898, 1.19078]
[1.73044, 1.73068] ; [1.19078, 1.19256]
[1.73318, 1.73342] ; [1.19256, 1.19431]
[1.73588, 1.73612] ; [1.19431, 1.19604]
[1.73855, 1.73879] ; [1.19604, 1.19775]
[1.74117, 1.74142] ; [1.19775, 1.19943]
[1.74377, 1.74401] ; [1.19943, 1.2011]
[1.74632, 1.74657] ; [1.2011, 1.20274]
[1.74886, 1.74911] ; [1.20274, 1.20437]
[1.75139, 1.75164] ; [1.20437, 1.206]
[1.75392, 1.75416] ; [1.206, 1.20762]
[1.75644, 1.75668] ; [1.20762, 1.20924]
[1.75895, 1.75919] ; [1.20924, 1.21085]
[1.76145, 1.7617] ; [1.21085, 1.21247]
[1.76395, 1.7642] ; [1.21247, 1.21408]
[1.76645, 1.76669] ; [1.21408, 1.21568]
[1.76894, 1.76918] ; [1.21568, 1.21729]
[1.77142, 1.77167] ; [1.21729, 1.21889]
[1.7739, 1.77415] ; [1.21889, 1.22049]
[1.77638, 1.77663] ; [1.22049, 1.22209]
[1.77885, 1.7791] ; [1.22209, 1.22368]
[1.78132, 1.78157] ; [1.22368, 1.22528]
[1.78379, 1.78403] ; [1.22528, 1.22687]
[1.78625, 1.7865] ; [1.22687, 1.22846]
[1.78871, 1.78896] ; [1.22846, 1.23004]
[1.79117, 1.79141] ; [1.23004, 1.23163]
[1.79362, 1.79387] ; [1.23163, 1.23321]
[1.79608, 1.79632] ; [1.23321, 1.2348]
[1.79853, 1.79877] ; [1.2348, 1.23638]
[1.80098, 1.80122] ; [1.23638, 1.23796]
[1.80342, 1.80367] ; [1.23796, 1.23954]
[1.80587, 1.80612] ; [1.23954, 1.24111]
[1.80831, 1.80856] ; [1.24111, 1.24269]
[1.81076, 1.811] ; [1.24269, 1.24426]
[1.8132, 1.81345] ; [1.24426, 1.24584]
[1.81564, 1.81589] ; [1.24584, 1.24741]
[1.81808, 1.81833] ; [1.24741, 1.24898]
[1.82052, 1.82077] ; [1.24898, 1.25055]
[1.82296, 1.82321] ; [1.25055, 1.25212]
[1.8254, 1.82565] ; [1.25212, 1.25369]
[1.82785, 1.8281] ; [1.25369, 1.25525]
[1.83029, 1.83054] ; [1.25525, 1.25682]
[1.83274, 1.83299] ; [1.25682, 1.25839]
[1.83518, 1.83544] ; [1.25839, 1.25996]
[1.83764, 1.83789] ; [1.25996, 1.26153]
[1.84009, 1.84034] ; [1.26153, 1.2631]
[1.84255, 1.8428] ; [1.2631, 1.26466]
[1.84501, 1.84526] ; [1.26466, 1.26623]
[1.84747, 1.84772] ; [1.26623, 1.26781]
[1.84994, 1.85019] ; [1.26781, 1.26938]
[1.85243, 1.85269] ; [1.26938, 1.27096]
[1.85495, 1.8552] ; [1.27096, 1.27256]
[1.8575, 1.85775] ; [1.27256, 1.27418]
[1.86007, 1.86033] ; [1.27418, 1.27581]
[1.86268, 1.86294] ; [1.27581, 1.27746]
[1.86531, 1.86557] ; [1.27746, 1.27912]
[1.86798, 1.86824] ; [1.27912, 1.2808]
[1.87068, 1.87093] ; [1.2808, 1.2825]
[1.87341, 1.87366] ; [1.2825, 1.28421]
[1.87617, 1.87643] ; [1.28421, 1.28595]
[1.87896, 1.87922] ; [1.28595, 1.2877]
[1.88179, 1.88205] ; [1.2877, 1.28947]
[1.88466, 1.88492] ; [1.28947, 1.29125]
[1.88756, 1.88782] ; [1.29125, 1.29306]
[1.89051, 1.89077] ; [1.29306, 1.29489]
[1.89349, 1.89375] ; [1.29489, 1.29674]
[1.89652, 1.89678] ; [1.29674, 1.29862]
[1.89959, 1.89985] ; [1.29862, 1.30051]
[1.90271, 1.90297] ; [1.30051, 1.30243]
[1.90588, 1.90615] ; [1.30243, 1.30438]
[1.9091, 1.90937] ; [1.30438, 1.30636]
[1.91239, 1.91265] ; [1.30636, 1.30837]
[1.91573, 1.916] ; [1.30837, 1.31041]
[1.91914, 1.91941] ; [1.31041, 1.31248]
[1.92263, 1.9229] ; [1.31248, 1.3146]
[1.92619, 1.92646] ; [1.3146, 1.31676]
[1.92985, 1.93012] ; [1.31676, 1.31897]
[1.9336, 1.93388] ; [1.31897, 1.32123]
[1.93747, 1.93775] ; [1.32123, 1.32355]
[1.94147, 1.94175] ; [1.32355, 1.32595]
[1.94563, 1.94591] ; [1.32595, 1.32844]
[1.94989, 1.95018] ; [1.32844, 1.33098]
[1.95398, 1.95427] ; [1.33098, 1.33341]
[1.95793, 1.95822] ; [1.33341, 1.33576]
[1.96177, 1.96206] ; [1.33576, 1.33803]
[1.9655, 1.96579] ; [1.33803, 1.34023]
[1.96913, 1.96942] ; [1.34023, 1.34238]
[1.97268, 1.97297] ; [1.34238, 1.34447]
[1.97615, 1.97645] ; [1.34447, 1.34652]
[1.97955, 1.97985] ; [1.34652, 1.34852]
[1.98289, 1.9832] ; [1.34852, 1.35049]
[1.98618, 1.98649] ; [1.35049, 1.35242]
[1.98942, 1.98973] ; [1.35242, 1.35432]
[1.99261, 1.99292] ; [1.35432, 1.35619]
[1.99575, 1.99606] ; [1.35619, 1.35804]
[1.99886, 1.99917] ; [1.35804, 1.35986]
[2.00192, 2.00224] ; [1.35986, 1.36166]
[2.00495, 2.00527] ; [1.36166, 1.36344]
[2.00794, 2.00826] ; [1.36344, 1.3652]
[2.01089, 2.01121] ; [1.3652, 1.36694]
[2.01381, 2.01414] ; [1.36694, 1.36866]
[2.0167, 2.01703] ; [1.36866, 1.37036]
[2.01957, 2.0199] ; [1.37036, 1.37205]
[2.0224, 2.02274] ; [1.37205, 1.37373]
[2.02521, 2.02555] ; [1.37373, 1.3754]
[2.028, 2.02834] ; [1.3754, 1.37705]
[2.03077, 2.03111] ; [1.37705, 1.3787]
[2.03352, 2.03386] ; [1.3787, 1.38034]
[2.03624, 2.03659] ; [1.38034, 1.38197]
[2.03895, 2.0393] ; [1.38197, 1.38359]
[2.04165, 2.042] ; [1.38359, 1.38521]
[2.04432, 2.04468] ; [1.38521, 1.38682]
[2.04699, 2.04735] ; [1.38682, 1.38843]
[2.04964, 2.05] ; [1.38843, 1.39004]
[2.05228, 2.05264] ; [1.39004, 1.39165]
[2.05491, 2.05528] ; [1.39165, 1.39325]
[2.05753, 2.0579] ; [1.39325, 1.39486]
[2.06014, 2.06051] ; [1.39486, 1.39647]
[2.06275, 2.06312] ; [1.39647, 1.39808]
[2.06535, 2.06572] ; [1.39808, 1.39969]
[2.06794, 2.06832] ; [1.39969, 1.40131]
[2.07053, 2.07091] ; [1.40131, 1.40294]
[2.07312, 2.0735] ; [1.40294, 1.40457]
[2.0757, 2.07609] ; [1.40457, 1.4062]
[2.07829, 2.07868] ; [1.4062, 1.40785]
[2.08087, 2.08127] ; [1.40785, 1.40951]
[2.08346, 2.08386] ; [1.40951, 1.41118]
[2.08605, 2.08646] ; [1.41118, 1.41286]
[2.08865, 2.08906] ; [1.41286, 1.41455]
[2.09125, 2.09167] ; [1.41455, 1.41626]
[2.09387, 2.09428] ; [1.41626, 1.41799]
[2.09649, 2.09691] ; [1.41799, 1.41974]
[2.09912, 2.09955] ; [1.41974, 1.42151]
[2.10177, 2.1022] ; [1.42151, 1.4233]
[2.10443, 2.10487] ; [1.4233, 1.42511]
[2.10711, 2.10755] ; [1.42511, 1.42695]
[2.10981, 2.11025] ; [1.42695, 1.42882]
[2.11253, 2.11297] ; [1.42882, 1.43072]
[2.11527, 2.11572] ; [1.43072, 1.43265]
[2.11804, 2.11849] ; [1.43265, 1.43462]
[2.12084, 2.1213] ; [1.43462, 1.43664]
[2.12364, 2.1241] ; [1.43664, 1.43866]
[2.12632, 2.12678] ; [1.43866, 1.44063]
[2.12892, 2.12939] ; [1.44063, 1.44256]
[2.13146, 2.13193] ; [1.44256, 1.44445]
[2.13393, 2.13441] ; [1.44445, 1.44631]
[2.13635, 2.13682] ; [1.44631, 1.44815]
[2.13871, 2.13919] ; [1.44815, 1.44997]
[2.14103, 2.14151] ; [1.44997, 1.45176]
[2.1433, 2.14378] ; [1.45176, 1.45354]
[2.14553, 2.14602] ; [1.45354, 1.4553]
[2.14773, 2.14822] ; [1.4553, 1.45705]
[2.14989, 2.15038] ; [1.45705, 1.45878]
[2.15202, 2.15252] ; [1.45878, 1.46051]
[2.15412, 2.15462] ; [1.46051, 1.46222]
[2.1562, 2.1567] ; [1.46222, 1.46393]
[2.15824, 2.15875] ; [1.46393, 1.46563]
[2.16027, 2.16077] ; [1.46563, 1.46733]
[2.16227, 2.16278] ; [1.46733, 1.46901]
[2.16425, 2.16476] ; [1.46901, 1.4707]
[2.16621, 2.16672] ; [1.4707, 1.47238]
[2.16815, 2.16866] ; [1.47238, 1.47405]
[2.17007, 2.17059] ; [1.47405, 1.47573]
[2.17198, 2.1725] ; [1.47573, 1.4774]
[2.17387, 2.17439] ; [1.4774, 1.47907]
[2.17575, 2.17627] ; [1.47907, 1.48074]
[2.17761, 2.17814] ; [1.48074, 1.48242]
[2.17946, 2.17999] ; [1.48242, 1.48409]
[2.1813, 2.18183] ; [1.48409, 1.48576]
[2.18313, 2.18367] ; [1.48576, 1.48744]
[2.18496, 2.18549] ; [1.48744, 1.48911]
[2.18677, 2.1873] ; [1.48911, 1.49079]
[2.18857, 2.18911] ; [1.49079, 1.49248]
[2.19037, 2.19091] ; [1.49248, 1.49416]
[2.19216, 2.1927] ; [1.49416, 1.49585]
[2.19395, 2.19449] ; [1.49585, 1.49755]
[2.19573, 2.19628] ; [1.49755, 1.49925]
[2.1975, 2.19806] ; [1.49925, 1.50096]
[2.19928, 2.19983] ; [1.50096, 1.50267]
[2.20105, 2.20161] ; [1.50267, 1.50439]
[2.20282, 2.20338] ; [1.50439, 1.50612]
[2.20459, 2.20516] ; [1.50612, 1.50786]
[2.20636, 2.20693] ; [1.50786, 1.5096]
[2.20813, 2.2087] ; [1.5096, 1.51135]
[2.20991, 2.21048] ; [1.51135, 1.51311]
[2.21168, 2.21226] ; [1.51311, 1.51488]
[2.21346, 2.21404] ; [1.51488, 1.51666]
[2.21524, 2.21582] ; [1.51666, 1.51845]
[2.21703, 2.21761] ; [1.51845, 1.52025]
[2.21882, 2.21941] ; [1.52025, 1.52207]
[2.22062, 2.22121] ; [1.52207, 1.52389]
[2.22242, 2.22301] ; [1.52389, 1.52573]
[2.22423, 2.22483] ; [1.52573, 1.52758]
[2.22605, 2.22665] ; [1.52758, 1.52944]
[2.22789, 2.22849] ; [1.52944, 1.53132]
[2.22973, 2.23033] ; [1.53132, 1.53322]
[2.23158, 2.23219] ; [1.53322, 1.53513]
[2.23345, 2.23406] ; [1.53513, 1.53706]
[2.23533, 2.23595] ; [1.53706, 1.539]
[2.23723, 2.23785] ; [1.539, 1.54096]
[2.23914, 2.23976] ; [1.54096, 1.54295]
[2.24107, 2.2417] ; [1.54295, 1.54495]
[2.24303, 2.24365] ; [1.54495, 1.54698]
[2.245, 2.24563] ; [1.54698, 1.54903]
[2.247, 2.24763] ; [1.54903, 1.55111]
[2.24902, 2.24966] ; [1.55111, 1.55321]
[2.25108, 2.25171] ; [1.55321, 1.55534]
[2.25316, 2.2538] ; [1.55534, 1.55751]
[2.25522, 2.25586] ; [1.55751, 1.55965]
[2.25725, 2.25789] ; [1.55965, 1.56175]
[2.25924, 2.25988] ; [1.56175, 1.56382]
[2.2612, 2.26185] ; [1.56382, 1.56585]
[2.26314, 2.26379] ; [1.56585, 1.56786]
[2.26505, 2.2657] ; [1.56786, 1.56983]
[2.26693, 2.26758] ; [1.56983, 1.57177]
[2.26879, 2.26944] ; [1.57177, 1.57369]
[2.27062, 2.27127] ; [1.57369, 1.57558]
[2.27243, 2.27309] ; [1.57558, 1.57745]
[2.27422, 2.27488] ; [1.57745, 1.57929]
[2.27599, 2.27665] ; [1.57929, 1.5811]
[2.27774, 2.2784] ; [1.5811, 1.5829]
[2.27949, 2.28015] ; [1.5829, 1.58468]
[2.28123, 2.28189] ; [1.58468, 1.58646]
[2.28297, 2.28363] ; [1.58646, 1.58823]
[2.2847, 2.28536] ; [1.58823, 1.59]
[2.28643, 2.2871] ; [1.59, 1.59176]
[2.28816, 2.28882] ; [1.59176, 1.59351]
[2.28989, 2.29055] ; [1.59351, 1.59526]
[2.29161, 2.29227] ; [1.59526, 1.597]
[2.29333, 2.294] ; [1.597, 1.59874]
[2.29505, 2.29572] ; [1.59874, 1.60047]
[2.29677, 2.29744] ; [1.60047, 1.6022]
[2.29849, 2.29915] ; [1.6022, 1.60392]
[2.3002, 2.30087] ; [1.60392, 1.60564]
[2.30192, 2.30259] ; [1.60564, 1.60736]
[2.30363, 2.3043] ; [1.60736, 1.60907]
[2.30535, 2.30602] ; [1.60907, 1.61078]
[2.30706, 2.30773] ; [1.61078, 1.61249]
[2.30878, 2.30945] ; [1.61249, 1.61419]
[2.31049, 2.31117] ; [1.61419, 1.61589]
[2.31221, 2.31288] ; [1.61589, 1.61759]
[2.31393, 2.3146] ; [1.61759, 1.61929]
[2.31565, 2.31632] ; [1.61929, 1.62099]
[2.31736, 2.31804] ; [1.62099, 1.62268]
[2.31908, 2.31976] ; [1.62268, 1.62437]
[2.32081, 2.32148] ; [1.62437, 1.62606]
[2.32253, 2.3232] ; [1.62606, 1.62775]
[2.32425, 2.32493] ; [1.62775, 1.62944]
[2.32598, 2.32665] ; [1.62944, 1.63113]
[2.32771, 2.32838] ; [1.63113, 1.63282]
[2.32943, 2.33011] ; [1.63282, 1.6345]
[2.33117, 2.33184] ; [1.6345, 1.63619]
[2.3329, 2.33358] ; [1.63619, 1.63788]
[2.33464, 2.33531] ; [1.63788, 1.63957]
[2.33637, 2.33705] ; [1.63957, 1.64125]
[2.33812, 2.33879] ; [1.64125, 1.64294]
[2.33986, 2.34054] ; [1.64294, 1.64463]
[2.34161, 2.34228] ; [1.64463, 1.64632]
[2.34335, 2.34403] ; [1.64632, 1.64801]
[2.34511, 2.34579] ; [1.64801, 1.6497]
[2.34686, 2.34754] ; [1.6497, 1.6514]
[2.34862, 2.3493] ; [1.6514, 1.65309]
[2.35038, 2.35106] ; [1.65309, 1.65479]
[2.35215, 2.35283] ; [1.65479, 1.65649]
[2.35392, 2.3546] ; [1.65649, 1.65819]
[2.3557, 2.35638] ; [1.65819, 1.6599]
[2.35748, 2.35816] ; [1.6599, 1.6616]
[2.35926, 2.35994] ; [1.6616, 1.66332]
[2.36105, 2.36173] ; [1.66332, 1.66503]
[2.36284, 2.36352] ; [1.66503, 1.66675]
[2.36464, 2.36532] ; [1.66675, 1.66847]
[2.36644, 2.36712] ; [1.66847, 1.6702]
[2.36825, 2.36893] ; [1.6702, 1.67193]
[2.37006, 2.37075] ; [1.67193, 1.67366]
[2.37188, 2.37257] ; [1.67366, 1.6754]
[2.37371, 2.37439] ; [1.6754, 1.67715]
[2.37554, 2.37622] ; [1.67715, 1.6789]
[2.37737, 2.37806] ; [1.6789, 1.68065]
[2.37922, 2.37991] ; [1.68065, 1.68242]
[2.38109, 2.38178] ; [1.68242, 1.68421]
[2.38298, 2.38367] ; [1.68421, 1.68601]
[2.3849, 2.38558] ; [1.68601, 1.68784]
[2.38683, 2.38752] ; [1.68784, 1.68969]
[2.38879, 2.38948] ; [1.68969, 1.69156]
[2.39077, 2.39146] ; [1.69156, 1.69345]
[2.39278, 2.39347] ; [1.69345, 1.69536]
[2.39481, 2.3955] ; [1.69536, 1.6973]
[2.39687, 2.39756] ; [1.6973, 1.69926]
[2.39895, 2.39964] ; [1.69926, 1.70125]
[2.40106, 2.40176] ; [1.70125, 1.70327]
[2.40321, 2.4039] ; [1.70327, 1.70532]
[2.40538, 2.40608] ; [1.70532, 1.70739]
[2.40759, 2.40829] ; [1.70739, 1.7095]
[2.40984, 2.41053] ; [1.7095, 1.71164]
[2.41212, 2.41282] ; [1.71164, 1.71382]
[2.41445, 2.41514] ; [1.71382, 1.71604]
[2.41681, 2.41751] ; [1.71604, 1.7183]
[2.41923, 2.41993] ; [1.7183, 1.7206]
[2.4217, 2.4224] ; [1.7206, 1.72295]
[2.42422, 2.42492] ; [1.72295, 1.72535]
[2.4268, 2.42751] ; [1.72535, 1.72781]
[2.42945, 2.43016] ; [1.72781, 1.73033]
[2.43217, 2.43288] ; [1.73033, 1.73292]
[2.43488, 2.43559] ; [1.73292, 1.73549]
[2.43752, 2.43823] ; [1.73549, 1.73799]
[2.44009, 2.4408] ; [1.73799, 1.74042]
[2.4426, 2.44332] ; [1.74042, 1.7428]
[2.44507, 2.44579] ; [1.7428, 1.74513]
[2.4475, 2.44822] ; [1.74513, 1.74742]
[2.44989, 2.45062] ; [1.74742, 1.74967]
[2.45225, 2.45298] ; [1.74967, 1.75188]
[2.45458, 2.45532] ; [1.75188, 1.75407]
[2.4569, 2.45763] ; [1.75407, 1.75623]
[2.45919, 2.45993] ; [1.75623, 1.75836]
[2.46146, 2.4622] ; [1.75836, 1.76047]
[2.46372, 2.46446] ; [1.76047, 1.76257]
[2.46596, 2.46671] ; [1.76257, 1.76464]
[2.4682, 2.46895] ; [1.76464, 1.7667]
[2.47043, 2.47118] ; [1.7667, 1.76875]
[2.47265, 2.47341] ; [1.76875, 1.77079]
[2.47487, 2.47563] ; [1.77079, 1.77281]
[2.47709, 2.47785] ; [1.77281, 1.77483]
[2.47931, 2.48008] ; [1.77483, 1.77684]
[2.48153, 2.4823] ; [1.77684, 1.77884]
[2.48375, 2.48453] ; [1.77884, 1.78084]
[2.48598, 2.48676] ; [1.78084, 1.78284]
[2.48822, 2.489] ; [1.78284, 1.78483]
[2.49047, 2.49125] ; [1.78483, 1.78683]
[2.49272, 2.49352] ; [1.78683, 1.78882]
[2.49499, 2.49579] ; [1.78882, 1.79082]
[2.49728, 2.49808] ; [1.79082, 1.79281]
[2.49958, 2.50038] ; [1.79281, 1.79482]
[2.50189, 2.5027] ; [1.79482, 1.79682]
[2.50423, 2.50504] ; [1.79682, 1.79884]
[2.50659, 2.5074] ; [1.79884, 1.80086]
[2.50897, 2.50979] ; [1.80086, 1.80289]
[2.51138, 2.5122] ; [1.80289, 1.80493]
[2.51381, 2.51464] ; [1.80493, 1.80699]
[2.51627, 2.51711] ; [1.80699, 1.80906]
[2.51877, 2.51961] ; [1.80906, 1.81114]
[2.5213, 2.52214] ; [1.81114, 1.81324]
[2.52387, 2.52471] ; [1.81324, 1.81536]
[2.52647, 2.52733] ; [1.81536, 1.81749]
[2.52912, 2.52998] ; [1.81749, 1.81965]
[2.53181, 2.53267] ; [1.81965, 1.82183]
[2.53455, 2.53541] ; [1.82183, 1.82404]
[2.53733, 2.5382] ; [1.82404, 1.82627]
[2.54017, 2.54105] ; [1.82627, 1.82852]
[2.54299, 2.54388] ; [1.82852, 1.83076]
[2.54579, 2.54668] ; [1.83076, 1.83296]
[2.54857, 2.54947] ; [1.83296, 1.83513]
[2.55134, 2.55224] ; [1.83513, 1.83728]
[2.55409, 2.55499] ; [1.83728, 1.8394]
[2.55683, 2.55774] ; [1.8394, 1.84151]
[2.55957, 2.56048] ; [1.84151, 1.8436]
[2.5623, 2.56321] ; [1.8436, 1.84567]
[2.56502, 2.56595] ; [1.84567, 1.84773]
[2.56775, 2.56868] ; [1.84773, 1.84978]
[2.57048, 2.57141] ; [1.84978, 1.85182]
[2.57321, 2.57414] ; [1.85182, 1.85386]
[2.57594, 2.57688] ; [1.85386, 1.85588]
[2.57868, 2.57963] ; [1.85588, 1.8579]
[2.58143, 2.58238] ; [1.8579, 1.85992]
[2.58418, 2.58514] ; [1.85992, 1.86193]
[2.58694, 2.5879] ; [1.86193, 1.86394]
[2.58971, 2.59067] ; [1.86394, 1.86595]
[2.59248, 2.59345] ; [1.86595, 1.86795]
[2.59527, 2.59623] ; [1.86795, 1.86995]
[2.59806, 2.59903] ; [1.86995, 1.87195]
[2.60086, 2.60184] ; [1.87195, 1.87395]
[2.60368, 2.60466] ; [1.87395, 1.87595]
[2.60651, 2.6075] ; [1.87595, 1.87796]
[2.60936, 2.61035] ; [1.87796, 1.87997]
[2.61222, 2.61321] ; [1.87997, 1.88198]
[2.61509, 2.61609] ; [1.88198, 1.88399]
[2.61798, 2.61898] ; [1.88399, 1.88601]
[2.62089, 2.6219] ; [1.88601, 1.88804]
[2.62382, 2.62483] ; [1.88804, 1.89007]
[2.62677, 2.62778] ; [1.89007, 1.89211]
[2.62973, 2.63075] ; [1.89211, 1.89416]
[2.63272, 2.63374] ; [1.89416, 1.89621]
[2.63572, 2.63675] ; [1.89621, 1.89828]
[2.63875, 2.63978] ; [1.89828, 1.90035]
[2.6418, 2.64284] ; [1.90035, 1.90243]
[2.64488, 2.64592] ; [1.90243, 1.90453]
[2.64798, 2.64903] ; [1.90453, 1.90664]
[2.65111, 2.65216] ; [1.90664, 1.90876]
[2.65426, 2.65532] ; [1.90876, 1.91089]
[2.65744, 2.6585] ; [1.91089, 1.91304]
[2.66066, 2.66172] ; [1.91304, 1.91521]
[2.6639, 2.66497] ; [1.91521, 1.91739]
[2.66718, 2.66825] ; [1.91739, 1.91959]
[2.67049, 2.67157] ; [1.91959, 1.92181]
[2.67384, 2.67492] ; [1.92181, 1.92405]
[2.67719, 2.67828] ; [1.92405, 1.92629]
[2.68052, 2.68161] ; [1.92629, 1.92851]
[2.68382, 2.68491] ; [1.92851, 1.9307]
[2.68708, 2.68818] ; [1.9307, 1.93288]
[2.69032, 2.69142] ; [1.93288, 1.93502]
[2.69352, 2.69463] ; [1.93502, 1.93715]
[2.6967, 2.69781] ; [1.93715, 1.93926]
[2.69984, 2.70096] ; [1.93926, 1.94134]
[2.70296, 2.70408] ; [1.94134, 1.9434]
[2.70604, 2.70717] ; [1.9434, 1.94544]
[2.7091, 2.71023] ; [1.94544, 1.94745]
[2.71212, 2.71326] ; [1.94745, 1.94945]
[2.71512, 2.71626] ; [1.94945, 1.95143]
[2.71808, 2.71923] ; [1.95143, 1.95338]
[2.72102, 2.72217] ; [1.95338, 1.95531]
[2.72393, 2.72508] ; [1.95531, 1.95723]
[2.72683, 2.72799] ; [1.95723, 1.95914]
[2.72972, 2.73088] ; [1.95914, 1.96104]
[2.7326, 2.73377] ; [1.96104, 1.96293]
[2.73548, 2.73665] ; [1.96293, 1.96482]
[2.73835, 2.73952] ; [1.96482, 1.9667]
[2.74121, 2.74238] ; [1.9667, 1.96858]
[2.74406, 2.74523] ; [1.96858, 1.97045]
[2.7469, 2.74808] ; [1.97045, 1.97231]
[2.74974, 2.75092] ; [1.97231, 1.97417]
[2.75257, 2.75376] ; [1.97417, 1.97603]
[2.7554, 2.75659] ; [1.97603, 1.97788]
[2.75822, 2.75941] ; [1.97788, 1.97973]
[2.76103, 2.76222] ; [1.97973, 1.98157]
[2.76384, 2.76503] ; [1.98157, 1.9834]
[2.76664, 2.76784] ; [1.9834, 1.98524]
[2.76944, 2.77064] ; [1.98524, 1.98707]
[2.77223, 2.77343] ; [1.98707, 1.98889]
[2.77502, 2.77623] ; [1.98889, 1.99072]
[2.7778, 2.77901] ; [1.99072, 1.99254]
[2.78058, 2.78179] ; [1.99254, 1.99435]
[2.78336, 2.78457] ; [1.99435, 1.99617]
[2.78614, 2.78735] ; [1.99617, 1.99798]
[2.78891, 2.79012] ; [1.99798, 1.99978]
[2.79167, 2.79289] ; [1.99978, 2.00159]
[2.79444, 2.79566] ; [2.00159, 2.00339]
[2.7972, 2.79842] ; [2.00339, 2.00519]
[2.79996, 2.80118] ; [2.00519, 2.00699]
[2.80271, 2.80394] ; [2.00699, 2.00879]
[2.80547, 2.80669] ; [2.00879, 2.01058]
[2.80822, 2.80944] ; [2.01058, 2.01237]
[2.81096, 2.81219] ; [2.01237, 2.01416]
[2.81371, 2.81494] ; [2.01416, 2.01594]
[2.81645, 2.81769] ; [2.01594, 2.01773]
[2.8192, 2.82043] ; [2.01773, 2.01951]
[2.82194, 2.82318] ; [2.01951, 2.02129]
[2.82468, 2.82592] ; [2.02129, 2.02308]
[2.82742, 2.82867] ; [2.02308, 2.02486]
[2.83017, 2.83141] ; [2.02486, 2.02663]
[2.83291, 2.83416] ; [2.02663, 2.02841]
[2.83565, 2.8369] ; [2.02841, 2.03019]
[2.8384, 2.83965] ; [2.03019, 2.03197]
[2.84114, 2.84239] ; [2.03197, 2.03375]
[2.84389, 2.84515] ; [2.03375, 2.03553]
[2.84664, 2.8479] ; [2.03553, 2.0373]
[2.8494, 2.85065] ; [2.0373, 2.03908]
[2.85215, 2.85341] ; [2.03908, 2.04086]
[2.85491, 2.85617] ; [2.04086, 2.04265]
[2.85768, 2.85894] ; [2.04265, 2.04443]
[2.86045, 2.86171] ; [2.04443, 2.04622]
[2.86322, 2.86449] ; [2.04622, 2.048]
[2.866, 2.86727] ; [2.048, 2.04979]
[2.86879, 2.87006] ; [2.04979, 2.05158]
[2.87159, 2.87286] ; [2.05158, 2.05338]
[2.87439, 2.87566] ; [2.05338, 2.05518]
[2.87719, 2.87847] ; [2.05518, 2.05698]
[2.88001, 2.88129] ; [2.05698, 2.05879]
[2.88284, 2.88412] ; [2.05879, 2.0606]
[2.88568, 2.88696] ; [2.0606, 2.06242]
[2.88852, 2.88981] ; [2.06242, 2.06424]
[2.89138, 2.89267] ; [2.06424, 2.06606]
[2.89425, 2.89555] ; [2.06606, 2.0679]
[2.89714, 2.89843] ; [2.0679, 2.06974]
[2.90004, 2.90133] ; [2.06974, 2.07159]
[2.90295, 2.90425] ; [2.07159, 2.07344]
[2.90588, 2.90718] ; [2.07344, 2.07531]
[2.90882, 2.91013] ; [2.07531, 2.07718]
[2.91179, 2.9131] ; [2.07718, 2.07906]
[2.91477, 2.91609] ; [2.07906, 2.08096]
[2.91778, 2.9191] ; [2.08096, 2.08286]
[2.9208, 2.92213] ; [2.08286, 2.08478]
[2.92386, 2.92518] ; [2.08478, 2.08672]
[2.92693, 2.92826] ; [2.08672, 2.08866]
[2.93004, 2.93137] ; [2.08866, 2.09063]
[2.93317, 2.93451] ; [2.09063, 2.09261]
[2.93633, 2.93768] ; [2.09261, 2.0946]
[2.93955, 2.9409] ; [2.0946, 2.09663]
[2.94282, 2.94417] ; [2.09663, 2.09869]
[2.94614, 2.9475] ; [2.09869, 2.10079]
[2.94953, 2.9509] ; [2.10079, 2.10292]
[2.95298, 2.95436] ; [2.10292, 2.1051]
[2.95651, 2.95789] ; [2.1051, 2.10732]
[2.96011, 2.9615] ; [2.10732, 2.10958]
[2.9638, 2.96519] ; [2.10958, 2.1119]
[2.96742, 2.96882] ; [2.1119, 2.11418]
[2.97098, 2.97238] ; [2.11418, 2.11641]
[2.97447, 2.97588] ; [2.11641, 2.11861]
[2.9779, 2.97932] ; [2.11861, 2.12077]
[2.98127, 2.9827] ; [2.12077, 2.12289]
[2.98459, 2.98603] ; [2.12289, 2.12497]
[2.98785, 2.9893] ; [2.12497, 2.12703]
[2.99106, 2.99252] ; [2.12703, 2.12905]
[2.99423, 2.99569] ; [2.12905, 2.13104]
[2.99735, 2.99882] ; [2.13104, 2.13301]
[3.00043, 3.0019] ; [2.13301, 2.13495]
[3.00347, 3.00495] ; [2.13495, 2.13687]
[3.00647, 3.00796] ; [2.13687, 2.13877]
[3.00944, 3.01094] ; [2.13877, 2.14065]
[3.01238, 3.01389] ; [2.14065, 2.14252]
[3.0153, 3.01681] ; [2.14252, 2.14437]
[3.01818, 3.01971] ; [2.14437, 2.1462]
[3.02104, 3.02257] ; [2.1462, 2.14802]
[3.02387, 3.02541] ; [2.14802, 2.14982]
[3.02669, 3.02823] ; [2.14982, 2.15162]
[3.02948, 3.03103] ; [2.15162, 2.1534]
[3.03224, 3.03381] ; [2.1534, 2.15518]
[3.03499, 3.03657] ; [2.15518, 2.15695]
[3.03773, 3.03931] ; [2.15695, 2.1587]
[3.04044, 3.04203] ; [2.1587, 2.16046]
[3.04314, 3.04474] ; [2.16046, 2.1622]
[3.04583, 3.04743] ; [2.1622, 2.16394]
[3.0485, 3.05011] ; [2.16394, 2.16568]
[3.05115, 3.05277] ; [2.16568, 2.16741]
[3.0538, 3.05542] ; [2.16741, 2.16914]
[3.05643, 3.05806] ; [2.16914, 2.17086]
[3.05905, 3.06069] ; [2.17086, 2.17259]
[3.06166, 3.06331] ; [2.17259, 2.17431]
[3.06427, 3.06593] ; [2.17431, 2.17603]
[3.06686, 3.06853] ; [2.17603, 2.17775]
[3.06944, 3.07112] ; [2.17775, 2.17947]
[3.07201, 3.0737] ; [2.17947, 2.18119]
[3.07458, 3.07627] ; [2.18119, 2.18291]
[3.07713, 3.07883] ; [2.18291, 2.18463]
[3.07968, 3.08139] ; [2.18463, 2.18636]
[3.08222, 3.08395] ; [2.18636, 2.18808]
[3.08476, 3.08649] ; [2.18808, 2.18981]
[3.08729, 3.08903] ; [2.18981, 2.19154]
[3.08982, 3.09157] ; [2.19154, 2.19328]
[3.09235, 3.09411] ; [2.19328, 2.19502]
[3.09487, 3.09664] ; [2.19502, 2.19677]
[3.09739, 3.09917] ; [2.19677, 2.19853]
[3.0999, 3.1017] ; [2.19853, 2.20029]
[3.10242, 3.10422] ; [2.20029, 2.20206]
[3.10494, 3.10675] ; [2.20206, 2.20384]
[3.10745, 3.10928] ; [2.20384, 2.20563]
[3.10997, 3.11181] ; [2.20563, 2.20743]
[3.11249, 3.11434] ; [2.20743, 2.20924]
[3.11501, 3.11687] ; [2.20924, 2.21106]
[3.11754, 3.11941] ; [2.21106, 2.21289]
[3.12007, 3.12195] ; [2.21289, 2.21474]
[3.1226, 3.12449] ; [2.21474, 2.21659]
[3.12514, 3.12705] ; [2.21659, 2.21847]
[3.12768, 3.1296] ; [2.21847, 2.22036]
[3.13023, 3.13216] ; [2.22036, 2.22226]
[3.13276, 3.13471] ; [2.22226, 2.22416]
[3.13525, 3.13721] ; [2.22416, 2.22604]
[3.1377, 3.13967] ; [2.22604, 2.2279]
[3.14012, 3.1421] ; [2.2279, 2.22975]
[3.1425, 3.1445] ; [2.22975, 2.23158]
[3.14485, 3.14686] ; [2.23158, 2.2334]
[3.14718, 3.1492] ; [2.2334, 2.23521]
[3.14948, 3.15151] ; [2.23521, 2.23701]
[3.15175, 3.15379] ; [2.23701, 2.23879]
[3.154, 3.15605] ; [2.23879, 2.24057]
[3.15622, 3.15829] ; [2.24057, 2.24234]
[3.15843, 3.16051] ; [2.24234, 2.24411]
[3.16062, 3.16271] ; [2.24411, 2.24587]
[3.16279, 3.16489] ; [2.24587, 2.24762]
[3.16494, 3.16705] ; [2.24762, 2.24937]
[3.16707, 3.1692] ; [2.24937, 2.25111]
[3.16919, 3.17133] ; [2.25111, 2.25285]
[3.1713, 3.17344] ; [2.25285, 2.25459]
[3.17338, 3.17554] ; [2.25459, 2.25632]
[3.17546, 3.17762] ; [2.25632, 2.25805]
[3.17751, 3.17969] ; [2.25805, 2.25978]
[3.17956, 3.18175] ; [2.25978, 2.2615]
[3.18159, 3.18379] ; [2.2615, 2.26322]
[3.18361, 3.18582] ; [2.26322, 2.26494]
[3.18562, 3.18784] ; [2.26494, 2.26666]
[3.18763, 3.18986] ; [2.26666, 2.26837]
[3.18962, 3.19186] ; [2.26837, 2.27009]
[3.1916, 3.19385] ; [2.27009, 2.27181]
[3.19358, 3.19584] ; [2.27181, 2.27352]
[3.19554, 3.19781] ; [2.27352, 2.27524]
[3.19751, 3.19979] ; [2.27524, 2.27696]
[3.19946, 3.20175] ; [2.27696, 2.27869]
[3.20141, 3.20371] ; [2.27869, 2.28041]
[3.20336, 3.20567] ; [2.28041, 2.28214]
[3.2053, 3.20762] ; [2.28214, 2.28387]
[3.20724, 3.20957] ; [2.28387, 2.2856]
[3.20917, 3.21151] ; [2.2856, 2.28734]
[3.21111, 3.21346] ; [2.28734, 2.28908]
[3.21304, 3.2154] ; [2.28908, 2.29083]
[3.21497, 3.21734] ; [2.29083, 2.29258]
[3.2169, 3.21928] ; [2.29258, 2.29433]
[3.21883, 3.22121] ; [2.29433, 2.29609]
[3.22075, 3.22315] ; [2.29609, 2.29786]
[3.22268, 3.22509] ; [2.29786, 2.29963]
[3.22461, 3.22703] ; [2.29963, 2.30141]
[3.22654, 3.22896] ; [2.30141, 2.30319]
[3.22846, 3.2309] ; [2.30319, 2.30497]
[3.23039, 3.23284] ; [2.30497, 2.30677]
[3.23232, 3.23478] ; [2.30677, 2.30856]
[3.23425, 3.23672] ; [2.30856, 2.31037]
[3.23618, 3.23867] ; [2.31037, 2.31217]
[3.23812, 3.24061] ; [2.31217, 2.31399]
[3.24005, 3.24255] ; [2.31399, 2.31581]
[3.24199, 3.2445] ; [2.31581, 2.31763]
[3.24393, 3.24646] ; [2.31763, 2.31946]
[3.24588, 3.24842] ; [2.31946, 2.32131]
[3.24785, 3.2504] ; [2.32131, 2.32317]
[3.24983, 3.25239] ; [2.32317, 2.32505]
[3.25182, 3.2544] ; [2.32505, 2.32694]
[3.25383, 3.25642] ; [2.32694, 2.32886]
[3.25585, 3.25845] ; [2.32886, 2.33078]
[3.25789, 3.26051] ; [2.33078, 2.33273]
[3.25995, 3.26258] ; [2.33273, 2.3347]
[3.26202, 3.26466] ; [2.3347, 2.33668]
[3.26408, 3.26674] ; [2.33668, 2.33865]
[3.26614, 3.2688] ; [2.33865, 2.34062]
[3.26818, 3.27086] ; [2.34062, 2.34258]
[3.27022, 3.27291] ; [2.34258, 2.34454]
[3.27225, 3.27496] ; [2.34454, 2.34648]
[3.27427, 3.27699] ; [2.34648, 2.34843]
[3.27629, 3.27902] ; [2.34843, 2.35036]
[3.2783, 3.28104] ; [2.35036, 2.3523]
[3.2803, 3.28306] ; [2.3523, 2.35422]
[3.2823, 3.28507] ; [2.35422, 2.35615]
[3.28429, 3.28708] ; [2.35615, 2.35806]
[3.28628, 3.28908] ; [2.35806, 2.35998]
[3.28827, 3.29108] ; [2.35998, 2.36189]
[3.29025, 3.29308] ; [2.36189, 2.36379]
[3.29223, 3.29507] ; [2.36379, 2.36569]
[3.2942, 3.29705] ; [2.36569, 2.36759]
[3.29617, 3.29903] ; [2.36759, 2.36948]
[3.29814, 3.30101] ; [2.36948, 2.37137]
[3.3001, 3.30299] ; [2.37137, 2.37326]
[3.30207, 3.30496] ; [2.37326, 2.37514]
[3.30403, 3.30693] ; [2.37514, 2.37702]
[3.30598, 3.3089] ; [2.37702, 2.3789]
[3.30794, 3.31087] ; [2.3789, 2.38077]
[3.30989, 3.31284] ; [2.38077, 2.38265]
[3.31185, 3.3148] ; [2.38265, 2.38452]
[3.3138, 3.31676] ; [2.38452, 2.38639]
[3.31575, 3.31873] ; [2.38639, 2.38825]
[3.31771, 3.32069] ; [2.38825, 2.39012]
[3.31966, 3.32265] ; [2.39012, 2.39198]
[3.32161, 3.32462] ; [2.39198, 2.39385]
[3.32357, 3.32658] ; [2.39385, 2.39571]
[3.32552, 3.32855] ; [2.39571, 2.39757]
[3.32748, 3.33051] ; [2.39757, 2.39943]
[3.32944, 3.33248] ; [2.39943, 2.40129]
[3.33139, 3.33445] ; [2.40129, 2.40316]
[3.33335, 3.33642] ; [2.40316, 2.40502]
[3.33532, 3.33839] ; [2.40502, 2.40688]
[3.33728, 3.34036] ; [2.40688, 2.40874]
[3.33925, 3.34234] ; [2.40874, 2.41061]
[3.34122, 3.34432] ; [2.41061, 2.41247]
[3.34319, 3.3463] ; [2.41247, 2.41434]
[3.34517, 3.34828] ; [2.41434, 2.41621]
[3.34714, 3.35027] ; [2.41621, 2.41807]
[3.34912, 3.35226] ; [2.41807, 2.41994]
[3.35111, 3.35425] ; [2.41994, 2.42181]
[3.35309, 3.35625] ; [2.42181, 2.42369]
[3.35508, 3.35825] ; [2.42369, 2.42556]
[3.35708, 3.36025] ; [2.42556, 2.42744]
[3.35908, 3.36226] ; [2.42744, 2.42932]
[3.36108, 3.36427] ; [2.42932, 2.4312]
[3.36309, 3.36629] ; [2.4312, 2.43308]
[3.3651, 3.36831] ; [2.43308, 2.43497]
[3.36712, 3.37034] ; [2.43497, 2.43686]
[3.36915, 3.37237] ; [2.43686, 2.43876]
[3.37118, 3.37441] ; [2.43876, 2.44066]
[3.37321, 3.37645] ; [2.44066, 2.44256]
[3.37525, 3.3785] ; [2.44256, 2.44447]
[3.3773, 3.38056] ; [2.44447, 2.44638]
[3.37936, 3.38262] ; [2.44638, 2.4483]
[3.38142, 3.38469] ; [2.4483, 2.45022]
[3.38349, 3.38677] ; [2.45022, 2.45215]
[3.38556, 3.38885] ; [2.45215, 2.45408]
[3.38763, 3.39094] ; [2.45408, 2.45601]
[3.38972, 3.39303] ; [2.45601, 2.45795]
[3.39181, 3.39513] ; [2.45795, 2.45989]
[3.3939, 3.39723] ; [2.45989, 2.46183]
[3.396, 3.39934] ; [2.46183, 2.46378]
[3.39811, 3.40146] ; [2.46378, 2.46573]
[3.40023, 3.40359] ; [2.46573, 2.46769]
[3.40235, 3.40572] ; [2.46769, 2.46966]
[3.40449, 3.40786] ; [2.46966, 2.47163]
[3.40663, 3.41001] ; [2.47163, 2.47361]
[3.40877, 3.41217] ; [2.47361, 2.47559]
[3.41093, 3.41434] ; [2.47559, 2.47758]
[3.4131, 3.41651] ; [2.47758, 2.47957]
[3.41527, 3.4187] ; [2.47957, 2.48158]
[3.41746, 3.4209] ; [2.48158, 2.48359]
[3.41966, 3.4231] ; [2.48359, 2.4856]
[3.42186, 3.42532] ; [2.4856, 2.48763]
[3.42408, 3.42755] ; [2.48763, 2.48966]
[3.42631, 3.42979] ; [2.48966, 2.4917]
[3.42855, 3.43204] ; [2.4917, 2.49375]
[3.4308, 3.4343] ; [2.49375, 2.4958]
[3.43306, 3.43658] ; [2.4958, 2.49787]
[3.43533, 3.43887] ; [2.49787, 2.49994]
[3.43762, 3.44117] ; [2.49994, 2.50202]
[3.43992, 3.44348] ; [2.50202, 2.50411]
[3.44224, 3.44581] ; [2.50411, 2.50621]
[3.44456, 3.44815] ; [2.50621, 2.50832]
[3.4469, 3.4505] ; [2.50832, 2.51043]
[3.44924, 3.45285] ; [2.51043, 2.51255]
[3.45155, 3.45518] ; [2.51255, 2.51463]
[3.45384, 3.45749] ; [2.51463, 2.5167]
[3.45612, 3.45978] ; [2.5167, 2.51874]
[3.45838, 3.46205] ; [2.51874, 2.52076]
[3.46062, 3.46431] ; [2.52076, 2.52277]
[3.46285, 3.46655] ; [2.52277, 2.52476]
[3.46506, 3.46878] ; [2.52476, 2.52674]
[3.46727, 3.471] ; [2.52674, 2.5287]
[3.46946, 3.47321] ; [2.5287, 2.53065]
[3.47165, 3.47541] ; [2.53065, 2.53259]
[3.47382, 3.4776] ; [2.53259, 2.53451]
[3.47598, 3.47978] ; [2.53451, 2.53641]
[3.47813, 3.48194] ; [2.53641, 2.5383]
[3.48027, 3.48409] ; [2.5383, 2.54018]
[3.4824, 3.48624] ; [2.54018, 2.54205]
[3.48452, 3.48838] ; [2.54205, 2.5439]
[3.48664, 3.49051] ; [2.5439, 2.54575]
[3.48875, 3.49264] ; [2.54575, 2.54759]
[3.49086, 3.49476] ; [2.54759, 2.54941]
[3.49296, 3.49688] ; [2.54941, 2.55123]
[3.49506, 3.49899] ; [2.55123, 2.55304]
[3.49715, 3.5011] ; [2.55304, 2.55484]
[3.49924, 3.50321] ; [2.55484, 2.55664]
[3.50133, 3.50532] ; [2.55664, 2.55843]
[3.50342, 3.50742] ; [2.55843, 2.56021]
[3.50551, 3.50953] ; [2.56021, 2.56199]
[3.5076, 3.51163] ; [2.56199, 2.56376]
[3.50968, 3.51373] ; [2.56376, 2.56552]
[3.51176, 3.51583] ; [2.56552, 2.56728]
[3.51384, 3.51792] ; [2.56728, 2.56903]
[3.51592, 3.52002] ; [2.56903, 2.57077]
[3.51799, 3.52211] ; [2.57077, 2.57251]
[3.52007, 3.5242] ; [2.57251, 2.57424]
[3.52214, 3.5263] ; [2.57424, 2.57597]
[3.52422, 3.52839] ; [2.57597, 2.57769]
[3.5263, 3.53049] ; [2.57769, 2.57941]
[3.52838, 3.53259] ; [2.57941, 2.58112]
[3.53046, 3.53469] ; [2.58112, 2.58284]
[3.53254, 3.5368] ; [2.58284, 2.58454]
[3.53463, 3.5389] ; [2.58454, 2.58625]
[3.53672, 3.54102] ; [2.58625, 2.58795]
[3.53881, 3.54313] ; [2.58795, 2.58965]
[3.54091, 3.54525] ; [2.58965, 2.59135]
[3.54301, 3.54738] ; [2.59135, 2.59305]
[3.54512, 3.5495] ; [2.59305, 2.59475]
[3.54723, 3.55164] ; [2.59475, 2.59644]
[3.54935, 3.55378] ; [2.59644, 2.59814]
[3.55148, 3.55593] ; [2.59814, 2.59983]
[3.55361, 3.55808] ; [2.59983, 2.60153]
[3.55574, 3.56024] ; [2.60153, 2.60322]
[3.55789, 3.56241] ; [2.60322, 2.60491]
[3.56004, 3.56459] ; [2.60491, 2.60661]
[3.5622, 3.56677] ; [2.60661, 2.60831]
[3.56436, 3.56895] ; [2.60831, 2.60999]
[3.56651, 3.57113] ; [2.60999, 2.61167]
[3.56866, 3.5733] ; [2.61167, 2.61335]
[3.57081, 3.57547] ; [2.61335, 2.61501]
[3.57295, 3.57764] ; [2.61501, 2.61668]
[3.5751, 3.57981] ; [2.61668, 2.61833]
[3.57724, 3.58198] ; [2.61833, 2.61998]
[3.57939, 3.58415] ; [2.61998, 2.62163]
[3.58153, 3.58632] ; [2.62163, 2.62327]
[3.58368, 3.5885] ; [2.62327, 2.62491]
[3.58583, 3.59067] ; [2.62491, 2.62654]
[3.58798, 3.59284] ; [2.62654, 2.62817]
[3.59014, 3.59502] ; [2.62817, 2.6298]
[3.59229, 3.5972] ; [2.6298, 2.63143]
[3.59445, 3.59939] ; [2.63143, 2.63306]
[3.59662, 3.60158] ; [2.63306, 2.63468]
[3.59878, 3.60377] ; [2.63468, 2.63631]
[3.60096, 3.60597] ; [2.63631, 2.63793]
[3.60313, 3.60817] ; [2.63793, 2.63955]
[3.60532, 3.61038] ; [2.63955, 2.64117]
[3.60751, 3.61259] ; [2.64117, 2.6428]
[3.6097, 3.61481] ; [2.6428, 2.64442]
[3.6119, 3.61704] ; [2.64442, 2.64604]
[3.61411, 3.61927] ; [2.64604, 2.64767]
[3.61633, 3.62151] ; [2.64767, 2.64929]
[3.61855, 3.62375] ; [2.64929, 2.65092]
[3.62078, 3.62601] ; [2.65092, 2.65255]
[3.62301, 3.62827] ; [2.65255, 2.65418]
[3.62526, 3.63053] ; [2.65418, 2.65581]
[3.62751, 3.6328] ; [2.65581, 2.65744]
[3.62976, 3.63508] ; [2.65744, 2.65908]
[3.63203, 3.63737] ; [2.65908, 2.66071]
[3.6343, 3.63967] ; [2.66071, 2.66235]
[3.63658, 3.64197] ; [2.66235, 2.66399]
[3.63887, 3.64429] ; [2.66399, 2.66564]
[3.64117, 3.64661] ; [2.66564, 2.66729]
[3.64348, 3.64894] ; [2.66729, 2.66894]
[3.6458, 3.65128] ; [2.66894, 2.6706]
[3.64813, 3.65363] ; [2.6706, 2.67226]
[3.65047, 3.656] ; [2.67226, 2.67392]
[3.65283, 3.65838] ; [2.67392, 2.6756]
[3.65521, 3.66078] ; [2.6756, 2.67728]
[3.65761, 3.6632] ; [2.67728, 2.67898]
[3.66002, 3.66563] ; [2.67898, 2.68068]
[3.66245, 3.66809] ; [2.68068, 2.6824]
[3.66491, 3.67056] ; [2.6824, 2.68412]
[3.66738, 3.67306] ; [2.68412, 2.68586]
[3.66988, 3.67558] ; [2.68586, 2.68761]
[3.6724, 3.67812] ; [2.68761, 2.68938]
[3.67494, 3.68068] ; [2.68938, 2.69115]
[3.6775, 3.68327] ; [2.69115, 2.69294]
[3.68009, 3.68588] ; [2.69294, 2.69475]
[3.68271, 3.68851] ; [2.69475, 2.69656]
[3.68535, 3.69117] ; [2.69656, 2.6984]
[3.68801, 3.69386] ; [2.6984, 2.70025]
[3.6907, 3.69657] ; [2.70025, 2.70211]
[3.69339, 3.69928] ; [2.70211, 2.70397]
[3.6961, 3.70201] ; [2.70397, 2.70584]
[3.69881, 3.70474] ; [2.70584, 2.70771]
[3.70153, 3.70748] ; [2.70771, 2.70958]
[3.70426, 3.71022] ; [2.70958, 2.71146]
[3.70699, 3.71298] ; [2.71146, 2.71334]
[3.70974, 3.71574] ; [2.71334, 2.71522]
[3.71249, 3.71851] ; [2.71522, 2.71711]
[3.71525, 3.72129] ; [2.71711, 2.719]
[3.71801, 3.72407] ; [2.719, 2.72089]
[3.72079, 3.72687] ; [2.72089, 2.72279]
[3.72357, 3.72966] ; [2.72279, 2.72468]
[3.72635, 3.73246] ; [2.72468, 2.72658]
[3.72914, 3.73527] ; [2.72658, 2.72848]
[3.73193, 3.73808] ; [2.72848, 2.73038]
[3.73473, 3.7409] ; [2.73038, 2.73228]
[3.73753, 3.74372] ; [2.73228, 2.73419]
[3.74034, 3.74654] ; [2.73419, 2.73609]
[3.74314, 3.74936] ; [2.73609, 2.73799]
[3.74595, 3.75218] ; [2.73799, 2.73989]
[3.74876, 3.75501] ; [2.73989, 2.7418]
[3.75156, 3.75783] ; [2.7418, 2.74369]
[3.75437, 3.76066] ; [2.74369, 2.74559]
[3.75718, 3.76348] ; [2.74559, 2.74749]
[3.75998, 3.7663] ; [2.74749, 2.74938]
[3.76278, 3.76912] ; [2.74938, 2.75127]
[3.76558, 3.77193] ; [2.75127, 2.75316]
[3.76838, 3.77474] ; [2.75316, 2.75504]
[3.77117, 3.77755] ; [2.75504, 2.75692]
[3.77396, 3.78036] ; [2.75692, 2.7588]
[3.77675, 3.78316] ; [2.7588, 2.76067]
[3.77953, 3.78597] ; [2.76067, 2.76254]
[3.78232, 3.78876] ; [2.76254, 2.76441]
[3.7851, 3.79156] ; [2.76441, 2.76628]
[3.78787, 3.79436] ; [2.76628, 2.76814]
[3.79065, 3.79715] ; [2.76814, 2.77]
[3.79342, 3.79994] ; [2.77, 2.77186]
[3.7962, 3.80273] ; [2.77186, 2.77372]
[3.79897, 3.80551] ; [2.77372, 2.77557]
[3.80173, 3.8083] ; [2.77557, 2.77742]
[3.8045, 3.81108] ; [2.77742, 2.77927]
[3.80726, 3.81386] ; [2.77927, 2.78112]
[3.81003, 3.81664] ; [2.78112, 2.78297]
[3.81279, 3.81941] ; [2.78297, 2.78481]
[3.81555, 3.82219] ; [2.78481, 2.78665]
[3.81831, 3.82496] ; [2.78665, 2.78849]
[3.82106, 3.82774] ; [2.78849, 2.79033]
[3.82382, 3.83051] ; [2.79033, 2.79217]
[3.82657, 3.83328] ; [2.79217, 2.794]
[3.82933, 3.83605] ; [2.794, 2.79583]
[3.83208, 3.83882] ; [2.79583, 2.79766]
[3.83483, 3.84158] ; [2.79766, 2.79949]
[3.83757, 3.84435] ; [2.79949, 2.80132]
[3.84032, 3.84711] ; [2.80132, 2.80315]
[3.84306, 3.84987] ; [2.80315, 2.80497]
[3.8458, 3.85263] ; [2.80497, 2.80679]
[3.84854, 3.85539] ; [2.80679, 2.80861]
[3.85128, 3.85814] ; [2.80861, 2.81043]
[3.85402, 3.86089] ; [2.81043, 2.81224]
[3.85675, 3.86365] ; [2.81224, 2.81405]
[3.85949, 3.8664] ; [2.81405, 2.81587]
[3.86222, 3.86915] ; [2.81587, 2.81768]
[3.86495, 3.8719] ; [2.81768, 2.81948]
[3.86767, 3.87464] ; [2.81948, 2.82129]
[3.8704, 3.87739] ; [2.82129, 2.8231]
[3.87313, 3.88013] ; [2.8231, 2.8249]
[3.87585, 3.88288] ; [2.8249, 2.8267]
[3.87857, 3.88562] ; [2.8267, 2.8285]
[3.88129, 3.88836] ; [2.8285, 2.8303]
[3.88401, 3.8911] ; [2.8303, 2.8321]
[3.88673, 3.89384] ; [2.8321, 2.8339]
[3.88945, 3.89658] ; [2.8339, 2.83569]
[3.89217, 3.89932] ; [2.83569, 2.83749]
[3.89488, 3.90206] ; [2.83749, 2.83928]
[3.89759, 3.90479] ; [2.83928, 2.84107]
[3.9003, 3.90753] ; [2.84107, 2.84286]
[3.90301, 3.91026] ; [2.84286, 2.84465]
[3.90572, 3.91299] ; [2.84465, 2.84644]
[3.90843, 3.91572] ; [2.84644, 2.84823]
[3.91113, 3.91846] ; [2.84823, 2.85001]
[3.91384, 3.92119] ; [2.85001, 2.8518]
[3.91654, 3.92391] ; [2.8518, 2.85358]
[3.91924, 3.92664] ; [2.85358, 2.85536]
[3.92194, 3.92937] ; [2.85536, 2.85714]
[3.92464, 3.93209] ; [2.85714, 2.85892]
[3.92733, 3.93482] ; [2.85892, 2.8607]
[3.93003, 3.93754] ; [2.8607, 2.86248]
[3.93272, 3.94026] ; [2.86248, 2.86426]
[3.93541, 3.94298] ; [2.86426, 2.86603]
[3.93809, 3.9457] ; [2.86603, 2.8678]
[3.94076, 3.9484] ; [2.8678, 2.86957]
[3.94341, 3.95108] ; [2.86957, 2.87132]
[3.94603, 3.95373] ; [2.87132, 2.87305]
[3.94863, 3.95636] ; [2.87305, 2.87477]
[3.9512, 3.95896] ; [2.87477, 2.87647]
[3.95374, 3.96154] ; [2.87647, 2.87815]
[3.95627, 3.9641] ; [2.87815, 2.87982]
[3.95877, 3.96663] ; [2.87982, 2.88148]
[3.96125, 3.96915] ; [2.88148, 2.88312]
[3.96371, 3.97164] ; [2.88312, 2.88475]
[3.96615, 3.97411] ; [2.88475, 2.88637]
[3.96857, 3.97657] ; [2.88637, 2.88797]
[3.97096, 3.979] ; [2.88797, 2.88957]
[3.97335, 3.98142] ; [2.88957, 2.89115]
[3.97571, 3.98381] ; [2.89115, 2.89272]
[3.97805, 3.98619] ; [2.89272, 2.89428]
[3.98038, 3.98855] ; [2.89428, 2.89583]
[3.98268, 3.9909] ; [2.89583, 2.89736]
[3.98496, 3.99322] ; [2.89736, 2.89889]
[3.98723, 3.99552] ; [2.89889, 2.9004]
[3.98948, 3.99781] ; [2.9004, 2.9019]
[3.99171, 4.00008] ; [2.9019, 2.9034]
[3.99393, 4.00233] ; [2.9034, 2.90488]
[3.99613, 4.00457] ; [2.90488, 2.90636]
[3.99831, 4.0068] ; [2.90636, 2.90782]
[4.00048, 4.009] ; [2.90782, 2.90928]
[4.00263, 4.0112] ; [2.90928, 2.91072]
[4.00477, 4.01337] ; [2.91072, 2.91216]
[4.00689, 4.01553] ; [2.91216, 2.91359]
[4.009, 4.01768] ; [2.91359, 2.91502]
[4.0111, 4.01982] ; [2.91502, 2.91643]
[4.01318, 4.02194] ; [2.91643, 2.91784]
[4.01525, 4.02405] ; [2.91784, 2.91925]
[4.01731, 4.02615] ; [2.91925, 2.92064]
[4.01936, 4.02824] ; [2.92064, 2.92203]
[4.0214, 4.03032] ; [2.92203, 2.92342]
[4.02343, 4.03239] ; [2.92342, 2.9248]
[4.02544, 4.03444] ; [2.9248, 2.92618]
[4.02745, 4.03649] ; [2.92618, 2.92755]
[4.02945, 4.03853] ; [2.92755, 2.92891]
[4.03143, 4.04055] ; [2.92891, 2.93027]
[4.03341, 4.04257] ; [2.93027, 2.93163]
[4.03538, 4.04458] ; [2.93163, 2.93298]
[4.03734, 4.04658] ; [2.93298, 2.93433]
[4.03928, 4.04856] ; [2.93433, 2.93567]
[4.04122, 4.05054] ; [2.93567, 2.93701]
[4.04315, 4.05251] ; [2.93701, 2.93835]
[4.04508, 4.05448] ; [2.93835, 2.93968]
[4.04699, 4.05643] ; [2.93968, 2.94101]
[4.04889, 4.05837] ; [2.94101, 2.94233]
[4.05079, 4.06031] ; [2.94233, 2.94365]
[4.05268, 4.06224] ; [2.94365, 2.94497]
[4.05456, 4.06416] ; [2.94497, 2.94628]
[4.05643, 4.06607] ; [2.94628, 2.94759]
[4.05829, 4.06798] ; [2.94759, 2.9489]
[4.06015, 4.06987] ; [2.9489, 2.95021]
[4.062, 4.07176] ; [2.95021, 2.95151]
[4.06384, 4.07364] ; [2.95151, 2.95281]
[4.06567, 4.07551] ; [2.95281, 2.95411]
[4.06749, 4.07738] ; [2.95411, 2.9554]
[4.0693, 4.07923] ; [2.9554, 2.95669]
[4.07111, 4.08108] ; [2.95669, 2.95798]
[4.0729, 4.08292] ; [2.95798, 2.95926]
[4.07469, 4.08474] ; [2.95926, 2.96053]
[4.07646, 4.08656] ; [2.96053, 2.96181]
[4.07823, 4.08837] ; [2.96181, 2.96308]
[4.07999, 4.09017] ; [2.96308, 2.96434]
[4.08174, 4.09196] ; [2.96434, 2.96561]
[4.08348, 4.09375] ; [2.96561, 2.96687]
[4.08522, 4.09552] ; [2.96687, 2.96813]
[4.08695, 4.0973] ; [2.96813, 2.96938]
[4.08867, 4.09906] ; [2.96938, 2.97064]
[4.09038, 4.10082] ; [2.97064, 2.97189]
[4.09209, 4.10257] ; [2.97189, 2.97314]
[4.09379, 4.10431] ; [2.97314, 2.97439]
[4.09549, 4.10605] ; [2.97439, 2.97564]
[4.09717, 4.10778] ; [2.97564, 2.97688]
[4.09885, 4.1095] ; [2.97688, 2.97813]
[4.10053, 4.11122] ; [2.97813, 2.97937]
[4.10219, 4.11293] ; [2.97937, 2.9806]
[4.10385, 4.11464] ; [2.9806, 2.98184]
[4.10551, 4.11634] ; [2.98184, 2.98308]
[4.10716, 4.11803] ; [2.98308, 2.98431]
[4.1088, 4.11972] ; [2.98431, 2.98554]
[4.11043, 4.1214] ; [2.98554, 2.98678]
[4.11206, 4.12308] ; [2.98678, 2.98801]
[4.11368, 4.12475] ; [2.98801, 2.98923]
[4.1153, 4.12641] ; [2.98923, 2.99046]
[4.11691, 4.12807] ; [2.99046, 2.99169]
[4.11852, 4.12973] ; [2.99169, 2.99291]
[4.12012, 4.13138] ; [2.99291, 2.99414]
[4.12171, 4.13302] ; [2.99414, 2.99536]
[4.1233, 4.13466] ; [2.99536, 2.99658]
[4.12489, 4.13629] ; [2.99658, 2.9978]
[4.12646, 4.13792] ; [2.9978, 2.99902]
[4.12803, 4.13953] ; [2.99902, 3.00024]
[4.12959, 4.14114] ; [3.00024, 3.00145]
[4.13114, 4.14275] ; [3.00145, 3.00266]
[4.13268, 4.14434] ; [3.00266, 3.00386]
[4.13422, 4.14593] ; [3.00386, 3.00507]
[4.13575, 4.14751] ; [3.00507, 3.00627]
[4.13727, 4.14909] ; [3.00627, 3.00747]
[4.13879, 4.15065] ; [3.00747, 3.00867]
[4.1403, 4.15222] ; [3.00867, 3.00986]
[4.1418, 4.15377] ; [3.00986, 3.01106]
[4.1433, 4.15533] ; [3.01106, 3.01225]
[4.1448, 4.15687] ; [3.01225, 3.01344]
[4.14628, 4.15841] ; [3.01344, 3.01463]
[4.14777, 4.15995] ; [3.01463, 3.01582]
[4.14924, 4.16148] ; [3.01582, 3.01701]
[4.15072, 4.16301] ; [3.01701, 3.01819]
[4.15219, 4.16453] ; [3.01819, 3.01938]
[4.15365, 4.16605] ; [3.01938, 3.02057]
[4.15511, 4.16756] ; [3.02057, 3.02175]
[4.15657, 4.16907] ; [3.02175, 3.02294]
[4.15802, 4.17058] ; [3.02294, 3.02412]
[4.15947, 4.17209] ; [3.02412, 3.02531]
[4.16092, 4.17359] ; [3.02531, 3.0265]
[4.16236, 4.17508] ; [3.0265, 3.02768]
[4.1638, 4.17658] ; [3.02768, 3.02887]
[4.16524, 4.17807] ; [3.02887, 3.03006]
[4.16668, 4.17956] ; [3.03006, 3.03124]
[4.16811, 4.18105] ; [3.03124, 3.03243]
[4.16954, 4.18254] ; [3.03243, 3.03362]
[4.17097, 4.18402] ; [3.03362, 3.03481]
[4.17239, 4.1855] ; [3.03481, 3.036]
[4.17381, 4.18697] ; [3.036, 3.03719]
[4.17522, 4.18844] ; [3.03719, 3.03837]
[4.17664, 4.18991] ; [3.03837, 3.03956]
[4.17805, 4.19138] ; [3.03956, 3.04075]
[4.17946, 4.19284] ; [3.04075, 3.04194]
[4.18086, 4.1943] ; [3.04194, 3.04313]
[4.18227, 4.19576] ; [3.04313, 3.04432]
[4.18367, 4.19722] ; [3.04432, 3.04551]
[4.18507, 4.19867] ; [3.04551, 3.04671]
[4.18647, 4.20013] ; [3.04671, 3.0479]
[4.18787, 4.20158] ; [3.0479, 3.0491]
[4.18927, 4.20304] ; [3.0491, 3.05029]
[4.19067, 4.20449] ; [3.05029, 3.05149]
[4.19206, 4.20594] ; [3.05149, 3.05269]
[4.19346, 4.20739] ; [3.05269, 3.0539]
[4.19485, 4.20884] ; [3.0539, 3.0551]
[4.19625, 4.21029] ; [3.0551, 3.05631]
[4.19764, 4.21174] ; [3.05631, 3.05752]
[4.19904, 4.21319] ; [3.05752, 3.05873]
[4.20044, 4.21464] ; [3.05873, 3.05994]
[4.20183, 4.21609] ; [3.05994, 3.06116]
[4.20323, 4.21754] ; [3.06116, 3.06238]
[4.20463, 4.21899] ; [3.06238, 3.0636]
[4.20603, 4.22044] ; [3.0636, 3.06483]
[4.20743, 4.2219] ; [3.06483, 3.06605]
[4.20883, 4.22335] ; [3.06605, 3.06729]
[4.21023, 4.22481] ; [3.06729, 3.06852]
[4.21164, 4.22627] ; [3.06852, 3.06976]
[4.21305, 4.22773] ; [3.06976, 3.071]
[4.21446, 4.22919] ; [3.071, 3.07225]
[4.21587, 4.23065] ; [3.07225, 3.0735]
[4.21728, 4.23212] ; [3.0735, 3.07475]
[4.2187, 4.23359] ; [3.07475, 3.07601]
[4.22012, 4.23506] ; [3.07601, 3.07727]
[4.22154, 4.23653] ; [3.07727, 3.07854]
[4.22297, 4.23801] ; [3.07854, 3.07981]
[4.2244, 4.23949] ; [3.07981, 3.08108]
[4.22583, 4.24098] ; [3.08108, 3.08237]
[4.22727, 4.24246] ; [3.08237, 3.08365]
[4.22871, 4.24396] ; [3.08365, 3.08494]
[4.23016, 4.24545] ; [3.08494, 3.08624]
[4.2316, 4.24695] ; [3.08624, 3.08754]
[4.23306, 4.24845] ; [3.08754, 3.08885]
[4.23452, 4.24996] ; [3.08885, 3.09016]
[4.23598, 4.25147] ; [3.09016, 3.09148]
[4.23745, 4.25299] ; [3.09148, 3.0928]
[4.23892, 4.25451] ; [3.0928, 3.09413]
[4.2404, 4.25604] ; [3.09413, 3.09547]
[4.24189, 4.25758] ; [3.09547, 3.09681]
[4.24338, 4.25912] ; [3.09681, 3.09817]
[4.24488, 4.26066] ; [3.09817, 3.09952]
[4.24638, 4.26221] ; [3.09952, 3.10089]
[4.24789, 4.26377] ; [3.10089, 3.10226]
[4.24941, 4.26533] ; [3.10226, 3.10364]
[4.25093, 4.2669] ; [3.10364, 3.10502]
[4.25246, 4.26848] ; [3.10502, 3.10642]
[4.254, 4.27007] ; [3.10642, 3.10782]
[4.25555, 4.27166] ; [3.10782, 3.10923]
[4.2571, 4.27326] ; [3.10923, 3.11064]
[4.25866, 4.27487] ; [3.11064, 3.11207]
[4.26023, 4.27648] ; [3.11207, 3.1135]
[4.26181, 4.2781] ; [3.1135, 3.11494]
[4.2634, 4.27974] ; [3.11494, 3.11639]
[4.26499, 4.28137] ; [3.11639, 3.11785]
[4.26659, 4.28302] ; [3.11785, 3.11932]
[4.2682, 4.28468] ; [3.11932, 3.12079]
[4.26982, 4.28634] ; [3.12079, 3.12228]
[4.27145, 4.28801] ; [3.12228, 3.12377]
[4.27308, 4.28969] ; [3.12377, 3.12527]
[4.27473, 4.29138] ; [3.12527, 3.12677]
[4.27638, 4.29308] ; [3.12677, 3.12829]
[4.27804, 4.29478] ; [3.12829, 3.12982]
[4.27971, 4.2965] ; [3.12982, 3.13135]
[4.28139, 4.29822] ; [3.13135, 3.13289]
[4.28308, 4.29996] ; [3.13289, 3.13445]
[4.28477, 4.3017] ; [3.13445, 3.13601]
[4.28648, 4.30345] ; [3.13601, 3.13758]
[4.28819, 4.30521] ; [3.13758, 3.13915]
[4.2899, 4.30696] ; [3.13915, 3.14072]
[4.29161, 4.30872] ; [3.14072, 3.1423]
[4.29333, 4.31048] ; [3.1423, 3.14388]
[4.29504, 4.31224] ; [3.14388, 3.14546]
[4.29675, 4.314] ; [3.14546, 3.14704]
[4.29847, 4.31576] ; [3.14704, 3.14861]
[4.30017, 4.31751] ; [3.14861, 3.15019]
[4.30188, 4.31926] ; [3.15019, 3.15176]
[4.30358, 4.32102] ; [3.15176, 3.15333]
[4.30529, 4.32277] ; [3.15333, 3.1549]
[4.30699, 4.32451] ; [3.1549, 3.15647]
[4.30869, 4.32626] ; [3.15647, 3.15803]
[4.31038, 4.32801] ; [3.15803, 3.1596]
[4.31207, 4.32975] ; [3.1596, 3.16116]
[4.31376, 4.33149] ; [3.16116, 3.16272]
[4.31545, 4.33323] ; [3.16272, 3.16427]
[4.31714, 4.33497] ; [3.16427, 3.16583]
[4.31882, 4.3367] ; [3.16583, 3.16738]
[4.32051, 4.33844] ; [3.16738, 3.16894]
[4.32219, 4.34017] ; [3.16894, 3.17049]
[4.32387, 4.34191] ; [3.17049, 3.17204]
[4.32555, 4.34364] ; [3.17204, 3.17359]
[4.32723, 4.34537] ; [3.17359, 3.17514]
[4.32891, 4.3471] ; [3.17514, 3.17668]
[4.33059, 4.34883] ; [3.17668, 3.17823]
[4.33226, 4.35056] ; [3.17823, 3.17978]
[4.33394, 4.35229] ; [3.17978, 3.18132]
[4.33562, 4.35402] ; [3.18132, 3.18286]
[4.33729, 4.35575] ; [3.18286, 3.1844]
[4.33896, 4.35747] ; [3.1844, 3.18594]
[4.34064, 4.3592] ; [3.18594, 3.18748]
[4.34231, 4.36092] ; [3.18748, 3.18901]
[4.34397, 4.36264] ; [3.18901, 3.19055]
[4.34564, 4.36436] ; [3.19055, 3.19208]
[4.34731, 4.36608] ; [3.19208, 3.19361]
[4.34897, 4.3678] ; [3.19361, 3.19514]
[4.35064, 4.36952] ; [3.19514, 3.19667]
[4.3523, 4.37123] ; [3.19667, 3.19819]
[4.35396, 4.37295] ; [3.19819, 3.19972]
[4.35562, 4.37466] ; [3.19972, 3.20124]
[4.35728, 4.37637] ; [3.20124, 3.20276]
[4.35894, 4.37808] ; [3.20276, 3.20428]
[4.36059, 4.3798] ; [3.20428, 3.20579]
[4.36225, 4.3815] ; [3.20579, 3.20731]
[4.3639, 4.38321] ; [3.20731, 3.20882]
[4.36555, 4.38492] ; [3.20882, 3.21033]
[4.36721, 4.38662] ; [3.21033, 3.21184]
[4.36885, 4.38833] ; [3.21184, 3.21335]
[4.3705, 4.39003] ; [3.21335, 3.21485]
[4.37215, 4.39173] ; [3.21485, 3.21635]
[4.37379, 4.39343] ; [3.21635, 3.21785]
[4.37543, 4.39513] ; [3.21785, 3.21935]
[4.37708, 4.39683] ; [3.21935, 3.22085]
[4.37871, 4.39852] ; [3.22085, 3.22234]
[4.38035, 4.40021] ; [3.22234, 3.22383]
[4.38198, 4.4019] ; [3.22383, 3.22531]
[4.38361, 4.40358] ; [3.22531, 3.22679]
[4.38523, 4.40526] ; [3.22679, 3.22827]
[4.38685, 4.40693] ; [3.22827, 3.22974]
[4.38846, 4.4086] ; [3.22974, 3.2312]
[4.39007, 4.41027] ; [3.2312, 3.23266]
[4.39167, 4.41193] ; [3.23266, 3.23412]
[4.39327, 4.41358] ; [3.23412, 3.23557]
[4.39486, 4.41524] ; [3.23557, 3.23701]
[4.39645, 4.41688] ; [3.23701, 3.23845]
[4.39804, 4.41853] ; [3.23845, 3.23988]
[4.39962, 4.42017] ; [3.23988, 3.24131]
[4.4012, 4.4218] ; [3.24131, 3.24274]
[4.40277, 4.42343] ; [3.24274, 3.24416]
[4.40434, 4.42506] ; [3.24416, 3.24558]
[4.4059, 4.42668] ; [3.24558, 3.24699]
[4.40746, 4.4283] ; [3.24699, 3.24839]
[4.40901, 4.42991] ; [3.24839, 3.24979]
[4.41056, 4.43152] ; [3.24979, 3.25119]
[4.41211, 4.43312] ; [3.25119, 3.25258]
[4.41365, 4.43472] ; [3.25258, 3.25396]
[4.41519, 4.43632] ; [3.25396, 3.25534]
[4.41672, 4.43791] ; [3.25534, 3.25672]
[4.41825, 4.4395] ; [3.25672, 3.25809]
[4.41977, 4.44108] ; [3.25809, 3.25946]
[4.42129, 4.44266] ; [3.25946, 3.26082]
[4.4228, 4.44423] ; [3.26082, 3.26217]
[4.42431, 4.44579] ; [3.26217, 3.26352]
[4.4258, 4.44735] ; [3.26352, 3.26485]
[4.4273, 4.44891] ; [3.26485, 3.26619]
[4.42878, 4.45045] ; [3.26619, 3.26752]
[4.43027, 4.452] ; [3.26752, 3.26884]
[4.43174, 4.45353] ; [3.26884, 3.27015]
[4.43321, 4.45506] ; [3.27015, 3.27146]
[4.43468, 4.45659] ; [3.27146, 3.27277]
[4.43614, 4.45811] ; [3.27277, 3.27407]
[4.43759, 4.45963] ; [3.27407, 3.27536]
[4.43904, 4.46114] ; [3.27536, 3.27665]
[4.44049, 4.46265] ; [3.27665, 3.27793]
[4.44193, 4.46415] ; [3.27793, 3.2792]
[4.44337, 4.46565] ; [3.2792, 3.28047]
[4.4448, 4.46714] ; [3.28047, 3.28174]
[4.44622, 4.46863] ; [3.28174, 3.283]
[4.44765, 4.47012] ; [3.283, 3.28426]
[4.44907, 4.4716] ; [3.28426, 3.28551]
[4.45048, 4.47308] ; [3.28551, 3.28676]
[4.45189, 4.47455] ; [3.28676, 3.288]
[4.4533, 4.47602] ; [3.288, 3.28923]
[4.4547, 4.47748] ; [3.28923, 3.29047]
[4.4561, 4.47895] ; [3.29047, 3.2917]
[4.45749, 4.48041] ; [3.2917, 3.29292]
[4.45888, 4.48186] ; [3.29292, 3.29414]
[4.46027, 4.48331] ; [3.29414, 3.29535]
[4.46166, 4.48476] ; [3.29535, 3.29657]
[4.46304, 4.48621] ; [3.29657, 3.29777]
[4.46442, 4.48765] ; [3.29777, 3.29898]
[4.46579, 4.48909] ; [3.29898, 3.30018]
[4.46717, 4.49053] ; [3.30018, 3.30137]
[4.46854, 4.49197] ; [3.30137, 3.30257]
[4.4699, 4.4934] ; [3.30257, 3.30375]
[4.47127, 4.49483] ; [3.30375, 3.30494]
[4.47263, 4.49626] ; [3.30494, 3.30612]
[4.47399, 4.49769] ; [3.30612, 3.3073]
[4.47535, 4.49911] ; [3.3073, 3.30848]
[4.47671, 4.50053] ; [3.30848, 3.30965]
[4.47806, 4.50195] ; [3.30965, 3.31082]
[4.47941, 4.50337] ; [3.31082, 3.31198]
[4.48076, 4.50479] ; [3.31198, 3.31315]
[4.48211, 4.5062] ; [3.31315, 3.31431]
[4.48345, 4.50762] ; [3.31431, 3.31546]
[4.4848, 4.50903] ; [3.31546, 3.31662]
[4.48614, 4.51044] ; [3.31662, 3.31777]
[4.48748, 4.51185] ; [3.31777, 3.31892]
[4.48882, 4.51326] ; [3.31892, 3.32007]
[4.49016, 4.51466] ; [3.32007, 3.32121]
[4.49149, 4.51607] ; [3.32121, 3.32235]
[4.49283, 4.51747] ; [3.32235, 3.32349]
[4.49416, 4.51887] ; [3.32349, 3.32462]
[4.49549, 4.52027] ; [3.32462, 3.32576]
[4.49682, 4.52167] ; [3.32576, 3.32689]
[4.49815, 4.52307] ; [3.32689, 3.32801]
[4.49948, 4.52446] ; [3.32801, 3.32914]
[4.50081, 4.52586] ; [3.32914, 3.33026]
[4.50213, 4.52726] ; [3.33026, 3.33138]
[4.50346, 4.52865] ; [3.33138, 3.3325]
[4.50478, 4.53004] ; [3.3325, 3.33362]
[4.50611, 4.53144] ; [3.33362, 3.33474]
[4.50743, 4.53283] ; [3.33474, 3.33585]
[4.50875, 4.53422] ; [3.33585, 3.33696]
[4.51008, 4.53562] ; [3.33696, 3.33807]
[4.5114, 4.53701] ; [3.33807, 3.33918]
[4.51272, 4.5384] ; [3.33918, 3.34028]
[4.51404, 4.53979] ; [3.34028, 3.34139]
[4.51536, 4.54119] ; [3.34139, 3.34249]
[4.51669, 4.54258] ; [3.34249, 3.34359]
[4.51801, 4.54397] ; [3.34359, 3.34469]
[4.51933, 4.54536] ; [3.34469, 3.34579]
[4.52065, 4.54676] ; [3.34579, 3.34689]
[4.52198, 4.54815] ; [3.34689, 3.34799]
[4.5233, 4.54955] ; [3.34799, 3.34908]
[4.52462, 4.55094] ; [3.34908, 3.35018]
[4.52595, 4.55234] ; [3.35018, 3.35127]
[4.52727, 4.55373] ; [3.35127, 3.35236]
[4.5286, 4.55513] ; [3.35236, 3.35345]
[4.52992, 4.55652] ; [3.35345, 3.35454]
[4.53124, 4.55791] ; [3.35454, 3.35562]
[4.53256, 4.55931] ; [3.35562, 3.35671]
[4.53388, 4.5607] ; [3.35671, 3.35778]
[4.53519, 4.56208] ; [3.35778, 3.35886]
[4.53651, 4.56347] ; [3.35886, 3.35993]
[4.53782, 4.56486] ; [3.35993, 3.36101]
[4.53913, 4.56624] ; [3.36101, 3.36207]
[4.54044, 4.56762] ; [3.36207, 3.36314]
[4.54174, 4.569] ; [3.36314, 3.3642]
[4.54305, 4.57038] ; [3.3642, 3.36526]
[4.54435, 4.57176] ; [3.36526, 3.36632]
[4.54565, 4.57314] ; [3.36632, 3.36737]
[4.54695, 4.57451] ; [3.36737, 3.36842]
[4.54825, 4.57589] ; [3.36842, 3.36947]
[4.54955, 4.57726] ; [3.36947, 3.37052]
[4.55084, 4.57863] ; [3.37052, 3.37157]
[4.55214, 4.58] ; [3.37157, 3.37261]
[4.55343, 4.58137] ; [3.37261, 3.37365]
[4.55472, 4.58274] ; [3.37365, 3.37469]
[4.55601, 4.58411] ; [3.37469, 3.37572]
[4.5573, 4.58547] ; [3.37572, 3.37675]
[4.55858, 4.58684] ; [3.37675, 3.37778]
[4.55986, 4.5882] ; [3.37778, 3.37881]
[4.56114, 4.58956] ; [3.37881, 3.37983]
[4.56241, 4.59091] ; [3.37983, 3.38085]
[4.56369, 4.59226] ; [3.38085, 3.38186]
[4.56495, 4.59361] ; [3.38186, 3.38287]
[4.56622, 4.59496] ; [3.38287, 3.38388]
[4.56748, 4.5963] ; [3.38388, 3.38488]
[4.56874, 4.59764] ; [3.38488, 3.38588]
[4.56999, 4.59898] ; [3.38588, 3.38687]
[4.57124, 4.60031] ; [3.38687, 3.38787]
[4.57249, 4.60164] ; [3.38787, 3.38885]
[4.57373, 4.60297] ; [3.38885, 3.38984]
[4.57497, 4.60429] ; [3.38984, 3.39081]
[4.5762, 4.60561] ; [3.39081, 3.39179]
[4.57744, 4.60693] ; [3.39179, 3.39276]
[4.57866, 4.60824] ; [3.39276, 3.39373]
[4.57989, 4.60955] ; [3.39373, 3.39469]
[4.58111, 4.61086] ; [3.39469, 3.39566]
[4.58233, 4.61217] ; [3.39566, 3.39661]
[4.58354, 4.61347] ; [3.39661, 3.39757]
[4.58475, 4.61477] ; [3.39757, 3.39852]
[4.58596, 4.61607] ; [3.39852, 3.39947]
[4.58717, 4.61736] ; [3.39947, 3.40041]
[4.58837, 4.61865] ; [3.40041, 3.40135]
[4.58957, 4.61994] ; [3.40135, 3.40229]
[4.59077, 4.62123] ; [3.40229, 3.40323]
[4.59196, 4.62252] ; [3.40323, 3.40416]
[4.59316, 4.6238] ; [3.40416, 3.40509]
[4.59435, 4.62508] ; [3.40509, 3.40602]
[4.59553, 4.62636] ; [3.40602, 3.40694]
[4.59672, 4.62764] ; [3.40694, 3.40787]
[4.5979, 4.62892] ; [3.40787, 3.40879]
[4.59908, 4.63019] ; [3.40879, 3.4097]
[4.60026, 4.63146] ; [3.4097, 3.41062]
[4.60144, 4.63274] ; [3.41062, 3.41153]
[4.60262, 4.634] ; [3.41153, 3.41244]
[4.60379, 4.63527] ; [3.41244, 3.41335]
[4.60496, 4.63654] ; [3.41335, 3.41426]
[4.60613, 4.63781] ; [3.41426, 3.41517]
[4.6073, 4.63907] ; [3.41517, 3.41607]
[4.60846, 4.64033] ; [3.41607, 3.41697]
[4.60963, 4.64159] ; [3.41697, 3.41787]
[4.61079, 4.64286] ; [3.41787, 3.41877]
[4.61196, 4.64412] ; [3.41877, 3.41966]
[4.61312, 4.64537] ; [3.41966, 3.42055]
[4.61428, 4.64663] ; [3.42055, 3.42145]
[4.61543, 4.64789] ; [3.42145, 3.42234]
[4.61659, 4.64914] ; [3.42234, 3.42323]
[4.61775, 4.6504] ; [3.42323, 3.42411]
[4.6189, 4.65165] ; [3.42411, 3.425]
[4.62005, 4.65291] ; [3.425, 3.42588]
[4.6212, 4.65416] ; [3.42588, 3.42676]
[4.62236, 4.65541] ; [3.42676, 3.42765]
[4.62351, 4.65666] ; [3.42765, 3.42853]
[4.62466, 4.65791] ; [3.42853, 3.4294]
[4.6258, 4.65916] ; [3.4294, 3.43028]
[4.62695, 4.66041] ; [3.43028, 3.43116]
[4.6281, 4.66166] ; [3.43116, 3.43203]
[4.62924, 4.66291] ; [3.43203, 3.43291]
[4.63039, 4.66416] ; [3.43291, 3.43378]
[4.63153, 4.66541] ; [3.43378, 3.43465]
[4.63268, 4.66666] ; [3.43465, 3.43552]
[4.63382, 4.66791] ; [3.43552, 3.43639]
[4.63496, 4.66915] ; [3.43639, 3.43726]
[4.63611, 4.6704] ; [3.43726, 3.43813]
[4.63725, 4.67165] ; [3.43813, 3.43899]
[4.63839, 4.67289] ; [3.43899, 3.43986]
[4.63953, 4.67414] ; [3.43986, 3.44072]
[4.64067, 4.67539] ; [3.44072, 3.44159]
[4.64181, 4.67663] ; [3.44159, 3.44245]
[4.64295, 4.67788] ; [3.44245, 3.44331]
[4.64409, 4.67913] ; [3.44331, 3.44418]
[4.64523, 4.68037] ; [3.44418, 3.44504]
[4.64637, 4.68162] ; [3.44504, 3.4459]
[4.64751, 4.68287] ; [3.4459, 3.44676]
[4.64865, 4.68411] ; [3.44676, 3.44761]
[4.64979, 4.68536] ; [3.44761, 3.44847]
[4.65092, 4.68661] ; [3.44847, 3.44933]
[4.65206, 4.68786] ; [3.44933, 3.45019]
[4.6532, 4.6891] ; [3.45019, 3.45104]
[4.65434, 4.69035] ; [3.45104, 3.4519]
[4.65548, 4.6916] ; [3.4519, 3.45275]
[4.65661, 4.69285] ; [3.45275, 3.45361]
[4.65775, 4.6941] ; [3.45361, 3.45446]
[4.65889, 4.69534] ; [3.45446, 3.45532]
[4.66003, 4.69659] ; [3.45532, 3.45617]
[4.66117, 4.69784] ; [3.45617, 3.45702]
[4.6623, 4.69909] ; [3.45702, 3.45788]
[4.66344, 4.70034] ; [3.45788, 3.45873]
[4.66458, 4.70159] ; [3.45873, 3.45958]
[4.66572, 4.70284] ; [3.45958, 3.46043]
[4.66686, 4.7041] ; [3.46043, 3.46128]
[4.668, 4.70535] ; [3.46128, 3.46214]
[4.66914, 4.7066] ; [3.46214, 3.46299]
[4.67028, 4.70785] ; [3.46299, 3.46384]
[4.67142, 4.70911] ; [3.46384, 3.46469]
[4.67256, 4.71036] ; [3.46469, 3.46554]
[4.6737, 4.71161] ; [3.46554, 3.46639]
[4.67484, 4.71287] ; [3.46639, 3.46724]
[4.67598, 4.71413] ; [3.46724, 3.46809]
[4.67712, 4.71538] ; [3.46809, 3.46894]
[4.67826, 4.71664] ; [3.46894, 3.46978]
[4.67941, 4.7179] ; [3.46978, 3.47063]
[4.68055, 4.71916] ; [3.47063, 3.47148]
[4.68169, 4.72041] ; [3.47148, 3.47233]
[4.68284, 4.72167] ; [3.47233, 3.47318]
[4.68398, 4.72293] ; [3.47318, 3.47403]
[4.68512, 4.7242] ; [3.47403, 3.47488]
[4.68627, 4.72546] ; [3.47488, 3.47573]
[4.68741, 4.72672] ; [3.47573, 3.47658]
[4.68856, 4.72798] ; [3.47658, 3.47743]
[4.68971, 4.72925] ; [3.47743, 3.47827]
[4.69085, 4.73051] ; [3.47827, 3.47912]
[4.692, 4.73177] ; [3.47912, 3.47997]
[4.69315, 4.73304] ; [3.47997, 3.48082]
[4.6943, 4.73431] ; [3.48082, 3.48167]
[4.69544, 4.73557] ; [3.48167, 3.48252]
[4.69659, 4.73684] ; [3.48252, 3.48336]
[4.69774, 4.73811] ; [3.48336, 3.48421]
[4.69889, 4.73938] ; [3.48421, 3.48506]
[4.70004, 4.74065] ; [3.48506, 3.48591]
[4.70119, 4.74192] ; [3.48591, 3.48676]
[4.70235, 4.74319] ; [3.48676, 3.4876]
[4.7035, 4.74446] ; [3.4876, 3.48845]
[4.70465, 4.74573] ; [3.48845, 3.4893]
[4.7058, 4.747] ; [3.4893, 3.49015]
[4.70695, 4.74828] ; [3.49015, 3.491]
[4.70811, 4.74955] ; [3.491, 3.49185]
[4.70926, 4.75082] ; [3.49185, 3.49269]
[4.71042, 4.7521] ; [3.49269, 3.49354]
[4.71157, 4.75337] ; [3.49354, 3.49439]
[4.71272, 4.75465] ; [3.49439, 3.49524]
[4.71388, 4.75592] ; [3.49524, 3.49608]
[4.71503, 4.7572] ; [3.49608, 3.49693]
[4.71619, 4.75848] ; [3.49693, 3.49778]
[4.71735, 4.75976] ; [3.49778, 3.49863]
[4.7185, 4.76104] ; [3.49863, 3.49948]
[4.71966, 4.76231] ; [3.49948, 3.50032]
[4.72082, 4.76359] ; [3.50032, 3.50117]
[4.72197, 4.76487] ; [3.50117, 3.50202]
[4.72313, 4.76615] ; [3.50202, 3.50287]
[4.72429, 4.76744] ; [3.50287, 3.50371]
[4.72545, 4.76872] ; [3.50371, 3.50456]
[4.72661, 4.77] ; [3.50456, 3.50541]
[4.72777, 4.77128] ; [3.50541, 3.50625]
[4.72893, 4.77256] ; [3.50625, 3.5071]
[4.73009, 4.77385] ; [3.5071, 3.50795]
[4.73125, 4.77513] ; [3.50795, 3.5088]
[4.73241, 4.77642] ; [3.5088, 3.50964]
[4.73357, 4.7777] ; [3.50964, 3.51049]
[4.73473, 4.77898] ; [3.51049, 3.51134]
[4.73589, 4.78027] ; [3.51134, 3.51218]
[4.73705, 4.78155] ; [3.51218, 3.51303]
[4.73821, 4.78284] ; [3.51303, 3.51387]
[4.73937, 4.78412] ; [3.51387, 3.51472]
[4.74052, 4.78541] ; [3.51472, 3.51556]
[4.74168, 4.78669] ; [3.51556, 3.51641]
[4.74284, 4.78797] ; [3.51641, 3.51725]
[4.74399, 4.78925] ; [3.51725, 3.51809]
[4.74515, 4.79053] ; [3.51809, 3.51893]
[4.7463, 4.79181] ; [3.51893, 3.51977]
[4.74746, 4.79309] ; [3.51977, 3.52061]
[4.74861, 4.79437] ; [3.52061, 3.52145]
[4.74976, 4.79565] ; [3.52145, 3.52229]
[4.75091, 4.79692] ; [3.52229, 3.52312]
[4.75206, 4.7982] ; [3.52312, 3.52396]
[4.75321, 4.79947] ; [3.52396, 3.52479]
[4.75435, 4.80075] ; [3.52479, 3.52563]
[4.7555, 4.80202] ; [3.52563, 3.52646]
[4.75665, 4.80329] ; [3.52646, 3.52729]
[4.75779, 4.80456] ; [3.52729, 3.52812]
[4.75893, 4.80583] ; [3.52812, 3.52895]
[4.76008, 4.8071] ; [3.52895, 3.52978]
[4.76122, 4.80837] ; [3.52978, 3.53061]
[4.76236, 4.80964] ; [3.53061, 3.53144]
[4.76349, 4.8109] ; [3.53144, 3.53227]
[4.76463, 4.81216] ; [3.53227, 3.53309]
[4.76577, 4.81343] ; [3.53309, 3.53391]
[4.7669, 4.81469] ; [3.53391, 3.53474]
[4.76803, 4.81595] ; [3.53474, 3.53556]
[4.76916, 4.8172] ; [3.53556, 3.53638]
[4.77029, 4.81846] ; [3.53638, 3.53719]
[4.77141, 4.81972] ; [3.53719, 3.53801]
[4.77254, 4.82097] ; [3.53801, 3.53883]
[4.77366, 4.82222] ; [3.53883, 3.53964]
[4.77478, 4.82347] ; [3.53964, 3.54045]
[4.77589, 4.82471] ; [3.54045, 3.54126]
[4.77701, 4.82596] ; [3.54126, 3.54207]
[4.77812, 4.8272] ; [3.54207, 3.54288]
[4.77923, 4.82844] ; [3.54288, 3.54368]
[4.78034, 4.82968] ; [3.54368, 3.54449]
[4.78145, 4.83092] ; [3.54449, 3.54529]
[4.78255, 4.83216] ; [3.54529, 3.54609]
[4.78365, 4.83339] ; [3.54609, 3.54689]
[4.78475, 4.83462] ; [3.54689, 3.54769]
[4.78584, 4.83585] ; [3.54769, 3.54848]
[4.78694, 4.83708] ; [3.54848, 3.54928]
[4.78803, 4.8383] ; [3.54928, 3.55007]
[4.78911, 4.83952] ; [3.55007, 3.55086]
[4.79019, 4.84073] ; [3.55086, 3.55164]
[4.79126, 4.84194] ; [3.55164, 3.55242]
[4.79233, 4.84315] ; [3.55242, 3.5532]
[4.79339, 4.84435] ; [3.5532, 3.55397]
[4.79445, 4.84554] ; [3.55397, 3.55474]
[4.79551, 4.84673] ; [3.55474, 3.55551]
[4.79655, 4.84792] ; [3.55551, 3.55627]
[4.7976, 4.8491] ; [3.55627, 3.55703]
[4.79863, 4.85028] ; [3.55703, 3.55778]
[4.79967, 4.85145] ; [3.55778, 3.55854]
[4.8007, 4.85262] ; [3.55854, 3.55929]
[4.80172, 4.85378] ; [3.55929, 3.56003]
[4.80274, 4.85494] ; [3.56003, 3.56078]
[4.80375, 4.85609] ; [3.56078, 3.56152]
[4.80477, 4.85724] ; [3.56152, 3.56225]
[4.80577, 4.85839] ; [3.56225, 3.56299]
[4.80677, 4.85953] ; [3.56299, 3.56372]
[4.80777, 4.86066] ; [3.56372, 3.56445]
[4.80876, 4.86179] ; [3.56445, 3.56517]
[4.80974, 4.86292] ; [3.56517, 3.56589]
[4.81072, 4.86404] ; [3.56589, 3.56661]
[4.8117, 4.86516] ; [3.56661, 3.56732]
[4.81267, 4.86627] ; [3.56732, 3.56803]
[4.81364, 4.86738] ; [3.56803, 3.56874]
[4.8146, 4.86848] ; [3.56874, 3.56944]
[4.81555, 4.86957] ; [3.56944, 3.57014]
[4.8165, 4.87067] ; [3.57014, 3.57083]
[4.81745, 4.87175] ; [3.57083, 3.57153]
[4.81839, 4.87284] ; [3.57153, 3.57222]
[4.81933, 4.87392] ; [3.57222, 3.5729]
[4.82026, 4.87499] ; [3.5729, 3.57359]
[4.82119, 4.87606] ; [3.57359, 3.57427]
[4.82211, 4.87712] ; [3.57427, 3.57494]
[4.82302, 4.87818] ; [3.57494, 3.57562]
[4.82394, 4.87924] ; [3.57562, 3.57629]
[4.82484, 4.88029] ; [3.57629, 3.57695]
[4.82574, 4.88134] ; [3.57695, 3.57762]
[4.82664, 4.88238] ; [3.57762, 3.57828]
[4.82753, 4.88342] ; [3.57828, 3.57893]
[4.82842, 4.88445] ; [3.57893, 3.57959]
[4.8293, 4.88548] ; [3.57959, 3.58024]
[4.83018, 4.8865] ; [3.58024, 3.58088]
[4.83105, 4.88752] ; [3.58088, 3.58153]
[4.83192, 4.88854] ; [3.58153, 3.58217]
[4.83278, 4.88955] ; [3.58217, 3.58281]
[4.83364, 4.89056] ; [3.58281, 3.58344]
[4.83449, 4.89156] ; [3.58344, 3.58407]
[4.83534, 4.89256] ; [3.58407, 3.5847]
[4.83618, 4.89355] ; [3.5847, 3.58532]
[4.83702, 4.89454] ; [3.58532, 3.58595]
[4.83785, 4.89553] ; [3.58595, 3.58657]
[4.83868, 4.89651] ; [3.58657, 3.58718]
[4.8395, 4.89749] ; [3.58718, 3.58779]
[4.84032, 4.89846] ; [3.58779, 3.5884]
[4.84113, 4.89943] ; [3.5884, 3.58901]
[4.84194, 4.9004] ; [3.58901, 3.58961]
[4.84275, 4.90136] ; [3.58961, 3.59022]
[4.84355, 4.90232] ; [3.59022, 3.59081]
[4.84434, 4.90327] ; [3.59081, 3.59141]
[4.84513, 4.90422] ; [3.59141, 3.592]
[4.84592, 4.90517] ; [3.592, 3.59259]
[4.8467, 4.90611] ; [3.59259, 3.59317]
[4.84747, 4.90705] ; [3.59317, 3.59376]
[4.84824, 4.90798] ; [3.59376, 3.59434]
[4.849, 4.90891] ; [3.59434, 3.59491]
[4.84976, 4.90984] ; [3.59491, 3.59549]
[4.85052, 4.91076] ; [3.59549, 3.59606]
[4.85127, 4.91168] ; [3.59606, 3.59662]
[4.85201, 4.9126] ; [3.59662, 3.59719]
[4.85275, 4.91351] ; [3.59719, 3.59775]
[4.85349, 4.91441] ; [3.59775, 3.59831]
[4.85422, 4.91532] ; [3.59831, 3.59886]
[4.85494, 4.91622] ; [3.59886, 3.59942]
[4.85566, 4.91711] ; [3.59942, 3.59997]
[4.85638, 4.91801] ; [3.59997, 3.60051]
[4.85709, 4.9189] ; [3.60051, 3.60106]
[4.8578, 4.91978] ; [3.60106, 3.6016]
[4.8585, 4.92066] ; [3.6016, 3.60214]
[4.85919, 4.92154] ; [3.60214, 3.60267]
[4.85989, 4.92242] ; [3.60267, 3.60321]
[4.86057, 4.92329] ; [3.60321, 3.60374]
[4.86126, 4.92416] ; [3.60374, 3.60427]
[4.86194, 4.92502] ; [3.60427, 3.60479]
[4.86261, 4.92588] ; [3.60479, 3.60531]
[4.86328, 4.92674] ; [3.60531, 3.60583]
[4.86394, 4.9276] ; [3.60583, 3.60635]
[4.86461, 4.92845] ; [3.60635, 3.60686]
[4.86526, 4.9293] ; [3.60686, 3.60738]
[4.86591, 4.93014] ; [3.60738, 3.60789]
[4.86656, 4.93098] ; [3.60789, 3.60839]
[4.8672, 4.93182] ; [3.60839, 3.6089]
[4.86784, 4.93266] ; [3.6089, 3.6094]
[4.86848, 4.93349] ; [3.6094, 3.6099]
[4.86911, 4.93432] ; [3.6099, 3.61039]
[4.86973, 4.93515] ; [3.61039, 3.61089]
[4.87035, 4.93597] ; [3.61089, 3.61138]
[4.87097, 4.93679] ; [3.61138, 3.61187]
[4.87159, 4.93761] ; [3.61187, 3.61236]
[4.87219, 4.93842] ; [3.61236, 3.61284]
[4.8728, 4.93923] ; [3.61284, 3.61332]
[4.8734, 4.94004] ; [3.61332, 3.6138]
[4.87399, 4.94085] ; [3.6138, 3.61428]
[4.87458, 4.94165] ; [3.61428, 3.61475]
[4.87516, 4.94244] ; [3.61475, 3.61522]
[4.87574, 4.94324] ; [3.61522, 3.61569]
[4.87632, 4.94403] ; [3.61569, 3.61615]
[4.87689, 4.94481] ; [3.61615, 3.61662]
[4.87746, 4.9456] ; [3.61662, 3.61708]
[4.87802, 4.94638] ; [3.61708, 3.61753]
