[-1.38317, -1.38317] ; [-0.000259165, 0]
[-1.38317, -1.38317] ; [0, 0.000259165]
[-1.38316, -1.38316] ; [0.000259165, 0.000725663]
[-1.38311, -1.38311] ; [0.000725663, 0.0013733]
[-1.38304, -1.38304] ; [0.0013733, 0.00202597]
[-1.38294, -1.38294] ; [0.00202597, 0.00268287]
[-1.38282, -1.38282] ; [0.00268287, 0.00334405]
[-1.38266, -1.38266] ; [0.00334405, 0.00400953]
[-1.38247, -1.38247] ; [0.00400953, 0.00467938]
[-1.38226, -1.38226] ; [0.00467938, 0.00535361]
[-1.38201, -1.38201] ; [0.00535361, 0.00603229]
[-1.38173, -1.38173] ; [0.00603229, 0.00671546]
[-1.38142, -1.38142] ; [0.00671546, 0.00740315]
[-1.38108, -1.38108] ; [0.00740315, 0.00809541]
[-1.3807, -1.3807] ; [0.00809541, 0.00879229]
[-1.38029, -1.38029] ; [0.00879229, 0.00949384]
[-1.37984, -1.37984] ; [0.00949384, 0.0102001]
[-1.37936, -1.37936] ; [0.0102001, 0.0109111]
[-1.37884, -1.37884] ; [0.0109111, 0.0116269]
[-1.37829, -1.37829] ; [0.0116269, 0.0123476]
[-1.37769, -1.37769] ; [0.0123476, 0.0130731]
[-1.37706, -1.37706] ; [0.0130731, 0.0138036]
[-1.37639, -1.37639] ; [0.0138036, 0.0145391]
[-1.37568, -1.37568] ; [0.0145391, 0.0152796]
[-1.37493, -1.37493] ; [0.0152796, 0.0160253]
[-1.37413, -1.37413] ; [0.0160253, 0.016776]
[-1.3733, -1.3733] ; [0.016776, 0.017532]
[-1.37242, -1.37242] ; [0.017532, 0.0182932]
[-1.3715, -1.3715] ; [0.0182932, 0.0190596]
[-1.37053, -1.37053] ; [0.0190596, 0.0198315]
[-1.36951, -1.36951] ; [0.0198315, 0.0206087]
[-1.36845, -1.36845] ; [0.0206087, 0.0213913]
[-1.36734, -1.36734] ; [0.0213913, 0.0221809]
[-1.36617, -1.36617] ; [0.0221809, 0.0229817]
[-1.36494, -1.36494] ; [0.0229817, 0.0237941]
[-1.36365, -1.36365] ; [0.0237941, 0.0246181]
[-1.3623, -1.3623] ; [0.0246181, 0.0254541]
[-1.36088, -1.36088] ; [0.0254541, 0.0263021]
[-1.35939, -1.35939] ; [0.0263021, 0.0271625]
[-1.35783, -1.35783] ; [0.0271625, 0.0280354]
[-1.3562, -1.3562] ; [0.0280354, 0.028921]
[-1.35449, -1.35449] ; [0.028921, 0.0298196]
[-1.3527, -1.3527] ; [0.0298196, 0.0307314]
[-1.35083, -1.35083] ; [0.0307314, 0.0316565]
[-1.34887, -1.34887] ; [0.0316565, 0.0325954]
[-1.34683, -1.34683] ; [0.0325954, 0.0335481]
[-1.3447, -1.3447] ; [0.0335481, 0.034515]
[-1.34247, -1.34247] ; [0.034515, 0.0354963]
[-1.34014, -1.34014] ; [0.0354963, 0.0364923]
[-1.33772, -1.33772] ; [0.0364923, 0.0375032]
[-1.33519, -1.33519] ; [0.0375032, 0.0385293]
[-1.33255, -1.33255] ; [0.0385293, 0.039571]
[-1.3298, -1.3298] ; [0.039571, 0.0406285]
[-1.32693, -1.32693] ; [0.0406285, 0.0417021]
[-1.32394, -1.32394] ; [0.0417021, 0.0427921]
[-1.32083, -1.32083] ; [0.0427921, 0.0438989]
[-1.31758, -1.31758] ; [0.0438989, 0.0450228]
[-1.3142, -1.3142] ; [0.0450228, 0.0461639]
[-1.31069, -1.31069] ; [0.0461639, 0.0473228]
[-1.30703, -1.30703] ; [0.0473228, 0.0484997]
[-1.30322, -1.30322] ; [0.0484997, 0.0496949]
[-1.29926, -1.29926] ; [0.0496949, 0.0509089]
[-1.29513, -1.29513] ; [0.0509089, 0.0521421]
[-1.29084, -1.29084] ; [0.0521421, 0.0533947]
[-1.28638, -1.28638] ; [0.0533947, 0.0546673]
[-1.28174, -1.28174] ; [0.0546673, 0.0559602]
[-1.27691, -1.27691] ; [0.0559602, 0.0572738]
[-1.2719, -1.2719] ; [0.0572738, 0.0586087]
[-1.26668, -1.26668] ; [0.0586087, 0.0599653]
[-1.26126, -1.26126] ; [0.0599653, 0.061344]
[-1.25562, -1.25562] ; [0.061344, 0.0627454]
[-1.24977, -1.24977] ; [0.0627454, 0.06417]
[-1.24368, -1.24368] ; [0.06417, 0.0656184]
[-1.23735, -1.23735] ; [0.0656184, 0.0670911]
[-1.23077, -1.23077] ; [0.0670911, 0.0685889]
[-1.22393, -1.22393] ; [0.0685889, 0.0701124]
[-1.21683, -1.21683] ; [0.0701124, 0.0716622]
[-1.20944, -1.20944] ; [0.0716622, 0.0732393]
[-1.20176, -1.20176] ; [0.0732393, 0.0748444]
[-1.19378, -1.19378] ; [0.0748444, 0.0764785]
[-1.18547, -1.18547] ; [0.0764785, 0.0781427]
[-1.17684, -1.17684] ; [0.0781427, 0.0798378]
[-1.16786, -1.16786] ; [0.0798378, 0.0815637]
[-1.15853, -1.15853] ; [0.0815637, 0.0833217]
[-1.14882, -1.14882] ; [0.0833217, 0.0851131]
[-1.13872, -1.13872] ; [0.0851131, 0.0869395]
[-1.1282, -1.1282] ; [0.0869395, 0.0888027]
[-1.11725, -1.11725] ; [0.0888027, 0.0907047]
[-1.10583, -1.10583] ; [0.0907047, 0.0926481]
[-1.09392, -1.09392] ; [0.0926481, 0.0946358]
[-1.08147, -1.08147] ; [0.0946358, 0.0966715]
[-1.06844, -1.06844] ; [0.0966715, 0.0987596]
[-1.05479, -1.05479] ; [0.0987596, 0.100906]
[-1.04043, -1.04043] ; [0.100906, 0.103116]
[-1.0253, -1.0253] ; [0.103116, 0.105401]
[-1.00928, -1.00928] ; [0.105401, 0.107772]
[-0.992214, -0.992213] ; [0.107772, 0.110246]
[-0.973901, -0.9739] ; [0.110246, 0.112847]
[-0.954013, -0.954013] ; [0.112847, 0.115612]
[-0.932014, -0.932013] ; [0.115612, 0.118605]
[-0.907562, -0.907561] ; [0.118605, 0.121857]
[-0.89506, -0.895058] ; [0.121857, 0.123491]
[-0.872202, -0.872201] ; [0.123491, 0.126433]
[-0.850588, -0.850586] ; [0.126433, 0.129163]
[-0.830214, -0.830212] ; [0.129163, 0.131694]
[-0.810716, -0.810714] ; [0.131694, 0.134079]
[-0.7919, -0.791898] ; [0.134079, 0.13635]
[-0.773632, -0.77363] ; [0.13635, 0.138527]
[-0.755816, -0.755814] ; [0.138527, 0.140626]
[-0.738382, -0.738379] ; [0.140626, 0.142656]
[-0.721274, -0.721272] ; [0.142656, 0.144628]
[-0.70445, -0.704447] ; [0.144628, 0.146549]
[-0.687872, -0.687869] ; [0.146549, 0.148424]
[-0.671512, -0.671509] ; [0.148424, 0.150259]
[-0.655343, -0.655339] ; [0.150259, 0.152057]
[-0.639342, -0.639339] ; [0.152057, 0.153823]
[-0.623491, -0.623487] ; [0.153823, 0.15556]
[-0.60777, -0.607766] ; [0.15556, 0.15727]
[-0.592167, -0.592163] ; [0.15727, 0.158956]
[-0.576688, -0.576684] ; [0.158956, 0.160618]
[-0.561316, -0.561312] ; [0.160618, 0.162259]
[-0.546057, -0.546053] ; [0.162259, 0.163879]
[-0.530897, -0.530893] ; [0.163879, 0.165479]
[-0.515824, -0.515819] ; [0.165479, 0.167062]
[-0.500824, -0.500819] ; [0.167062, 0.16863]
[-0.485886, -0.485881] ; [0.16863, 0.170184]
[-0.470997, -0.470992] ; [0.170184, 0.171726]
[-0.456147, -0.456142] ; [0.171726, 0.173258]
[-0.441324, -0.441319] ; [0.173258, 0.174782]
[-0.426517, -0.426511] ; [0.174782, 0.176298]
[-0.411714, -0.411708] ; [0.176298, 0.177808]
[-0.396903, -0.396897] ; [0.177808, 0.179314]
[-0.382073, -0.382067] ; [0.179314, 0.180818]
[-0.36721, -0.367204] ; [0.180818, 0.182321]
[-0.352303, -0.352297] ; [0.182321, 0.183824]
[-0.337337, -0.337331] ; [0.183824, 0.18533]
[-0.322299, -0.322292] ; [0.18533, 0.186839]
[-0.307172, -0.307165] ; [0.186839, 0.188354]
[-0.291941, -0.291934] ; [0.188354, 0.189877]
[-0.276588, -0.276581] ; [0.189877, 0.191409]
[-0.261093, -0.261086] ; [0.191409, 0.192953]
[-0.245436, -0.245428] ; [0.192953, 0.194511]
[-0.229593, -0.229585] ; [0.194511, 0.196086]
[-0.213538, -0.21353] ; [0.196086, 0.197681]
[-0.197243, -0.197235] ; [0.197681, 0.199298]
[-0.180675, -0.180666] ; [0.199298, 0.200941]
[-0.163797, -0.163788] ; [0.200941, 0.202614]
[-0.146566, -0.146557] ; [0.202614, 0.204323]
[-0.128934, -0.128924] ; [0.204323, 0.206071]
[-0.11085, -0.11084] ; [0.206071, 0.207864]
[-0.0922612, -0.0922504] ; [0.207864, 0.209709]
[-0.0730895, -0.0730781] ; [0.209709, 0.211613]
[-0.0532451, -0.0532332] ; [0.211613, 0.213587]
[-0.0326196, -0.0326071] ; [0.213587, 0.215641]
[-0.0125927, -0.0125796] ; [0.215641, 0.217639]
[0.00641352, 0.00642732] ; [0.217639, 0.21954]
[0.0247453, 0.0247598] ; [0.21954, 0.221376]
[0.0424896, 0.0425047] ; [0.221376, 0.223158]
[0.0597542, 0.0597699] ; [0.223158, 0.224897]
[0.0766159, 0.0766322] ; [0.224897, 0.226599]
[0.0931366, 0.0931535] ; [0.226599, 0.228271]
[0.109366, 0.109384] ; [0.228271, 0.229919]
[0.125347, 0.125365] ; [0.229919, 0.231546]
[0.141112, 0.141131] ; [0.231546, 0.233157]
[0.156691, 0.156711] ; [0.233157, 0.234754]
[0.17211, 0.17213] ; [0.234754, 0.23634]
[0.18739, 0.187411] ; [0.23634, 0.237917]
[0.202549, 0.202571] ; [0.237917, 0.239488]
[0.217599, 0.217622] ; [0.239488, 0.241053]
[0.232553, 0.232576] ; [0.241053, 0.242615]
[0.247423, 0.247447] ; [0.242615, 0.244174]
[0.262221, 0.262246] ; [0.244174, 0.245732]
[0.276957, 0.276982] ; [0.245732, 0.247291]
[0.29164, 0.291666] ; [0.247291, 0.248852]
[0.306278, 0.306305] ; [0.248852, 0.250415]
[0.320878, 0.320906] ; [0.250415, 0.251981]
[0.335446, 0.335475] ; [0.251981, 0.253552]
[0.349988, 0.350017] ; [0.253552, 0.255129]
[0.364509, 0.364539] ; [0.255129, 0.256712]
[0.379012, 0.379043] ; [0.256712, 0.258302]
[0.393502, 0.393534] ; [0.258302, 0.259899]
[0.407981, 0.408014] ; [0.259899, 0.261505]
[0.422452, 0.422486] ; [0.261505, 0.263121]
[0.436917, 0.436952] ; [0.263121, 0.264745]
[0.451378, 0.451413] ; [0.264745, 0.26638]
[0.465834, 0.465871] ; [0.26638, 0.268026]
[0.480288, 0.480325] ; [0.268026, 0.269683]
[0.494738, 0.494777] ; [0.269683, 0.271352]
[0.509186, 0.509225] ; [0.271352, 0.273033]
[0.523629, 0.52367] ; [0.273033, 0.274726]
[0.538067, 0.538109] ; [0.274726, 0.276433]
[0.552499, 0.552541] ; [0.276433, 0.278152]
[0.566922, 0.566965] ; [0.278152, 0.279886]
[0.581334, 0.581379] ; [0.279886, 0.281634]
[0.595734, 0.595779] ; [0.281634, 0.283396]
[0.610117, 0.610164] ; [0.283396, 0.285172]
[0.624481, 0.624529] ; [0.285172, 0.286964]
[0.638823, 0.638872] ; [0.286964, 0.288771]
[0.653139, 0.653189] ; [0.288771, 0.290593]
[0.667424, 0.667475] ; [0.290593, 0.292432]
[0.681676, 0.681728] ; [0.292432, 0.294286]
[0.695889, 0.695942] ; [0.294286, 0.296156]
[0.710058, 0.710113] ; [0.296156, 0.298043]
[0.724181, 0.724237] ; [0.298043, 0.299947]
[0.73825, 0.738307] ; [0.299947, 0.301868]
[0.752262, 0.752321] ; [0.301868, 0.303806]
[0.766212, 0.766272] ; [0.303806, 0.305762]
[0.780094, 0.780155] ; [0.305762, 0.307736]
[0.793904, 0.793966] ; [0.307736, 0.309728]
[0.807636, 0.8077] ; [0.309728, 0.311738]
[0.821285, 0.82135] ; [0.311738, 0.313768]
[0.834847, 0.834913] ; [0.313768, 0.315818]
[0.848317, 0.848384] ; [0.315818, 0.317888]
[0.861689, 0.861758] ; [0.317888, 0.319979]
[0.874956, 0.875026] ; [0.319979, 0.322091]
[0.888081, 0.888153] ; [0.322091, 0.324219]
[0.901063, 0.901136] ; [0.324219, 0.326366]
[0.913897, 0.913971] ; [0.326366, 0.32853]
[0.926579, 0.926655] ; [0.32853, 0.330714]
[0.939108, 0.939185] ; [0.330714, 0.332919]
[0.951479, 0.951558] ; [0.332919, 0.335145]
[0.963691, 0.963771] ; [0.335145, 0.337395]
[0.975741, 0.975823] ; [0.337395, 0.339669]
[0.987627, 0.98771] ; [0.339669, 0.34197]
[0.999347, 0.999432] ; [0.34197, 0.3443]
[1.0109, 1.01099] ; [0.3443, 0.346663]
[1.02229, 1.02238] ; [0.346663, 0.34906]
[1.03351, 1.0336] ; [0.34906, 0.351496]
[1.04457, 1.04466] ; [0.351496, 0.353976]
[1.0552, 1.05529] ; [0.353976, 0.356444]
[1.06528, 1.06537] ; [0.356444, 0.358865]
[1.07483, 1.07493] ; [0.358865, 0.361244]
[1.08388, 1.08398] ; [0.361244, 0.363582]
[1.09245, 1.09255] ; [0.363582, 0.365881]
[1.10056, 1.10066] ; [0.365881, 0.368142]
[1.10823, 1.10833] ; [0.368142, 0.370367]
[1.11548, 1.11559] ; [0.370367, 0.372558]
[1.12233, 1.12244] ; [0.372558, 0.374714]
[1.12879, 1.1289] ; [0.374714, 0.376837]
[1.13487, 1.13498] ; [0.376837, 0.378928]
[1.1406, 1.1407] ; [0.378928, 0.380987]
[1.14597, 1.14608] ; [0.380987, 0.383015]
[1.15101, 1.15112] ; [0.383015, 0.385013]
[1.15573, 1.15584] ; [0.385013, 0.38698]
[1.16014, 1.16025] ; [0.38698, 0.388918]
[1.16425, 1.16436] ; [0.388918, 0.390826]
[1.16806, 1.16818] ; [0.390826, 0.392705]
[1.1716, 1.17172] ; [0.392705, 0.394555]
[1.17487, 1.17499] ; [0.394555, 0.396377]
[1.17789, 1.17801] ; [0.396377, 0.398169]
[1.18065, 1.18077] ; [0.398169, 0.399932]
[1.18318, 1.1833] ; [0.399932, 0.401667]
[1.18548, 1.1856] ; [0.401667, 0.40338]
[1.18759, 1.18772] ; [0.40338, 0.405088]
[1.18951, 1.18964] ; [0.405088, 0.406793]
[1.19124, 1.19137] ; [0.406793, 0.408493]
[1.19279, 1.19291] ; [0.408493, 0.410189]
[1.19414, 1.19427] ; [0.410189, 0.411881]
[1.19531, 1.19544] ; [0.411881, 0.413569]
[1.19629, 1.19642] ; [0.413569, 0.415254]
[1.19709, 1.19722] ; [0.415254, 0.416936]
[1.19771, 1.19784] ; [0.416936, 0.418614]
[1.19815, 1.19828] ; [0.418614, 0.420289]
[1.1984, 1.19854] ; [0.420289, 0.421961]
[1.19848, 1.19861] ; [0.421961, 0.42363]
[1.19838, 1.19851] ; [0.42363, 0.425296]
[1.1981, 1.19824] ; [0.425296, 0.426959]
[1.19764, 1.19778] ; [0.426959, 0.428619]
[1.19701, 1.19715] ; [0.428619, 0.430277]
[1.19621, 1.19635] ; [0.430277, 0.431932]
[1.19523, 1.19537] ; [0.431932, 0.433585]
[1.19408, 1.19422] ; [0.433585, 0.435235]
[1.19275, 1.1929] ; [0.435235, 0.436883]
[1.19126, 1.1914] ; [0.436883, 0.438529]
[1.18959, 1.18974] ; [0.438529, 0.440172]
[1.18776, 1.18791] ; [0.440172, 0.441814]
[1.18575, 1.1859] ; [0.441814, 0.443454]
[1.18358, 1.18373] ; [0.443454, 0.445092]
[1.18125, 1.1814] ; [0.445092, 0.446724]
[1.17876, 1.17891] ; [0.446724, 0.448349]
[1.17608, 1.17623] ; [0.448349, 0.449986]
[1.1732, 1.17335] ; [0.449986, 0.451638]
[1.17012, 1.17028] ; [0.451638, 0.453306]
[1.16684, 1.16699] ; [0.453306, 0.454989]
[1.16334, 1.1635] ; [0.454989, 0.456687]
[1.15963, 1.15979] ; [0.456687, 0.458401]
[1.15571, 1.15586] ; [0.458401, 0.460128]
[1.15156, 1.15172] ; [0.460128, 0.461869]
[1.14719, 1.14735] ; [0.461869, 0.463623]
[1.14259, 1.14275] ; [0.463623, 0.465392]
[1.13776, 1.13792] ; [0.465392, 0.467174]
[1.13269, 1.13285] ; [0.467174, 0.468971]
[1.12737, 1.12754] ; [0.468971, 0.470781]
[1.12181, 1.12198] ; [0.470781, 0.472607]
[1.116, 1.11616] ; [0.472607, 0.474448]
[1.10993, 1.11009] ; [0.474448, 0.476304]
[1.10359, 1.10375] ; [0.476304, 0.478176]
[1.09697, 1.09714] ; [0.478176, 0.480064]
[1.09008, 1.09025] ; [0.480064, 0.48197]
[1.0829, 1.08307] ; [0.48197, 0.483894]
[1.07542, 1.07559] ; [0.483894, 0.485836]
[1.06764, 1.06781] ; [0.485836, 0.487799]
[1.05953, 1.05971] ; [0.487799, 0.489783]
[1.0511, 1.05127] ; [0.489783, 0.49179]
[1.04232, 1.04249] ; [0.49179, 0.493822]
[1.03317, 1.03335] ; [0.493822, 0.49588]
[1.02364, 1.02382] ; [0.49588, 0.497968]
[1.01374, 1.01392] ; [0.497968, 0.500081]
[1.00346, 1.00364] ; [0.500081, 0.502218]
[0.992791, 0.992976] ; [0.502218, 0.504381]
[0.981713, 0.981899] ; [0.504381, 0.506572]
[0.970203, 0.970391] ; [0.506572, 0.508793]
[0.958234, 0.958423] ; [0.508793, 0.511048]
[0.945773, 0.945964] ; [0.511048, 0.513341]
[0.932778, 0.932972] ; [0.513341, 0.515677]
[0.919201, 0.919396] ; [0.515677, 0.518063]
[0.904974, 0.905171] ; [0.518063, 0.520507]
[0.890014, 0.890212] ; [0.520507, 0.52302]
[0.874204, 0.874405] ; [0.52302, 0.525616]
[0.857384, 0.857586] ; [0.525616, 0.528318]
[0.839335, 0.839539] ; [0.528318, 0.531153]
[0.822599, 0.822806] ; [0.531153, 0.533727]
[0.806499, 0.806708] ; [0.533727, 0.536156]
[0.790948, 0.791159] ; [0.536156, 0.538463]
[0.77584, 0.776053] ; [0.538463, 0.540669]
[0.761102, 0.761317] ; [0.540669, 0.542789]
[0.746679, 0.746896] ; [0.542789, 0.544836]
[0.732527, 0.732746] ; [0.544836, 0.546819]
[0.718612, 0.718833] ; [0.546819, 0.548745]
[0.704905, 0.705128] ; [0.548745, 0.550621]
[0.691384, 0.691607] ; [0.550621, 0.552452]
[0.678027, 0.678252] ; [0.552452, 0.554242]
[0.664819, 0.665045] ; [0.554242, 0.555996]
[0.651744, 0.651972] ; [0.555996, 0.557715]
[0.638789, 0.639018] ; [0.557715, 0.559405]
[0.625942, 0.626172] ; [0.559405, 0.561066]
[0.613193, 0.613424] ; [0.561066, 0.562701]
[0.600532, 0.600764] ; [0.562701, 0.564313]
[0.587949, 0.588183] ; [0.564313, 0.565903]
[0.575438, 0.575672] ; [0.565903, 0.567474]
[0.562988, 0.563224] ; [0.567474, 0.569026]
[0.550604, 0.55084] ; [0.569026, 0.57056]
[0.538283, 0.53852] ; [0.57056, 0.572078]
[0.52602, 0.526258] ; [0.572078, 0.57358]
[0.513806, 0.514045] ; [0.57358, 0.575067]
[0.501649, 0.501888] ; [0.575067, 0.57654]
[0.489542, 0.489782] ; [0.57654, 0.577999]
[0.47748, 0.477721] ; [0.577999, 0.579446]
[0.465456, 0.465697] ; [0.579446, 0.580882]
[0.453463, 0.453705] ; [0.580882, 0.582308]
[0.441496, 0.441739] ; [0.582308, 0.583726]
[0.429549, 0.429792] ; [0.583726, 0.585135]
[0.417616, 0.417859] ; [0.585135, 0.586537]
[0.40569, 0.405934] ; [0.586537, 0.587934]
[0.393767, 0.394011] ; [0.587934, 0.589326]
[0.381839, 0.382084] ; [0.589326, 0.590714]
[0.369901, 0.370146] ; [0.590714, 0.592099]
[0.357947, 0.358192] ; [0.592099, 0.593482]
[0.345969, 0.346215] ; [0.593482, 0.594864]
[0.333962, 0.334208] ; [0.594864, 0.596246]
[0.321918, 0.322164] ; [0.596246, 0.597629]
[0.30983, 0.310077] ; [0.597629, 0.599014]
[0.297691, 0.297938] ; [0.599014, 0.600403]
[0.285493, 0.28574] ; [0.600403, 0.601795]
[0.273227, 0.273474] ; [0.601795, 0.603193]
[0.260884, 0.261131] ; [0.603193, 0.604598]
[0.248455, 0.248703] ; [0.604598, 0.606011]
[0.23593, 0.236178] ; [0.606011, 0.607433]
[0.223297, 0.223545] ; [0.607433, 0.608865]
[0.210545, 0.210794] ; [0.608865, 0.61031]
[0.197661, 0.197909] ; [0.61031, 0.611769]
[0.18463, 0.184879] ; [0.611769, 0.613244]
[0.171437, 0.171686] ; [0.613244, 0.614737]
[0.158064, 0.158313] ; [0.614737, 0.61625]
[0.144493, 0.144742] ; [0.61625, 0.617785]
[0.130702, 0.130951] ; [0.617785, 0.619346]
[0.116676, 0.116925] ; [0.619346, 0.620933]
[0.10239, 0.102639] ; [0.620933, 0.622551]
[0.0878117, 0.0880608] ; [0.622551, 0.624204]
[0.0729085, 0.0731576] ; [0.624204, 0.625895]
[0.0576407, 0.0578898] ; [0.625895, 0.62763]
[0.0419625, 0.0422115] ; [0.62763, 0.629414]
[0.0258203, 0.0260693] ; [0.629414, 0.631254]
[0.00915062, 0.00939999] ; [0.631254, 0.633159]
[-0.00745166, -0.00720193] ; [0.633159, 0.63506]
[-0.0232047, -0.0229547] ; [0.63506, 0.636869]
[-0.0384611, -0.0382107] ; [0.636869, 0.638626]
[-0.0532535, -0.0530027] ; [0.638626, 0.640334]
[-0.0676606, -0.0674095] ; [0.640334, 0.642002]
[-0.081734, -0.0814825] ; [0.642002, 0.643637]
[-0.0955175, -0.0952657] ; [0.643637, 0.645243]
[-0.109047, -0.108795] ; [0.645243, 0.646825]
[-0.122351, -0.122099] ; [0.646825, 0.648387]
[-0.135457, -0.135204] ; [0.648387, 0.64993]
[-0.148384, -0.148131] ; [0.64993, 0.651458]
[-0.161152, -0.160898] ; [0.651458, 0.652972]
[-0.173776, -0.173522] ; [0.652972, 0.654476]
[-0.18627, -0.186016] ; [0.654476, 0.65597]
[-0.198648, -0.198392] ; [0.65597, 0.657456]
[-0.210913, -0.210657] ; [0.657456, 0.658936]
[-0.223075, -0.222819] ; [0.658936, 0.660409]
[-0.235144, -0.234887] ; [0.660409, 0.661877]
[-0.247126, -0.246868] ; [0.661877, 0.663342]
[-0.259029, -0.25877] ; [0.663342, 0.664804]
[-0.270858, -0.270599] ; [0.664804, 0.666264]
[-0.28262, -0.28236] ; [0.666264, 0.667723]
[-0.294319, -0.294058] ; [0.667723, 0.669181]
[-0.30596, -0.305699] ; [0.669181, 0.67064]
[-0.317547, -0.317285] ; [0.67064, 0.672101]
[-0.329083, -0.32882] ; [0.672101, 0.673562]
[-0.340573, -0.340309] ; [0.673562, 0.675027]
[-0.352017, -0.351752] ; [0.675027, 0.676494]
[-0.36342, -0.363154] ; [0.676494, 0.677965]
[-0.374783, -0.374517] ; [0.677965, 0.679439]
[-0.386108, -0.385841] ; [0.679439, 0.680919]
[-0.397398, -0.397129] ; [0.680919, 0.682403]
[-0.408653, -0.408383] ; [0.682403, 0.683892]
[-0.419874, -0.419603] ; [0.683892, 0.685387]
[-0.431064, -0.430791] ; [0.685387, 0.686889]
[-0.442221, -0.441948] ; [0.686889, 0.688397]
[-0.453348, -0.453073] ; [0.688397, 0.689912]
[-0.464445, -0.464169] ; [0.689912, 0.691434]
[-0.475511, -0.475233] ; [0.691434, 0.692965]
[-0.486547, -0.486268] ; [0.692965, 0.694503]
[-0.497553, -0.497273] ; [0.694503, 0.69605]
[-0.508529, -0.508247] ; [0.69605, 0.697606]
[-0.519475, -0.519191] ; [0.697606, 0.699171]
[-0.530389, -0.530103] ; [0.699171, 0.700746]
[-0.541271, -0.540984] ; [0.700746, 0.70233]
[-0.552121, -0.551832] ; [0.70233, 0.703925]
[-0.562938, -0.562647] ; [0.703925, 0.705531]
[-0.57372, -0.573427] ; [0.705531, 0.707147]
[-0.584469, -0.584171] ; [0.707147, 0.708775]
[-0.595182, -0.594878] ; [0.708775, 0.710415]
[-0.605857, -0.605547] ; [0.710415, 0.712067]
[-0.616492, -0.616178] ; [0.712067, 0.713731]
[-0.627088, -0.626767] ; [0.713731, 0.715408]
[-0.637641, -0.637315] ; [0.715408, 0.717099]
[-0.648151, -0.647819] ; [0.717099, 0.718803]
[-0.658615, -0.658277] ; [0.718803, 0.720522]
[-0.669033, -0.668689] ; [0.720522, 0.722255]
[-0.679401, -0.679052] ; [0.722255, 0.724003]
[-0.68972, -0.689364] ; [0.724003, 0.725768]
[-0.699986, -0.699624] ; [0.725768, 0.727549]
[-0.710198, -0.70983] ; [0.727549, 0.729346]
[-0.720354, -0.71998] ; [0.729346, 0.731162]
[-0.730452, -0.730071] ; [0.731162, 0.732996]
[-0.74049, -0.740103] ; [0.732996, 0.734849]
[-0.750467, -0.750072] ; [0.734849, 0.736722]
[-0.760379, -0.759978] ; [0.736722, 0.738617]
[-0.770202, -0.769795] ; [0.738617, 0.740529]
[-0.779934, -0.77952] ; [0.740529, 0.742459]
[-0.789573, -0.789152] ; [0.742459, 0.744409]
[-0.799116, -0.798688] ; [0.744409, 0.746379]
[-0.808562, -0.808127] ; [0.746379, 0.748371]
[-0.817907, -0.817465] ; [0.748371, 0.750385]
[-0.827151, -0.826702] ; [0.750385, 0.752424]
[-0.836291, -0.835834] ; [0.752424, 0.754489]
[-0.845324, -0.844861] ; [0.754489, 0.756581]
[-0.854249, -0.853779] ; [0.756581, 0.758704]
[-0.863065, -0.862588] ; [0.758704, 0.760858]
[-0.871769, -0.871285] ; [0.760858, 0.763048]
[-0.880361, -0.879869] ; [0.763048, 0.765275]
[-0.888752, -0.888252] ; [0.765275, 0.767522]
[-0.89671, -0.896202] ; [0.767522, 0.769723]
[-0.904262, -0.903747] ; [0.769723, 0.771884]
[-0.911431, -0.910909] ; [0.771884, 0.774007]
[-0.918235, -0.917707] ; [0.774007, 0.776094]
[-0.924692, -0.924157] ; [0.776094, 0.778146]
[-0.930817, -0.930275] ; [0.778146, 0.780166]
[-0.936624, -0.936075] ; [0.780166, 0.782154]
[-0.942126, -0.941571] ; [0.782154, 0.784112]
[-0.947336, -0.946774] ; [0.784112, 0.786041]
[-0.952263, -0.951696] ; [0.786041, 0.787941]
[-0.95692, -0.956347] ; [0.787941, 0.789814]
[-0.961315, -0.960736] ; [0.789814, 0.791661]
[-0.965459, -0.964874] ; [0.791661, 0.793481]
[-0.969359, -0.968769] ; [0.793481, 0.795275]
[-0.973025, -0.972429] ; [0.795275, 0.797044]
[-0.976464, -0.975862] ; [0.797044, 0.798789]
[-0.979684, -0.979077] ; [0.798789, 0.800509]
[-0.982693, -0.982081] ; [0.800509, 0.802205]
[-0.985497, -0.98488] ; [0.802205, 0.803877]
[-0.988105, -0.987482] ; [0.803877, 0.805526]
[-0.990521, -0.989894] ; [0.805526, 0.807151]
[-0.992754, -0.992122] ; [0.807151, 0.808752]
[-0.99481, -0.994173] ; [0.808752, 0.810331]
[-0.996694, -0.996053] ; [0.810331, 0.811886]
[-0.998415, -0.99777] ; [0.811886, 0.813419]
[-0.999998, -0.999349] ; [0.813419, 0.814951]
[-1.00144, -1.00079] ; [0.814951, 0.81648]
[-1.00275, -1.00209] ; [0.81648, 0.818007]
[-1.00392, -1.00326] ; [0.818007, 0.819531]
[-1.00496, -1.00429] ; [0.819531, 0.821054]
[-1.00585, -1.00519] ; [0.821054, 0.822575]
[-1.00662, -1.00595] ; [0.822575, 0.824095]
[-1.00725, -1.00657] ; [0.824095, 0.825613]
[-1.00774, -1.00706] ; [0.825613, 0.827129]
[-1.0081, -1.00742] ; [0.827129, 0.828644]
[-1.00833, -1.00764] ; [0.828644, 0.830158]
[-1.00843, -1.00773] ; [0.830158, 0.831671]
[-1.00839, -1.00769] ; [0.831671, 0.833183]
[-1.00822, -1.00752] ; [0.833183, 0.834694]
[-1.00791, -1.00721] ; [0.834694, 0.836204]
[-1.00748, -1.00677] ; [0.836204, 0.837713]
[-1.00691, -1.0062] ; [0.837713, 0.839222]
[-1.00621, -1.0055] ; [0.839222, 0.84073]
[-1.00538, -1.00467] ; [0.84073, 0.842238]
[-1.00442, -1.0037] ; [0.842238, 0.843746]
[-1.00333, -1.00261] ; [0.843746, 0.845253]
[-1.00211, -1.00138] ; [0.845253, 0.84676]
[-1.00075, -1.00002] ; [0.84676, 0.848267]
[-0.999266, -0.998537] ; [0.848267, 0.849775]
[-0.99765, -0.996917] ; [0.849775, 0.851282]
[-0.995903, -0.995167] ; [0.851282, 0.85279]
[-0.994025, -0.993286] ; [0.85279, 0.854298]
[-0.992016, -0.991274] ; [0.854298, 0.855806]
[-0.989854, -0.98911] ; [0.855806, 0.85733]
[-0.987532, -0.986784] ; [0.85733, 0.858872]
[-0.985043, -0.984293] ; [0.858872, 0.860433]
[-0.982383, -0.98163] ; [0.860433, 0.862013]
[-0.979548, -0.978792] ; [0.862013, 0.863611]
[-0.976533, -0.975774] ; [0.863611, 0.865227]
[-0.973333, -0.972571] ; [0.865227, 0.866862]
[-0.969943, -0.969179] ; [0.866862, 0.868515]
[-0.966359, -0.965592] ; [0.868515, 0.870187]
[-0.962575, -0.961806] ; [0.870187, 0.871878]
[-0.958588, -0.957817] ; [0.871878, 0.873587]
[-0.954394, -0.95362] ; [0.873587, 0.875314]
[-0.949988, -0.949211] ; [0.875314, 0.877058]
[-0.945366, -0.944587] ; [0.877058, 0.878821]
[-0.940521, -0.93974] ; [0.878821, 0.880601]
[-0.935451, -0.934667] ; [0.880601, 0.8824]
[-0.930148, -0.929362] ; [0.8824, 0.884217]
[-0.924607, -0.923819] ; [0.884217, 0.886053]
[-0.918822, -0.918033] ; [0.886053, 0.887908]
[-0.912788, -0.911996] ; [0.887908, 0.889783]
[-0.906497, -0.905704] ; [0.889783, 0.891677]
[-0.899943, -0.899148] ; [0.891677, 0.893592]
[-0.893118, -0.892322] ; [0.893592, 0.895529]
[-0.886014, -0.885216] ; [0.895529, 0.897487]
[-0.878623, -0.877824] ; [0.897487, 0.899467]
[-0.870935, -0.870135] ; [0.899467, 0.901472]
[-0.862939, -0.862138] ; [0.901472, 0.903501]
[-0.854625, -0.853823] ; [0.903501, 0.905556]
[-0.84598, -0.845177] ; [0.905556, 0.907638]
[-0.836988, -0.836185] ; [0.907638, 0.90975]
[-0.827635, -0.826831] ; [0.90975, 0.911893]
[-0.8179, -0.817096] ; [0.911893, 0.914069]
[-0.807764, -0.806959] ; [0.914069, 0.916282]
[-0.7972, -0.796394] ; [0.916282, 0.918535]
[-0.786178, -0.785372] ; [0.918535, 0.920831]
[-0.774663, -0.773857] ; [0.920831, 0.923176]
[-0.762611, -0.761806] ; [0.923176, 0.925576]
[-0.749969, -0.749163] ; [0.925576, 0.928038]
[-0.736666, -0.735861] ; [0.928038, 0.930572]
[-0.722616, -0.721812] ; [0.930572, 0.933191]
[-0.707696, -0.706893] ; [0.933191, 0.935912]
[-0.691739, -0.690937] ; [0.935912, 0.938759]
[-0.676365, -0.675566] ; [0.938759, 0.941446]
[-0.661355, -0.660557] ; [0.941446, 0.94402]
[-0.646637, -0.645841] ; [0.94402, 0.946501]
[-0.63216, -0.631366] ; [0.946501, 0.948901]
[-0.61792, -0.617127] ; [0.948901, 0.951227]
[-0.603875, -0.603085] ; [0.951227, 0.953489]
[-0.589996, -0.589204] ; [0.953489, 0.955695]
[-0.576254, -0.575462] ; [0.955695, 0.957852]
[-0.56263, -0.561836] ; [0.957852, 0.959966]
[-0.549103, -0.548309] ; [0.959966, 0.962042]
[-0.535661, -0.534867] ; [0.962042, 0.964083]
[-0.522319, -0.521524] ; [0.964083, 0.966088]
[-0.509063, -0.508268] ; [0.966088, 0.968063]
[-0.495878, -0.495083] ; [0.968063, 0.970009]
[-0.482754, -0.48196] ; [0.970009, 0.97193]
[-0.469681, -0.468887] ; [0.97193, 0.973829]
[-0.456648, -0.455855] ; [0.973829, 0.975707]
[-0.443647, -0.442855] ; [0.975707, 0.977567]
[-0.430669, -0.429878] ; [0.977567, 0.979412]
[-0.417706, -0.416916] ; [0.979412, 0.981242]
[-0.40475, -0.403961] ; [0.981242, 0.98306]
[-0.391793, -0.391006] ; [0.98306, 0.984868]
[-0.378828, -0.378043] ; [0.984868, 0.986666]
[-0.365846, -0.365063] ; [0.986666, 0.988458]
[-0.352841, -0.35206] ; [0.988458, 0.990244]
[-0.339804, -0.339025] ; [0.990244, 0.992027]
[-0.326727, -0.325951] ; [0.992027, 0.993806]
[-0.313603, -0.312829] ; [0.993806, 0.995585]
[-0.300422, -0.299651] ; [0.995585, 0.997365]
[-0.287177, -0.286409] ; [0.997365, 0.999147]
[-0.273858, -0.273092] ; [0.999147, 1.00093]
[-0.260455, -0.259693] ; [1.00093, 1.00272]
[-0.246959, -0.246201] ; [1.00272, 1.00452]
[-0.23336, -0.232605] ; [1.00452, 1.00633]
[-0.219645, -0.218894] ; [1.00633, 1.00815]
[-0.205804, -0.205056] ; [1.00815, 1.00998]
[-0.191823, -0.19108] ; [1.00998, 1.01183]
[-0.177689, -0.17695] ; [1.01183, 1.01369]
[-0.163387, -0.162653] ; [1.01369, 1.01558]
[-0.148902, -0.148173] ; [1.01558, 1.01748]
[-0.134217, -0.133492] ; [1.01748, 1.01941]
[-0.119312, -0.118592] ; [1.01941, 1.02137]
[-0.104167, -0.103453] ; [1.02137, 1.02336]
[-0.0887616, -0.0880532] ; [1.02336, 1.02538]
[-0.0730707, -0.0723682] ; [1.02538, 1.02744]
[-0.0570823, -0.0563861] ; [1.02744, 1.02954]
[-0.0407729, -0.0400791] ; [1.02954, 1.03168]
[-0.02411, -0.0234188] ; [1.03168, 1.03388]
[-0.00706147, -0.00637322] ; [1.03388, 1.03612]
[0.009343, 0.0100283] ; [1.03612, 1.03829]
[0.0253149, 0.0259972] ; [1.03829, 1.04041]
[0.0408797, 0.0415589] ; [1.04041, 1.04247]
[0.0561007, 0.0567767] ; [1.04247, 1.0445]
[0.0710198, 0.0716927] ; [1.0445, 1.04649]
[0.0856742, 0.0863438] ; [1.04649, 1.04845]
[0.100094, 0.100761] ; [1.04845, 1.05039]
[0.114306, 0.114969] ; [1.05039, 1.0523]
[0.128332, 0.128992] ; [1.0523, 1.0542]
[0.142191, 0.142848] ; [1.0542, 1.05608]
[0.1559, 0.156553] ; [1.05608, 1.05795]
[0.169474, 0.170123] ; [1.05795, 1.05981]
[0.182924, 0.18357] ; [1.05981, 1.06166]
[0.196257, 0.196899] ; [1.06166, 1.06351]
[0.209476, 0.21012] ; [1.06351, 1.06535]
[0.222593, 0.22324] ; [1.06535, 1.06718]
[0.235615, 0.236264] ; [1.06718, 1.06901]
[0.24855, 0.249201] ; [1.06901, 1.07084]
[0.261404, 0.262056] ; [1.07084, 1.07266]
[0.274181, 0.274835] ; [1.07266, 1.07449]
[0.286886, 0.287542] ; [1.07449, 1.07632]
[0.299524, 0.300182] ; [1.07632, 1.07815]
[0.312098, 0.312758] ; [1.07815, 1.07998]
[0.324612, 0.325273] ; [1.07998, 1.08182]
[0.337067, 0.33773] ; [1.08182, 1.08366]
[0.349466, 0.350131] ; [1.08366, 1.08551]
[0.361811, 0.362478] ; [1.08551, 1.08737]
[0.374104, 0.374772] ; [1.08737, 1.08923]
[0.386345, 0.387014] ; [1.08923, 1.0911]
[0.398534, 0.399205] ; [1.0911, 1.09298]
[0.410673, 0.411346] ; [1.09298, 1.09486]
[0.422762, 0.423436] ; [1.09486, 1.09676]
[0.4348, 0.435475] ; [1.09676, 1.09867]
[0.446786, 0.447463] ; [1.09867, 1.10059]
[0.458721, 0.459399] ; [1.10059, 1.10252]
[0.470604, 0.471283] ; [1.10252, 1.10446]
[0.482433, 0.483113] ; [1.10446, 1.10642]
[0.494206, 0.494888] ; [1.10642, 1.10838]
[0.505924, 0.506607] ; [1.10838, 1.11037]
[0.517584, 0.518267] ; [1.11037, 1.11237]
[0.529183, 0.529868] ; [1.11237, 1.11438]
[0.540722, 0.541407] ; [1.11438, 1.11641]
[0.552196, 0.552883] ; [1.11641, 1.11845]
[0.563605, 0.564293] ; [1.11845, 1.12052]
[0.574946, 0.575634] ; [1.12052, 1.1226]
[0.586217, 0.586906] ; [1.1226, 1.1247]
[0.597415, 0.598105] ; [1.1247, 1.12682]
[0.608539, 0.609229] ; [1.12682, 1.12897]
[0.619585, 0.620276] ; [1.12897, 1.13113]
[0.630552, 0.631243] ; [1.13113, 1.13332]
[0.641437, 0.642129] ; [1.13332, 1.13554]
[0.65223, 0.652938] ; [1.13554, 1.13778]
[0.662937, 0.663662] ; [1.13778, 1.14005]
[0.673556, 0.674298] ; [1.14005, 1.14235]
[0.684085, 0.684844] ; [1.14235, 1.14468]
[0.694523, 0.695299] ; [1.14468, 1.14705]
[0.704866, 0.705666] ; [1.14705, 1.14945]
[0.714876, 0.715699] ; [1.14945, 1.15184]
[0.724455, 0.725301] ; [1.15184, 1.15419]
[0.733623, 0.734491] ; [1.15419, 1.1565]
[0.742396, 0.743286] ; [1.1565, 1.15877]
[0.750784, 0.751696] ; [1.15877, 1.161]
[0.758799, 0.759733] ; [1.161, 1.1632]
[0.766459, 0.767413] ; [1.1632, 1.16536]
[0.773778, 0.774752] ; [1.16536, 1.16749]
[0.780769, 0.781764] ; [1.16749, 1.16959]
[0.787445, 0.788461] ; [1.16959, 1.17165]
[0.793819, 0.794854] ; [1.17165, 1.17368]
[0.799901, 0.800955] ; [1.17368, 1.17569]
[0.805702, 0.806774] ; [1.17569, 1.17767]
[0.81123, 0.812321] ; [1.17767, 1.17962]
[0.816496, 0.817605] ; [1.17962, 1.18154]
[0.821507, 0.822634] ; [1.18154, 1.18344]
[0.826272, 0.827417] ; [1.18344, 1.18531]
[0.830799, 0.831962] ; [1.18531, 1.18716]
[0.835096, 0.836275] ; [1.18716, 1.18898]
[0.839169, 0.840365] ; [1.18898, 1.19078]
[0.843025, 0.844238] ; [1.19078, 1.19256]
[0.846671, 0.847901] ; [1.19256, 1.19431]
[0.850114, 0.851361] ; [1.19431, 1.19604]
[0.85336, 0.854622] ; [1.19604, 1.19775]
[0.856415, 0.857693] ; [1.19775, 1.19943]
[0.859285, 0.860578] ; [1.19943, 1.2011]
[0.861975, 0.863284] ; [1.2011, 1.20274]
[0.864508, 0.865832] ; [1.20274, 1.20437]
[0.866896, 0.868235] ; [1.20437, 1.206]
[0.869141, 0.870494] ; [1.206, 1.20762]
[0.871242, 0.872611] ; [1.20762, 1.20924]
[0.873201, 0.874585] ; [1.20924, 1.21085]
[0.87502, 0.876418] ; [1.21085, 1.21247]
[0.876698, 0.87811] ; [1.21247, 1.21408]
[0.878236, 0.879663] ; [1.21408, 1.21568]
[0.879635, 0.881077] ; [1.21568, 1.21729]
[0.880897, 0.882353] ; [1.21729, 1.21889]
[0.882021, 0.883491] ; [1.21889, 1.22049]
[0.883007, 0.884492] ; [1.22049, 1.22209]
[0.883858, 0.885357] ; [1.22209, 1.22368]
[0.884573, 0.886086] ; [1.22368, 1.22528]
[0.885153, 0.886679] ; [1.22528, 1.22687]
[0.885598, 0.887138] ; [1.22687, 1.22846]
[0.885908, 0.887462] ; [1.22846, 1.23004]
[0.886085, 0.887653] ; [1.23004, 1.23163]
[0.886128, 0.88771] ; [1.23163, 1.23321]
[0.886039, 0.887634] ; [1.23321, 1.2348]
[0.885817, 0.887425] ; [1.2348, 1.23638]
[0.885462, 0.887084] ; [1.23638, 1.23796]
[0.884976, 0.886612] ; [1.23796, 1.23954]
[0.884359, 0.886007] ; [1.23954, 1.24111]
[0.883611, 0.885272] ; [1.24111, 1.24269]
[0.882732, 0.884407] ; [1.24269, 1.24426]
[0.881724, 0.883411] ; [1.24426, 1.24584]
[0.880585, 0.882286] ; [1.24584, 1.24741]
[0.879318, 0.881031] ; [1.24741, 1.24898]
[0.877921, 0.879647] ; [1.24898, 1.25055]
[0.876396, 0.878135] ; [1.25055, 1.25212]
[0.874742, 0.876493] ; [1.25212, 1.25369]
[0.87296, 0.874724] ; [1.25369, 1.25525]
[0.871049, 0.872826] ; [1.25525, 1.25682]
[0.869011, 0.870799] ; [1.25682, 1.25839]
[0.866844, 0.868645] ; [1.25839, 1.25996]
[0.864549, 0.866362] ; [1.25996, 1.26153]
[0.862126, 0.863951] ; [1.26153, 1.2631]
[0.859575, 0.861412] ; [1.2631, 1.26466]
[0.856895, 0.858744] ; [1.26466, 1.26623]
[0.854087, 0.855948] ; [1.26623, 1.26781]
[0.851149, 0.853022] ; [1.26781, 1.26938]
[0.848061, 0.849946] ; [1.26938, 1.27096]
[0.844813, 0.846709] ; [1.27096, 1.27256]
[0.841401, 0.843307] ; [1.27256, 1.27418]
[0.83782, 0.839738] ; [1.27418, 1.27581]
[0.834068, 0.835997] ; [1.27581, 1.27746]
[0.83014, 0.83208] ; [1.27746, 1.27912]
[0.826032, 0.827982] ; [1.27912, 1.2808]
[0.821739, 0.823701] ; [1.2808, 1.2825]
[0.817258, 0.81923] ; [1.2825, 1.28421]
[0.812583, 0.814565] ; [1.28421, 1.28595]
[0.807709, 0.809701] ; [1.28595, 1.2877]
[0.802631, 0.804633] ; [1.2877, 1.28947]
[0.797342, 0.799354] ; [1.28947, 1.29125]
[0.791838, 0.793859] ; [1.29125, 1.29306]
[0.78611, 0.78814] ; [1.29306, 1.29489]
[0.780152, 0.782191] ; [1.29489, 1.29674]
[0.773955, 0.776004] ; [1.29674, 1.29862]
[0.767512, 0.769568] ; [1.29862, 1.30051]
[0.760811, 0.762876] ; [1.30051, 1.30243]
[0.753842, 0.755915] ; [1.30243, 1.30438]
[0.746593, 0.748673] ; [1.30438, 1.30636]
[0.739048, 0.741136] ; [1.30636, 1.30837]
[0.731193, 0.733288] ; [1.30837, 1.31041]
[0.723008, 0.725109] ; [1.31041, 1.31248]
[0.714471, 0.716579] ; [1.31248, 1.3146]
[0.705556, 0.707669] ; [1.3146, 1.31676]
[0.696231, 0.69835] ; [1.31676, 1.31897]
[0.686458, 0.688582] ; [1.31897, 1.32123]
[0.676189, 0.678318] ; [1.32123, 1.32355]
[0.665363, 0.667496] ; [1.32355, 1.32595]
[0.653899, 0.656036] ; [1.32595, 1.32844]
[0.641897, 0.644036] ; [1.32844, 1.33098]
[0.6302, 0.63234] ; [1.33098, 1.33341]
[0.618687, 0.620828] ; [1.33341, 1.33576]
[0.607329, 0.609471] ; [1.33576, 1.33803]
[0.596132, 0.598274] ; [1.33803, 1.34023]
[0.585069, 0.58721] ; [1.34023, 1.34238]
[0.57412, 0.576259] ; [1.34238, 1.34447]
[0.563266, 0.565404] ; [1.34447, 1.34652]
[0.552496, 0.554631] ; [1.34652, 1.34852]
[0.541797, 0.543929] ; [1.34852, 1.35049]
[0.531159, 0.533288] ; [1.35049, 1.35242]
[0.520574, 0.522698] ; [1.35242, 1.35432]
[0.510033, 0.512153] ; [1.35432, 1.35619]
[0.49953, 0.501646] ; [1.35619, 1.35804]
[0.489059, 0.49117] ; [1.35804, 1.35986]
[0.478626, 0.480731] ; [1.35986, 1.36166]
[0.468235, 0.470334] ; [1.36166, 1.36344]
[0.457879, 0.459972] ; [1.36344, 1.3652]
[0.447553, 0.449639] ; [1.3652, 1.36694]
[0.437251, 0.43933] ; [1.36694, 1.36866]
[0.426969, 0.429041] ; [1.36866, 1.37036]
[0.416703, 0.418768] ; [1.37036, 1.37205]
[0.40645, 0.408507] ; [1.37205, 1.37373]
[0.396206, 0.398254] ; [1.37373, 1.3754]
[0.385966, 0.388005] ; [1.3754, 1.37705]
[0.375726, 0.377757] ; [1.37705, 1.3787]
[0.365483, 0.367505] ; [1.3787, 1.38034]
[0.355234, 0.357246] ; [1.38034, 1.38197]
[0.344973, 0.346975] ; [1.38197, 1.38359]
[0.334699, 0.33669] ; [1.38359, 1.38521]
[0.324406, 0.326387] ; [1.38521, 1.38682]
[0.314091, 0.316061] ; [1.38682, 1.38843]
[0.30375, 0.305709] ; [1.38843, 1.39004]
[0.29338, 0.295327] ; [1.39004, 1.39165]
[0.282976, 0.284911] ; [1.39165, 1.39325]
[0.272533, 0.274457] ; [1.39325, 1.39486]
[0.262049, 0.26396] ; [1.39486, 1.39647]
[0.251518, 0.253416] ; [1.39647, 1.39808]
[0.240936, 0.242821] ; [1.39808, 1.39969]
[0.230298, 0.23217] ; [1.39969, 1.40131]
[0.219599, 0.221457] ; [1.40131, 1.40294]
[0.208835, 0.210679] ; [1.40294, 1.40457]
[0.197998, 0.199828] ; [1.40457, 1.4062]
[0.187084, 0.188899] ; [1.4062, 1.40785]
[0.176087, 0.177887] ; [1.40785, 1.40951]
[0.165, 0.166784] ; [1.40951, 1.41118]
[0.153815, 0.155584] ; [1.41118, 1.41286]
[0.142527, 0.144279] ; [1.41286, 1.41455]
[0.131126, 0.132861] ; [1.41455, 1.41626]
[0.119604, 0.121323] ; [1.41626, 1.41799]
[0.107953, 0.109654] ; [1.41799, 1.41974]
[0.0961625, 0.0978458] ; [1.41974, 1.42151]
[0.084222, 0.085887] ; [1.42151, 1.4233]
[0.072127, 0.0737731] ; [1.4233, 1.42511]
[0.0598675, 0.0614943] ; [1.42511, 1.42695]
[0.0474302, 0.0490372] ; [1.42695, 1.42882]
[0.0348013, 0.0363877] ; [1.42882, 1.43072]
[0.0219661, 0.0235314] ; [1.43072, 1.43265]
[0.00890751, 0.010451] ; [1.43265, 1.43462]
[-0.00439335, -0.00287246] ; [1.43462, 1.43664]
[-0.0177768, -0.0162787] ; [1.43664, 1.43866]
[-0.0307011, -0.0292252] ; [1.43866, 1.44063]
[-0.043358, -0.0419042] ; [1.44063, 1.44256]
[-0.0557451, -0.0543131] ; [1.44256, 1.44445]
[-0.0678983, -0.0664878] ; [1.44445, 1.44631]
[-0.0798393, -0.0784503] ; [1.44631, 1.44815]
[-0.091589, -0.0902211] ; [1.44815, 1.44997]
[-0.103164, -0.101818] ; [1.44997, 1.45176]
[-0.114581, -0.113255] ; [1.45176, 1.45354]
[-0.125851, -0.124546] ; [1.45354, 1.4553]
[-0.136986, -0.135702] ; [1.4553, 1.45705]
[-0.147997, -0.146733] ; [1.45705, 1.45878]
[-0.158898, -0.157642] ; [1.45878, 1.46051]
[-0.169692, -0.168443] ; [1.46051, 1.46222]
[-0.180384, -0.179143] ; [1.46222, 1.46393]
[-0.190973, -0.189739] ; [1.46393, 1.46563]
[-0.201468, -0.200234] ; [1.46563, 1.46733]
[-0.21187, -0.210636] ; [1.46733, 1.46901]
[-0.222184, -0.220951] ; [1.46901, 1.4707]
[-0.232415, -0.23118] ; [1.4707, 1.47238]
[-0.242565, -0.24133] ; [1.47238, 1.47405]
[-0.252639, -0.251403] ; [1.47405, 1.47573]
[-0.262637, -0.2614] ; [1.47573, 1.4774]
[-0.272578, -0.271308] ; [1.4774, 1.47907]
[-0.282449, -0.281147] ; [1.47907, 1.48074]
[-0.292251, -0.290916] ; [1.48074, 1.48242]
[-0.301985, -0.300617] ; [1.48242, 1.48409]
[-0.311655, -0.310253] ; [1.48409, 1.48576]
[-0.32126, -0.319825] ; [1.48576, 1.48744]
[-0.330804, -0.329336] ; [1.48744, 1.48911]
[-0.340286, -0.338785] ; [1.48911, 1.49079]
[-0.349709, -0.348174] ; [1.49079, 1.49248]
[-0.359073, -0.357504] ; [1.49248, 1.49416]
[-0.368379, -0.366776] ; [1.49416, 1.49585]
[-0.377627, -0.37599] ; [1.49585, 1.49755]
[-0.386818, -0.385147] ; [1.49755, 1.49925]
[-0.395952, -0.394246] ; [1.49925, 1.50096]
[-0.40503, -0.403289] ; [1.50096, 1.50267]
[-0.41405, -0.412274] ; [1.50267, 1.50439]
[-0.423014, -0.421203] ; [1.50439, 1.50612]
[-0.43192, -0.430075] ; [1.50612, 1.50786]
[-0.44077, -0.438888] ; [1.50786, 1.5096]
[-0.449561, -0.447644] ; [1.5096, 1.51135]
[-0.458294, -0.456341] ; [1.51135, 1.51311]
[-0.466969, -0.464979] ; [1.51311, 1.51488]
[-0.475583, -0.473557] ; [1.51488, 1.51666]
[-0.484137, -0.482074] ; [1.51666, 1.51845]
[-0.492629, -0.49053] ; [1.51845, 1.52025]
[-0.501059, -0.498923] ; [1.52025, 1.52207]
[-0.509425, -0.507252] ; [1.52207, 1.52389]
[-0.517725, -0.515516] ; [1.52389, 1.52573]
[-0.525959, -0.523713] ; [1.52573, 1.52758]
[-0.534125, -0.531843] ; [1.52758, 1.52944]
[-0.542222, -0.539904] ; [1.52944, 1.53132]
[-0.550249, -0.547896] ; [1.53132, 1.53322]
[-0.558204, -0.555815] ; [1.53322, 1.53513]
[-0.566086, -0.563662] ; [1.53513, 1.53706]
[-0.573893, -0.571434] ; [1.53706, 1.539]
[-0.581623, -0.57913] ; [1.539, 1.54096]
[-0.589276, -0.586748] ; [1.54096, 1.54295]
[-0.596849, -0.594287] ; [1.54295, 1.54495]
[-0.604341, -0.601744] ; [1.54495, 1.54698]
[-0.61175, -0.609119] ; [1.54698, 1.54903]
[-0.619074, -0.616409] ; [1.54903, 1.55111]
[-0.626311, -0.623613] ; [1.55111, 1.55321]
[-0.63346, -0.630729] ; [1.55321, 1.55534]
[-0.64052, -0.637755] ; [1.55534, 1.55751]
[-0.647299, -0.644502] ; [1.55751, 1.55965]
[-0.653771, -0.650942] ; [1.55965, 1.56175]
[-0.65995, -0.657092] ; [1.56175, 1.56382]
[-0.66585, -0.662963] ; [1.56382, 1.56585]
[-0.671483, -0.668568] ; [1.56585, 1.56786]
[-0.676859, -0.673918] ; [1.56786, 1.56983]
[-0.68199, -0.679022] ; [1.56983, 1.57177]
[-0.686883, -0.683891] ; [1.57177, 1.57369]
[-0.691549, -0.688532] ; [1.57369, 1.57558]
[-0.695994, -0.692955] ; [1.57558, 1.57745]
[-0.700227, -0.697165] ; [1.57745, 1.57929]
[-0.704255, -0.701171] ; [1.57929, 1.5811]
[-0.708088, -0.704983] ; [1.5811, 1.5829]
[-0.711759, -0.708634] ; [1.5829, 1.58468]
[-0.715271, -0.712126] ; [1.58468, 1.58646]
[-0.718625, -0.715461] ; [1.58646, 1.58823]
[-0.721823, -0.71864] ; [1.58823, 1.59]
[-0.724868, -0.721667] ; [1.59, 1.59176]
[-0.727761, -0.724542] ; [1.59176, 1.59351]
[-0.730504, -0.727268] ; [1.59351, 1.59526]
[-0.733097, -0.729845] ; [1.59526, 1.597]
[-0.735544, -0.732275] ; [1.597, 1.59874]
[-0.737844, -0.734559] ; [1.59874, 1.60047]
[-0.739999, -0.7367] ; [1.60047, 1.6022]
[-0.742011, -0.738696] ; [1.6022, 1.60392]
[-0.743879, -0.740551] ; [1.60392, 1.60564]
[-0.745606, -0.742264] ; [1.60564, 1.60736]
[-0.747192, -0.743837] ; [1.60736, 1.60907]
[-0.748639, -0.74527] ; [1.60907, 1.61078]
[-0.749946, -0.746565] ; [1.61078, 1.61249]
[-0.751114, -0.747722] ; [1.61249, 1.61419]
[-0.752145, -0.748741] ; [1.61419, 1.61589]
[-0.753038, -0.749624] ; [1.61589, 1.61759]
[-0.753795, -0.75037] ; [1.61759, 1.61929]
[-0.754416, -0.750981] ; [1.61929, 1.62099]
[-0.754902, -0.751457] ; [1.62099, 1.62268]
[-0.755252, -0.751798] ; [1.62268, 1.62437]
[-0.755468, -0.752005] ; [1.62437, 1.62606]
[-0.755549, -0.752078] ; [1.62606, 1.62775]
[-0.755496, -0.752017] ; [1.62775, 1.62944]
[-0.75531, -0.751823] ; [1.62944, 1.63113]
[-0.754989, -0.751496] ; [1.63113, 1.63282]
[-0.754536, -0.751036] ; [1.63282, 1.6345]
[-0.75395, -0.750443] ; [1.6345, 1.63619]
[-0.75323, -0.749717] ; [1.63619, 1.63788]
[-0.752377, -0.748859] ; [1.63788, 1.63957]
[-0.751392, -0.747868] ; [1.63957, 1.64125]
[-0.750273, -0.746745] ; [1.64125, 1.64294]
[-0.749022, -0.745488] ; [1.64294, 1.64463]
[-0.747637, -0.7441] ; [1.64463, 1.64632]
[-0.746119, -0.742578] ; [1.64632, 1.64801]
[-0.744468, -0.740923] ; [1.64801, 1.6497]
[-0.742683, -0.739134] ; [1.6497, 1.6514]
[-0.740763, -0.737212] ; [1.6514, 1.65309]
[-0.738709, -0.735156] ; [1.65309, 1.65479]
[-0.736521, -0.732965] ; [1.65479, 1.65649]
[-0.734197, -0.73064] ; [1.65649, 1.65819]
[-0.731736, -0.728179] ; [1.65819, 1.6599]
[-0.72914, -0.725581] ; [1.6599, 1.6616]
[-0.726405, -0.722848] ; [1.6616, 1.66332]
[-0.723533, -0.719976] ; [1.66332, 1.66503]
[-0.720522, -0.716966] ; [1.66503, 1.66675]
[-0.717371, -0.713817] ; [1.66675, 1.66847]
[-0.714081, -0.71053] ; [1.66847, 1.6702]
[-0.710651, -0.707102] ; [1.6702, 1.67193]
[-0.707079, -0.703534] ; [1.67193, 1.67366]
[-0.703366, -0.699825] ; [1.67366, 1.6754]
[-0.699509, -0.695973] ; [1.6754, 1.67715]
[-0.695507, -0.691976] ; [1.67715, 1.6789]
[-0.691359, -0.687834] ; [1.6789, 1.68065]
[-0.687049, -0.68353] ; [1.68065, 1.68242]
[-0.682555, -0.679044] ; [1.68242, 1.68421]
[-0.677874, -0.674371] ; [1.68421, 1.68601]
[-0.673001, -0.669506] ; [1.68601, 1.68784]
[-0.667929, -0.664443] ; [1.68784, 1.68969]
[-0.662653, -0.659178] ; [1.68969, 1.69156]
[-0.657168, -0.653703] ; [1.69156, 1.69345]
[-0.651466, -0.648013] ; [1.69345, 1.69536]
[-0.64554, -0.6421] ; [1.69536, 1.6973]
[-0.639384, -0.635957] ; [1.6973, 1.69926]
[-0.632989, -0.629577] ; [1.69926, 1.70125]
[-0.626346, -0.622949] ; [1.70125, 1.70327]
[-0.619446, -0.616066] ; [1.70327, 1.70532]
[-0.612278, -0.608915] ; [1.70532, 1.70739]
[-0.604831, -0.601486] ; [1.70739, 1.7095]
[-0.597092, -0.593767] ; [1.7095, 1.71164]
[-0.589047, -0.585743] ; [1.71164, 1.71382]
[-0.580681, -0.5774] ; [1.71382, 1.71604]
[-0.571976, -0.568718] ; [1.71604, 1.7183]
[-0.562912, -0.55968] ; [1.7183, 1.7206]
[-0.553469, -0.550263] ; [1.7206, 1.72295]
[-0.54362, -0.540442] ; [1.72295, 1.72535]
[-0.533338, -0.53019] ; [1.72535, 1.72781]
[-0.52259, -0.519474] ; [1.72781, 1.73033]
[-0.511341, -0.508259] ; [1.73033, 1.73292]
[-0.499979, -0.496858] ; [1.73292, 1.73549]
[-0.488762, -0.485603] ; [1.73549, 1.73799]
[-0.477646, -0.474452] ; [1.73799, 1.74042]
[-0.466612, -0.463385] ; [1.74042, 1.7428]
[-0.455644, -0.452386] ; [1.7428, 1.74513]
[-0.444729, -0.441442] ; [1.74513, 1.74742]
[-0.433855, -0.430541] ; [1.74742, 1.74967]
[-0.423015, -0.419673] ; [1.74967, 1.75188]
[-0.412198, -0.408832] ; [1.75188, 1.75407]
[-0.401399, -0.39801] ; [1.75407, 1.75623]
[-0.390611, -0.387199] ; [1.75623, 1.75836]
[-0.379828, -0.376396] ; [1.75836, 1.76047]
[-0.369045, -0.365593] ; [1.76047, 1.76257]
[-0.358258, -0.354786] ; [1.76257, 1.76464]
[-0.34746, -0.343972] ; [1.76464, 1.7667]
[-0.336648, -0.333144] ; [1.7667, 1.76875]
[-0.325819, -0.322299] ; [1.76875, 1.77079]
[-0.314966, -0.311432] ; [1.77079, 1.77281]
[-0.304088, -0.300541] ; [1.77281, 1.77483]
[-0.293179, -0.289619] ; [1.77483, 1.77684]
[-0.282235, -0.278665] ; [1.77684, 1.77884]
[-0.271254, -0.267673] ; [1.77884, 1.78084]
[-0.26023, -0.25664] ; [1.78084, 1.78284]
[-0.24916, -0.245562] ; [1.78284, 1.78483]
[-0.238044, -0.234439] ; [1.78483, 1.78683]
[-0.226878, -0.223267] ; [1.78683, 1.78882]
[-0.215658, -0.212042] ; [1.78882, 1.79082]
[-0.20438, -0.20076] ; [1.79082, 1.79281]
[-0.193041, -0.189418] ; [1.79281, 1.79482]
[-0.181637, -0.178011] ; [1.79482, 1.79682]
[-0.170161, -0.166535] ; [1.79682, 1.79884]
[-0.158611, -0.154984] ; [1.79884, 1.80086]
[-0.146982, -0.143355] ; [1.80086, 1.80289]
[-0.135268, -0.131643] ; [1.80289, 1.80493]
[-0.123465, -0.119843] ; [1.80493, 1.80699]
[-0.111569, -0.10795] ; [1.80699, 1.80906]
[-0.0995728, -0.095959] ; [1.80906, 1.81114]
[-0.0874725, -0.0838644] ; [1.81114, 1.81324]
[-0.0752621, -0.0716609] ; [1.81324, 1.81536]
[-0.0629363, -0.059343] ; [1.81536, 1.81749]
[-0.0504895, -0.0469053] ; [1.81749, 1.81965]
[-0.0379217, -0.0343477] ; [1.81965, 1.82183]
[-0.0252294, -0.0216668] ; [1.82183, 1.82404]
[-0.0124067, -0.00885676] ; [1.82404, 1.82627]
[0.000552672, 0.00408876] ; [1.82627, 1.82852]
[0.0133669, 0.0168882] ; [1.82852, 1.83076]
[0.0259514, 0.029457] ; [1.83076, 1.83296]
[0.0383473, 0.0418365] ; [1.83296, 1.83513]
[0.0505618, 0.0540427] ; [1.83513, 1.83728]
[0.0626145, 0.0660863] ; [1.83728, 1.8394]
[0.0745165, 0.0779784] ; [1.8394, 1.84151]
[0.086279, 0.0897311] ; [1.84151, 1.8436]
[0.0979124, 0.101354] ; [1.8436, 1.84567]
[0.109425, 0.112856] ; [1.84567, 1.84773]
[0.120826, 0.124245] ; [1.84773, 1.84978]
[0.132121, 0.135529] ; [1.84978, 1.85182]
[0.143317, 0.146713] ; [1.85182, 1.85386]
[0.154419, 0.157803] ; [1.85386, 1.85588]
[0.165418, 0.168821] ; [1.85588, 1.8579]
[0.176326, 0.179761] ; [1.8579, 1.85992]
[0.187135, 0.190606] ; [1.85992, 1.86193]
[0.197852, 0.201359] ; [1.86193, 1.86394]
[0.208481, 0.212023] ; [1.86394, 1.86595]
[0.219025, 0.222601] ; [1.86595, 1.86795]
[0.229485, 0.233097] ; [1.86795, 1.86995]
[0.239851, 0.243527] ; [1.86995, 1.87195]
[0.25014, 0.25388] ; [1.87195, 1.87395]
[0.260351, 0.264153] ; [1.87395, 1.87595]
[0.270485, 0.274352] ; [1.87595, 1.87796]
[0.280544, 0.284476] ; [1.87796, 1.87997]
[0.290531, 0.294526] ; [1.87997, 1.88198]
[0.300445, 0.304503] ; [1.88198, 1.88399]
[0.310288, 0.314408] ; [1.88399, 1.88601]
[0.32006, 0.324242] ; [1.88601, 1.88804]
[0.329762, 0.334005] ; [1.88804, 1.89007]
[0.339387, 0.343696] ; [1.89007, 1.89211]
[0.34894, 0.353315] ; [1.89211, 1.89416]
[0.358418, 0.362858] ; [1.89416, 1.89621]
[0.367824, 0.372328] ; [1.89621, 1.89828]
[0.377155, 0.381724] ; [1.89828, 1.90035]
[0.386411, 0.391047] ; [1.90035, 1.90243]
[0.395593, 0.400296] ; [1.90243, 1.90453]
[0.404699, 0.409469] ; [1.90453, 1.90664]
[0.413728, 0.418567] ; [1.90664, 1.90876]
[0.422679, 0.427588] ; [1.90876, 1.91089]
[0.431551, 0.436531] ; [1.91089, 1.91304]
[0.440342, 0.445394] ; [1.91304, 1.91521]
[0.449052, 0.454178] ; [1.91521, 1.91739]
[0.457678, 0.462879] ; [1.91739, 1.91959]
[0.466219, 0.471497] ; [1.91959, 1.92181]
[0.474673, 0.480031] ; [1.92181, 1.92405]
[0.48297, 0.488406] ; [1.92405, 1.92629]
[0.491009, 0.496521] ; [1.92629, 1.92851]
[0.498801, 0.504386] ; [1.92851, 1.9307]
[0.506347, 0.512003] ; [1.9307, 1.93288]
[0.513652, 0.519376] ; [1.93288, 1.93502]
[0.52072, 0.526511] ; [1.93502, 1.93715]
[0.527556, 0.533411] ; [1.93715, 1.93926]
[0.534163, 0.540081] ; [1.93926, 1.94134]
[0.540546, 0.546524] ; [1.94134, 1.9434]
[0.546709, 0.552745] ; [1.9434, 1.94544]
[0.552656, 0.558749] ; [1.94544, 1.94745]
[0.558392, 0.56454] ; [1.94745, 1.94945]
[0.563921, 0.570122] ; [1.94945, 1.95143]
[0.569248, 0.575499] ; [1.95143, 1.95338]
[0.574376, 0.580677] ; [1.95338, 1.95531]
[0.57931, 0.585658] ; [1.95531, 1.95723]
[0.584085, 0.590479] ; [1.95723, 1.95914]
[0.588703, 0.595142] ; [1.95914, 1.96104]
[0.593166, 0.599648] ; [1.96104, 1.96293]
[0.597474, 0.603998] ; [1.96293, 1.96482]
[0.601629, 0.608194] ; [1.96482, 1.9667]
[0.605631, 0.612235] ; [1.9667, 1.96858]
[0.609483, 0.616124] ; [1.96858, 1.97045]
[0.613184, 0.619862] ; [1.97045, 1.97231]
[0.616735, 0.623449] ; [1.97231, 1.97417]
[0.620139, 0.626887] ; [1.97417, 1.97603]
[0.623395, 0.630175] ; [1.97603, 1.97788]
[0.626505, 0.633317] ; [1.97788, 1.97973]
[0.629469, 0.636311] ; [1.97973, 1.98157]
[0.632288, 0.639159] ; [1.98157, 1.9834]
[0.634964, 0.641862] ; [1.9834, 1.98524]
[0.637496, 0.644421] ; [1.98524, 1.98707]
[0.639886, 0.646835] ; [1.98707, 1.98889]
[0.642134, 0.649107] ; [1.98889, 1.99072]
[0.64424, 0.651237] ; [1.99072, 1.99254]
[0.646206, 0.653225] ; [1.99254, 1.99435]
[0.648033, 0.655072] ; [1.99435, 1.99617]
[0.64972, 0.656778] ; [1.99617, 1.99798]
[0.651268, 0.658344] ; [1.99798, 1.99978]
[0.652678, 0.659771] ; [1.99978, 2.00159]
[0.65395, 0.661059] ; [2.00159, 2.00339]
[0.655085, 0.662208] ; [2.00339, 2.00519]
[0.656082, 0.663218] ; [2.00519, 2.00699]
[0.656942, 0.664091] ; [2.00699, 2.00879]
[0.657667, 0.664826] ; [2.00879, 2.01058]
[0.658256, 0.665425] ; [2.01058, 2.01237]
[0.65871, 0.665888] ; [2.01237, 2.01416]
[0.659029, 0.666215] ; [2.01416, 2.01594]
[0.659215, 0.666408] ; [2.01594, 2.01773]
[0.659267, 0.666465] ; [2.01773, 2.01951]
[0.659186, 0.666388] ; [2.01951, 2.02129]
[0.658972, 0.666177] ; [2.02129, 2.02308]
[0.658625, 0.665832] ; [2.02308, 2.02486]
[0.658147, 0.665354] ; [2.02486, 2.02663]
[0.657536, 0.664743] ; [2.02663, 2.02841]
[0.656793, 0.663999] ; [2.02841, 2.03019]
[0.655919, 0.663122] ; [2.03019, 2.03197]
[0.654914, 0.662113] ; [2.03197, 2.03375]
[0.653777, 0.660971] ; [2.03375, 2.03553]
[0.652509, 0.659696] ; [2.03553, 2.0373]
[0.651109, 0.658289] ; [2.0373, 2.03908]
[0.649578, 0.65675] ; [2.03908, 2.04086]
[0.647915, 0.655077] ; [2.04086, 2.04265]
[0.646121, 0.653272] ; [2.04265, 2.04443]
[0.644194, 0.651333] ; [2.04443, 2.04622]
[0.642135, 0.649261] ; [2.04622, 2.048]
[0.639943, 0.647055] ; [2.048, 2.04979]
[0.637617, 0.644715] ; [2.04979, 2.05158]
[0.635158, 0.642239] ; [2.05158, 2.05338]
[0.632565, 0.639628] ; [2.05338, 2.05518]
[0.629836, 0.636881] ; [2.05518, 2.05698]
[0.626971, 0.633996] ; [2.05698, 2.05879]
[0.623969, 0.630973] ; [2.05879, 2.0606]
[0.620829, 0.62781] ; [2.0606, 2.06242]
[0.617549, 0.624508] ; [2.06242, 2.06424]
[0.614129, 0.621063] ; [2.06424, 2.06606]
[0.610567, 0.617475] ; [2.06606, 2.0679]
[0.606861, 0.613742] ; [2.0679, 2.06974]
[0.60301, 0.609862] ; [2.06974, 2.07159]
[0.599011, 0.605833] ; [2.07159, 2.07344]
[0.594863, 0.601653] ; [2.07344, 2.07531]
[0.590562, 0.59732] ; [2.07531, 2.07718]
[0.586106, 0.59283] ; [2.07718, 2.07906]
[0.581492, 0.58818] ; [2.07906, 2.08096]
[0.576716, 0.583368] ; [2.08096, 2.08286]
[0.571776, 0.578389] ; [2.08286, 2.08478]
[0.566666, 0.57324] ; [2.08478, 2.08672]
[0.561383, 0.567915] ; [2.08672, 2.08866]
[0.555921, 0.562409] ; [2.08866, 2.09063]
[0.550274, 0.556717] ; [2.09063, 2.09261]
[0.544436, 0.550833] ; [2.09261, 2.0946]
[0.538372, 0.544721] ; [2.0946, 2.09663]
[0.532067, 0.538365] ; [2.09663, 2.09869]
[0.525509, 0.531754] ; [2.09869, 2.10079]
[0.518683, 0.524873] ; [2.10079, 2.10292]
[0.511575, 0.517706] ; [2.10292, 2.1051]
[0.504166, 0.510237] ; [2.1051, 2.10732]
[0.496438, 0.502444] ; [2.10732, 2.10958]
[0.488365, 0.494305] ; [2.10958, 2.1119]
[0.480277, 0.48615] ; [2.1119, 2.11418]
[0.472194, 0.478] ; [2.11418, 2.11641]
[0.464111, 0.469849] ; [2.11641, 2.11861]
[0.456024, 0.461694] ; [2.11861, 2.12077]
[0.447868, 0.453628] ; [2.12077, 2.12289]
[0.439726, 0.445573] ; [2.12289, 2.12497]
[0.431599, 0.437529] ; [2.12497, 2.12703]
[0.423488, 0.429499] ; [2.12703, 2.12905]
[0.415388, 0.421477] ; [2.12905, 2.13104]
[0.407297, 0.413461] ; [2.13104, 2.13301]
[0.399212, 0.405449] ; [2.13301, 2.13495]
[0.391129, 0.397436] ; [2.13495, 2.13687]
[0.383048, 0.389423] ; [2.13687, 2.13877]
[0.374964, 0.381405] ; [2.13877, 2.14065]
[0.366878, 0.373382] ; [2.14065, 2.14252]
[0.358787, 0.365352] ; [2.14252, 2.14437]
[0.350688, 0.357314] ; [2.14437, 2.1462]
[0.342582, 0.349265] ; [2.1462, 2.14802]
[0.334466, 0.341204] ; [2.14802, 2.14982]
[0.326339, 0.333131] ; [2.14982, 2.15162]
[0.3182, 0.325043] ; [2.15162, 2.1534]
[0.310047, 0.316941] ; [2.1534, 2.15518]
[0.30188, 0.308821] ; [2.15518, 2.15695]
[0.293696, 0.300684] ; [2.15695, 2.1587]
[0.285494, 0.292527] ; [2.1587, 2.16046]
[0.277273, 0.28435] ; [2.16046, 2.1622]
[0.269032, 0.276151] ; [2.1622, 2.16394]
[0.26077, 0.267928] ; [2.16394, 2.16568]
[0.252485, 0.259681] ; [2.16568, 2.16741]
[0.244175, 0.251409] ; [2.16741, 2.16914]
[0.23584, 0.243109] ; [2.16914, 2.17086]
[0.227479, 0.234782] ; [2.17086, 2.17259]
[0.21909, 0.226425] ; [2.17259, 2.17431]
[0.210671, 0.218037] ; [2.17431, 2.17603]
[0.202229, 0.209625] ; [2.17603, 2.17775]
[0.193762, 0.201186] ; [2.17775, 2.17947]
[0.185269, 0.192719] ; [2.17947, 2.18119]
[0.176748, 0.184223] ; [2.18119, 2.18291]
[0.168197, 0.175696] ; [2.18291, 2.18463]
[0.159617, 0.167137] ; [2.18463, 2.18636]
[0.151004, 0.158545] ; [2.18636, 2.18808]
[0.142358, 0.149919] ; [2.18808, 2.18981]
[0.133678, 0.141256] ; [2.18981, 2.19154]
[0.124961, 0.132556] ; [2.19154, 2.19328]
[0.116206, 0.123816] ; [2.19328, 2.19502]
[0.107412, 0.115036] ; [2.19502, 2.19677]
[0.0985773, 0.106213] ; [2.19677, 2.19853]
[0.0896995, 0.0973464] ; [2.19853, 2.20029]
[0.080778, 0.0884347] ; [2.20029, 2.20206]
[0.0718106, 0.0794761] ; [2.20206, 2.20384]
[0.0627957, 0.0704687] ; [2.20384, 2.20563]
[0.0537311, 0.0614104] ; [2.20563, 2.20743]
[0.0446171, 0.0523016] ; [2.20743, 2.20924]
[0.0354537, 0.0431421] ; [2.20924, 2.21106]
[0.0262383, 0.0339293] ; [2.21106, 2.21289]
[0.0169688, 0.0246612] ; [2.21289, 2.21474]
[0.00763102, 0.015347] ; [2.21474, 2.21659]
[-0.00176406, 0.00597378] ; [2.21659, 2.21847]
[-0.0112149, -0.00345685] ; [2.21847, 2.22036]
[-0.0207233, -0.0129464] ; [2.22036, 2.22226]
[-0.0302048, -0.0224108] ; [2.22226, 2.22416]
[-0.0395474, -0.0317383] ; [2.22416, 2.22604]
[-0.0487786, -0.0409563] ; [2.22604, 2.2279]
[-0.0579021, -0.0500683] ; [2.2279, 2.22975]
[-0.0669246, -0.0590809] ; [2.22975, 2.23158]
[-0.0758513, -0.0679996] ; [2.23158, 2.2334]
[-0.0846876, -0.0768294] ; [2.2334, 2.23521]
[-0.0934379, -0.0855748] ; [2.23521, 2.23701]
[-0.102106, -0.09424] ; [2.23701, 2.23879]
[-0.110707, -0.102819] ; [2.23879, 2.24057]
[-0.119232, -0.111326] ; [2.24057, 2.24234]
[-0.127684, -0.11976] ; [2.24234, 2.24411]
[-0.136065, -0.128125] ; [2.24411, 2.24587]
[-0.144379, -0.136424] ; [2.24587, 2.24762]
[-0.152627, -0.144659] ; [2.24762, 2.24937]
[-0.160812, -0.152833] ; [2.24937, 2.25111]
[-0.168933, -0.160943] ; [2.25111, 2.25285]
[-0.176983, -0.168984] ; [2.25285, 2.25459]
[-0.18497, -0.176953] ; [2.25459, 2.25632]
[-0.19289, -0.184855] ; [2.25632, 2.25805]
[-0.200744, -0.192693] ; [2.25805, 2.25978]
[-0.208533, -0.200467] ; [2.25978, 2.2615]
[-0.216258, -0.20818] ; [2.2615, 2.26322]
[-0.223924, -0.215828] ; [2.26322, 2.26494]
[-0.23153, -0.223416] ; [2.26494, 2.26666]
[-0.239075, -0.230944] ; [2.26666, 2.26837]
[-0.246561, -0.238413] ; [2.26837, 2.27009]
[-0.253988, -0.245823] ; [2.27009, 2.27181]
[-0.261356, -0.253174] ; [2.27181, 2.27352]
[-0.268667, -0.260469] ; [2.27352, 2.27524]
[-0.275921, -0.267705] ; [2.27524, 2.27696]
[-0.283117, -0.274885] ; [2.27696, 2.27869]
[-0.290256, -0.282008] ; [2.27869, 2.28041]
[-0.297338, -0.289073] ; [2.28041, 2.28214]
[-0.304363, -0.296082] ; [2.28214, 2.28387]
[-0.31133, -0.303033] ; [2.28387, 2.2856]
[-0.318241, -0.309927] ; [2.2856, 2.28734]
[-0.325094, -0.316764] ; [2.28734, 2.28908]
[-0.331889, -0.323542] ; [2.28908, 2.29083]
[-0.338626, -0.330263] ; [2.29083, 2.29258]
[-0.345304, -0.336924] ; [2.29258, 2.29433]
[-0.351923, -0.343526] ; [2.29433, 2.29609]
[-0.358477, -0.350063] ; [2.29609, 2.29786]
[-0.364966, -0.356534] ; [2.29786, 2.29963]
[-0.371398, -0.36293] ; [2.29963, 2.30141]
[-0.377763, -0.369259] ; [2.30141, 2.30319]
[-0.38406, -0.375517] ; [2.30319, 2.30497]
[-0.390286, -0.381705] ; [2.30497, 2.30677]
[-0.396502, -0.38776] ; [2.30677, 2.30856]
[-0.402647, -0.393742] ; [2.30856, 2.31037]
[-0.408712, -0.399644] ; [2.31037, 2.31217]
[-0.414698, -0.405467] ; [2.31217, 2.31399]
[-0.420606, -0.411208] ; [2.31399, 2.31581]
[-0.426433, -0.416867] ; [2.31581, 2.31763]
[-0.432188, -0.422453] ; [2.31763, 2.31946]
[-0.437885, -0.427979] ; [2.31946, 2.32131]
[-0.443522, -0.433442] ; [2.32131, 2.32317]
[-0.449097, -0.438841] ; [2.32317, 2.32505]
[-0.454609, -0.444174] ; [2.32505, 2.32694]
[-0.460056, -0.449439] ; [2.32694, 2.32886]
[-0.465437, -0.454635] ; [2.32886, 2.33078]
[-0.470748, -0.459758] ; [2.33078, 2.33273]
[-0.475989, -0.464809] ; [2.33273, 2.3347]
[-0.481141, -0.469768] ; [2.3347, 2.33668]
[-0.486147, -0.47458] ; [2.33668, 2.33865]
[-0.491006, -0.479249] ; [2.33865, 2.34062]
[-0.49572, -0.483775] ; [2.34062, 2.34258]
[-0.500288, -0.488159] ; [2.34258, 2.34454]
[-0.504712, -0.492403] ; [2.34454, 2.34648]
[-0.508993, -0.496507] ; [2.34648, 2.34843]
[-0.513132, -0.500472] ; [2.34843, 2.35036]
[-0.51713, -0.5043] ; [2.35036, 2.3523]
[-0.520987, -0.507991] ; [2.3523, 2.35422]
[-0.524706, -0.511546] ; [2.35422, 2.35615]
[-0.528285, -0.514965] ; [2.35615, 2.35806]
[-0.531727, -0.51825] ; [2.35806, 2.35998]
[-0.535031, -0.521401] ; [2.35998, 2.36189]
[-0.538198, -0.524417] ; [2.36189, 2.36379]
[-0.541227, -0.527299] ; [2.36379, 2.36569]
[-0.544119, -0.530048] ; [2.36569, 2.36759]
[-0.546875, -0.532663] ; [2.36759, 2.36948]
[-0.549496, -0.535147] ; [2.36948, 2.37137]
[-0.551983, -0.5375] ; [2.37137, 2.37326]
[-0.554336, -0.539722] ; [2.37326, 2.37514]
[-0.556555, -0.541814] ; [2.37514, 2.37702]
[-0.558642, -0.543777] ; [2.37702, 2.3789]
[-0.560597, -0.54561] ; [2.3789, 2.38077]
[-0.56242, -0.547315] ; [2.38077, 2.38265]
[-0.564112, -0.548892] ; [2.38265, 2.38452]
[-0.565673, -0.550342] ; [2.38452, 2.38639]
[-0.567103, -0.551663] ; [2.38639, 2.38825]
[-0.568403, -0.552858] ; [2.38825, 2.39012]
[-0.569573, -0.553925] ; [2.39012, 2.39198]
[-0.570613, -0.554866] ; [2.39198, 2.39385]
[-0.571523, -0.555681] ; [2.39385, 2.39571]
[-0.572305, -0.556369] ; [2.39571, 2.39757]
[-0.572956, -0.556931] ; [2.39757, 2.39943]
[-0.573479, -0.557367] ; [2.39943, 2.40129]
[-0.573872, -0.557677] ; [2.40129, 2.40316]
[-0.574137, -0.55786] ; [2.40316, 2.40502]
[-0.574272, -0.557918] ; [2.40502, 2.40688]
[-0.574278, -0.55785] ; [2.40688, 2.40874]
[-0.574155, -0.557656] ; [2.40874, 2.41061]
[-0.573903, -0.557336] ; [2.41061, 2.41247]
[-0.573522, -0.55689] ; [2.41247, 2.41434]
[-0.573011, -0.556318] ; [2.41434, 2.41621]
[-0.572372, -0.55562] ; [2.41621, 2.41807]
[-0.571602, -0.554795] ; [2.41807, 2.41994]
[-0.570704, -0.553844] ; [2.41994, 2.42181]
[-0.569675, -0.552767] ; [2.42181, 2.42369]
[-0.568517, -0.551563] ; [2.42369, 2.42556]
[-0.567229, -0.550231] ; [2.42556, 2.42744]
[-0.56581, -0.548772] ; [2.42744, 2.42932]
[-0.564261, -0.547186] ; [2.42932, 2.4312]
[-0.562581, -0.545472] ; [2.4312, 2.43308]
[-0.560769, -0.543629] ; [2.43308, 2.43497]
[-0.558826, -0.541657] ; [2.43497, 2.43686]
[-0.55675, -0.539557] ; [2.43686, 2.43876]
[-0.554541, -0.537326] ; [2.43876, 2.44066]
[-0.552198, -0.534966] ; [2.44066, 2.44256]
[-0.549722, -0.532474] ; [2.44256, 2.44447]
[-0.54711, -0.529852] ; [2.44447, 2.44638]
[-0.544363, -0.527097] ; [2.44638, 2.4483]
[-0.541483, -0.524213] ; [2.4483, 2.45022]
[-0.538469, -0.521199] ; [2.45022, 2.45215]
[-0.535326, -0.518051] ; [2.45215, 2.45408]
[-0.532049, -0.514772] ; [2.45408, 2.45601]
[-0.528639, -0.511362] ; [2.45601, 2.45795]
[-0.525095, -0.507821] ; [2.45795, 2.45989]
[-0.521417, -0.504148] ; [2.45989, 2.46183]
[-0.517605, -0.500344] ; [2.46183, 2.46378]
[-0.513657, -0.496407] ; [2.46378, 2.46573]
[-0.509574, -0.492338] ; [2.46573, 2.46769]
[-0.505356, -0.488136] ; [2.46769, 2.46966]
[-0.501001, -0.4838] ; [2.46966, 2.47163]
[-0.496509, -0.47933] ; [2.47163, 2.47361]
[-0.49188, -0.474725] ; [2.47361, 2.47559]
[-0.487113, -0.469986] ; [2.47559, 2.47758]
[-0.482208, -0.465112] ; [2.47758, 2.47957]
[-0.477165, -0.460101] ; [2.47957, 2.48158]
[-0.471982, -0.454954] ; [2.48158, 2.48359]
[-0.46666, -0.449671] ; [2.48359, 2.4856]
[-0.461198, -0.444251] ; [2.4856, 2.48763]
[-0.455596, -0.438693] ; [2.48763, 2.48966]
[-0.449853, -0.432998] ; [2.48966, 2.4917]
[-0.443969, -0.427164] ; [2.4917, 2.49375]
[-0.437944, -0.421193] ; [2.49375, 2.4958]
[-0.431778, -0.415083] ; [2.4958, 2.49787]
[-0.42547, -0.408835] ; [2.49787, 2.49994]
[-0.419036, -0.402436] ; [2.49994, 2.50202]
[-0.41246, -0.395899] ; [2.50202, 2.50411]
[-0.405749, -0.389228] ; [2.50411, 2.50621]
[-0.398902, -0.382425] ; [2.50621, 2.50832]
[-0.39192, -0.37549] ; [2.50832, 2.51043]
[-0.384821, -0.36844] ; [2.51043, 2.51255]
[-0.377728, -0.361392] ; [2.51255, 2.51463]
[-0.370607, -0.354319] ; [2.51463, 2.5167]
[-0.36346, -0.347221] ; [2.5167, 2.51874]
[-0.356287, -0.340099] ; [2.51874, 2.52076]
[-0.34909, -0.33295] ; [2.52076, 2.52277]
[-0.341868, -0.325777] ; [2.52277, 2.52476]
[-0.33462, -0.31858] ; [2.52476, 2.52674]
[-0.32735, -0.311359] ; [2.52674, 2.5287]
[-0.320248, -0.303921] ; [2.5287, 2.53065]
[-0.313118, -0.296463] ; [2.53065, 2.53259]
[-0.30598, -0.289003] ; [2.53259, 2.53451]
[-0.298829, -0.281538] ; [2.53451, 2.53641]
[-0.291666, -0.274067] ; [2.53641, 2.5383]
[-0.284489, -0.266589] ; [2.5383, 2.54018]
[-0.277326, -0.259076] ; [2.54018, 2.54205]
[-0.270147, -0.251554] ; [2.54205, 2.5439]
[-0.262956, -0.244025] ; [2.5439, 2.54575]
[-0.255752, -0.236491] ; [2.54575, 2.54759]
[-0.248535, -0.228949] ; [2.54759, 2.54941]
[-0.241305, -0.2214] ; [2.54941, 2.55123]
[-0.234062, -0.213843] ; [2.55123, 2.55304]
[-0.226805, -0.20628] ; [2.55304, 2.55484]
[-0.219535, -0.198709] ; [2.55484, 2.55664]
[-0.212253, -0.191131] ; [2.55664, 2.55843]
[-0.204958, -0.183546] ; [2.55843, 2.56021]
[-0.197652, -0.175956] ; [2.56021, 2.56199]
[-0.190345, -0.168371] ; [2.56199, 2.56376]
[-0.183037, -0.160791] ; [2.56376, 2.56552]
[-0.17573, -0.153217] ; [2.56552, 2.56728]
[-0.168422, -0.145649] ; [2.56728, 2.56903]
[-0.161113, -0.138086] ; [2.56903, 2.57077]
[-0.153805, -0.130529] ; [2.57077, 2.57251]
[-0.146497, -0.122977] ; [2.57251, 2.57424]
[-0.13919, -0.115432] ; [2.57424, 2.57597]
[-0.131883, -0.107893] ; [2.57597, 2.57769]
[-0.124577, -0.100359] ; [2.57769, 2.57941]
[-0.117271, -0.0928322] ; [2.57941, 2.58112]
[-0.109966, -0.0853111] ; [2.58112, 2.58284]
[-0.102662, -0.0777961] ; [2.58284, 2.58454]
[-0.0953582, -0.0702871] ; [2.58454, 2.58625]
[-0.0880557, -0.0627843] ; [2.58625, 2.58795]
[-0.080754, -0.0552876] ; [2.58795, 2.58965]
[-0.0734535, -0.0477973] ; [2.58965, 2.59135]
[-0.0661551, -0.0403142] ; [2.59135, 2.59305]
[-0.0588586, -0.0328383] ; [2.59305, 2.59475]
[-0.0515642, -0.0253696] ; [2.59475, 2.59644]
[-0.0442725, -0.0179088] ; [2.59644, 2.59814]
[-0.036984, -0.0104562] ; [2.59814, 2.59983]
[-0.0296986, -0.00301185] ; [2.59983, 2.60153]
[-0.0224165, 0.00442408] ; [2.60153, 2.60322]
[-0.0151379, 0.0118515] ; [2.60322, 2.60491]
[-0.00786285, 0.0192703] ; [2.60491, 2.60661]
[-0.000593461, 0.0266784] ; [2.60661, 2.60831]
[0.00662919, 0.034034] ; [2.60831, 2.60999]
[0.0138092, 0.0413413] ; [2.60999, 2.61167]
[0.0209475, 0.0486014] ; [2.61167, 2.61335]
[0.028045, 0.0558153] ; [2.61335, 2.61501]
[0.0351027, 0.0629841] ; [2.61501, 2.61668]
[0.0421214, 0.0701087] ; [2.61668, 2.61833]
[0.0491019, 0.07719] ; [2.61833, 2.61998]
[0.0560451, 0.0842289] ; [2.61998, 2.62163]
[0.0629516, 0.0912262] ; [2.62163, 2.62327]
[0.069822, 0.0981825] ; [2.62327, 2.62491]
[0.076657, 0.105098] ; [2.62491, 2.62654]
[0.0834574, 0.111975] ; [2.62654, 2.62817]
[0.0902236, 0.118811] ; [2.62817, 2.6298]
[0.0969561, 0.12561] ; [2.6298, 2.63143]
[0.103655, 0.132369] ; [2.63143, 2.63306]
[0.110322, 0.139091] ; [2.63306, 2.63468]
[0.116956, 0.145776] ; [2.63468, 2.63631]
[0.123558, 0.152423] ; [2.63631, 2.63793]
[0.130128, 0.159033] ; [2.63793, 2.63955]
[0.136666, 0.165607] ; [2.63955, 2.64117]
[0.143173, 0.172145] ; [2.64117, 2.6428]
[0.149646, 0.178648] ; [2.6428, 2.64442]
[0.156088, 0.185116] ; [2.64442, 2.64604]
[0.162499, 0.191547] ; [2.64604, 2.64767]
[0.168878, 0.197941] ; [2.64767, 2.64929]
[0.175223, 0.204298] ; [2.64929, 2.65092]
[0.181533, 0.210613] ; [2.65092, 2.65255]
[0.187805, 0.216889] ; [2.65255, 2.65418]
[0.19404, 0.223123] ; [2.65418, 2.65581]
[0.200239, 0.229316] ; [2.65581, 2.65744]
[0.206402, 0.235468] ; [2.65744, 2.65908]
[0.212527, 0.241579] ; [2.65908, 2.66071]
[0.218616, 0.247649] ; [2.66071, 2.66235]
[0.224668, 0.253678] ; [2.66235, 2.66399]
[0.230682, 0.259665] ; [2.66399, 2.66564]
[0.236659, 0.26561] ; [2.66564, 2.66729]
[0.242597, 0.271513] ; [2.66729, 2.66894]
[0.248498, 0.277372] ; [2.66894, 2.6706]
[0.25436, 0.283189] ; [2.6706, 2.67226]
[0.260191, 0.28897] ; [2.67226, 2.67392]
[0.265997, 0.294722] ; [2.67392, 2.6756]
[0.271777, 0.300443] ; [2.6756, 2.67728]
[0.277532, 0.306134] ; [2.67728, 2.67898]
[0.283259, 0.311793] ; [2.67898, 2.68068]
[0.28896, 0.317421] ; [2.68068, 2.6824]
[0.294634, 0.323015] ; [2.6824, 2.68412]
[0.300279, 0.328577] ; [2.68412, 2.68586]
[0.305895, 0.334105] ; [2.68586, 2.68761]
[0.311481, 0.339598] ; [2.68761, 2.68938]
[0.317036, 0.345054] ; [2.68938, 2.69115]
[0.322558, 0.350472] ; [2.69115, 2.69294]
[0.328046, 0.355852] ; [2.69294, 2.69475]
[0.333499, 0.361192] ; [2.69475, 2.69656]
[0.338916, 0.36649] ; [2.69656, 2.6984]
[0.344296, 0.371745] ; [2.6984, 2.70025]
[0.349622, 0.376941] ; [2.70025, 2.70211]
[0.354869, 0.382054] ; [2.70211, 2.70397]
[0.360035, 0.387082] ; [2.70397, 2.70584]
[0.365121, 0.392024] ; [2.70584, 2.70771]
[0.370123, 0.396878] ; [2.70771, 2.70958]
[0.375041, 0.401644] ; [2.70958, 2.71146]
[0.379872, 0.406318] ; [2.71146, 2.71334]
[0.384616, 0.4109] ; [2.71334, 2.71522]
[0.389269, 0.415388] ; [2.71522, 2.71711]
[0.393832, 0.41978] ; [2.71711, 2.719]
[0.3983, 0.424078] ; [2.719, 2.72089]
[0.402671, 0.428278] ; [2.72089, 2.72279]
[0.406894, 0.43243] ; [2.72279, 2.72468]
[0.411018, 0.43648] ; [2.72468, 2.72658]
[0.415041, 0.440424] ; [2.72658, 2.72848]
[0.418963, 0.444262] ; [2.72848, 2.73038]
[0.422778, 0.447996] ; [2.73038, 2.73228]
[0.426259, 0.451852] ; [2.73228, 2.73419]
[0.429634, 0.455598] ; [2.73419, 2.73609]
[0.4329, 0.459231] ; [2.73609, 2.73799]
[0.436054, 0.462752] ; [2.73799, 2.73989]
[0.439097, 0.466159] ; [2.73989, 2.7418]
[0.442029, 0.469452] ; [2.7418, 2.74369]
[0.444847, 0.472629] ; [2.74369, 2.74559]
[0.447528, 0.475711] ; [2.74559, 2.74749]
[0.450067, 0.478705] ; [2.74749, 2.74938]
[0.452492, 0.481579] ; [2.74938, 2.75127]
[0.454805, 0.484334] ; [2.75127, 2.75316]
[0.457004, 0.486968] ; [2.75316, 2.75504]
[0.459091, 0.489483] ; [2.75504, 2.75692]
[0.461066, 0.491879] ; [2.75692, 2.7588]
[0.462928, 0.494155] ; [2.7588, 2.76067]
[0.464679, 0.496312] ; [2.76067, 2.76254]
[0.466318, 0.498351] ; [2.76254, 2.76441]
[0.467846, 0.500272] ; [2.76441, 2.76628]
[0.469264, 0.502074] ; [2.76628, 2.76814]
[0.47057, 0.503758] ; [2.76814, 2.77]
[0.471766, 0.505325] ; [2.77, 2.77186]
[0.472853, 0.506775] ; [2.77186, 2.77372]
[0.473829, 0.508108] ; [2.77372, 2.77557]
[0.474696, 0.509324] ; [2.77557, 2.77742]
[0.475454, 0.510423] ; [2.77742, 2.77927]
[0.476104, 0.511407] ; [2.77927, 2.78112]
[0.476645, 0.512275] ; [2.78112, 2.78297]
[0.477078, 0.513027] ; [2.78297, 2.78481]
[0.477403, 0.513665] ; [2.78481, 2.78665]
[0.477621, 0.514187] ; [2.78665, 2.78849]
[0.477732, 0.514596] ; [2.78849, 2.79033]
[0.477736, 0.51489] ; [2.79033, 2.79217]
[0.477634, 0.515071] ; [2.79217, 2.794]
[0.477426, 0.515138] ; [2.794, 2.79583]
[0.477113, 0.515092] ; [2.79583, 2.79766]
[0.476695, 0.514934] ; [2.79766, 2.79949]
[0.476173, 0.514664] ; [2.79949, 2.80132]
[0.475546, 0.514283] ; [2.80132, 2.80315]
[0.474817, 0.51379] ; [2.80315, 2.80497]
[0.473985, 0.513188] ; [2.80497, 2.80679]
[0.47305, 0.512475] ; [2.80679, 2.80861]
[0.472015, 0.511654] ; [2.80861, 2.81043]
[0.470878, 0.510724] ; [2.81043, 2.81224]
[0.46964, 0.509686] ; [2.81224, 2.81405]
[0.468303, 0.50854] ; [2.81405, 2.81587]
[0.466867, 0.507288] ; [2.81587, 2.81768]
[0.465332, 0.505929] ; [2.81768, 2.81948]
[0.463699, 0.504465] ; [2.81948, 2.82129]
[0.461969, 0.502895] ; [2.82129, 2.8231]
[0.460142, 0.501221] ; [2.8231, 2.8249]
[0.458219, 0.499444] ; [2.8249, 2.8267]
[0.456201, 0.497563] ; [2.8267, 2.8285]
[0.454088, 0.49558] ; [2.8285, 2.8303]
[0.451881, 0.493495] ; [2.8303, 2.8321]
[0.44958, 0.491309] ; [2.8321, 2.8339]
[0.447187, 0.489023] ; [2.8339, 2.83569]
[0.444702, 0.486637] ; [2.83569, 2.83749]
[0.442126, 0.484153] ; [2.83749, 2.83928]
[0.439459, 0.48157] ; [2.83928, 2.84107]
[0.436703, 0.47889] ; [2.84107, 2.84286]
[0.433858, 0.476114] ; [2.84286, 2.84465]
[0.430925, 0.473243] ; [2.84465, 2.84644]
[0.427905, 0.470277] ; [2.84644, 2.84823]
[0.424799, 0.467216] ; [2.84823, 2.85001]
[0.421607, 0.464063] ; [2.85001, 2.8518]
[0.41833, 0.460818] ; [2.8518, 2.85358]
[0.41497, 0.457481] ; [2.85358, 2.85536]
[0.411527, 0.454054] ; [2.85536, 2.85714]
[0.408002, 0.450537] ; [2.85714, 2.85892]
[0.404396, 0.446932] ; [2.85892, 2.8607]
[0.40071, 0.443239] ; [2.8607, 2.86248]
[0.396944, 0.439459] ; [2.86248, 2.86426]
[0.393102, 0.435595] ; [2.86426, 2.86603]
[0.389184, 0.431648] ; [2.86603, 2.8678]
[0.385207, 0.427634] ; [2.8678, 2.86957]
[0.381193, 0.423577] ; [2.86957, 2.87132]
[0.377144, 0.419477] ; [2.87132, 2.87305]
[0.373059, 0.415336] ; [2.87305, 2.87477]
[0.368944, 0.411158] ; [2.87477, 2.87647]
[0.364797, 0.406943] ; [2.87647, 2.87815]
[0.360622, 0.402693] ; [2.87815, 2.87982]
[0.356418, 0.39841] ; [2.87982, 2.88148]
[0.352188, 0.394094] ; [2.88148, 2.88312]
[0.347932, 0.389747] ; [2.88312, 2.88475]
[0.343651, 0.38537] ; [2.88475, 2.88637]
[0.339346, 0.380964] ; [2.88637, 2.88797]
[0.335018, 0.376531] ; [2.88797, 2.88957]
[0.330669, 0.372071] ; [2.88957, 2.89115]
[0.326299, 0.367586] ; [2.89115, 2.89272]
[0.321908, 0.363076] ; [2.89272, 2.89428]
[0.317504, 0.358549] ; [2.89428, 2.89583]
[0.313086, 0.354004] ; [2.89583, 2.89736]
[0.308656, 0.349442] ; [2.89736, 2.89889]
[0.304212, 0.344865] ; [2.89889, 2.9004]
[0.299741, 0.340286] ; [2.9004, 2.9019]
[0.295255, 0.335695] ; [2.9019, 2.9034]
[0.290755, 0.331091] ; [2.9034, 2.90488]
[0.286143, 0.326573] ; [2.90488, 2.90636]
[0.281517, 0.322044] ; [2.90636, 2.90782]
[0.276886, 0.317503] ; [2.90782, 2.90928]
[0.272248, 0.312948] ; [2.90928, 2.91072]
[0.267603, 0.308381] ; [2.91072, 2.91216]
[0.262951, 0.303802] ; [2.91216, 2.91359]
[0.258293, 0.29921] ; [2.91359, 2.91502]
[0.253627, 0.294605] ; [2.91502, 2.91643]
[0.248954, 0.289987] ; [2.91643, 2.91784]
[0.244273, 0.285357] ; [2.91784, 2.91925]
[0.239586, 0.280714] ; [2.91925, 2.92064]
[0.23489, 0.276058] ; [2.92064, 2.92203]
[0.230188, 0.27139] ; [2.92203, 2.92342]
[0.225477, 0.266708] ; [2.92342, 2.9248]
[0.220759, 0.262014] ; [2.9248, 2.92618]
[0.216034, 0.25731] ; [2.92618, 2.92755]
[0.211301, 0.252595] ; [2.92755, 2.92891]
[0.206561, 0.247874] ; [2.92891, 2.93027]
[0.201815, 0.243145] ; [2.93027, 2.93163]
[0.197063, 0.238407] ; [2.93163, 2.93298]
[0.192307, 0.233659] ; [2.93298, 2.93433]
[0.187546, 0.228902] ; [2.93433, 2.93567]
[0.182773, 0.224145] ; [2.93567, 2.93701]
[0.177995, 0.219382] ; [2.93701, 2.93835]
[0.173213, 0.214614] ; [2.93835, 2.93968]
[0.168425, 0.20984] ; [2.93968, 2.94101]
[0.163633, 0.205062] ; [2.94101, 2.94233]
[0.158837, 0.200279] ; [2.94233, 2.94365]
[0.154036, 0.195492] ; [2.94365, 2.94497]
[0.14923, 0.1907] ; [2.94497, 2.94628]
[0.14442, 0.185903] ; [2.94628, 2.94759]
[0.139426, 0.181283] ; [2.94759, 2.9489]
[0.134428, 0.176657] ; [2.9489, 2.95021]
[0.129432, 0.172032] ; [2.95021, 2.95151]
[0.124437, 0.167407] ; [2.95151, 2.95281]
[0.119444, 0.162782] ; [2.95281, 2.95411]
[0.114361, 0.158248] ; [2.95411, 2.9554]
[0.109281, 0.153714] ; [2.9554, 2.95669]
[0.10421, 0.149183] ; [2.95669, 2.95798]
[0.0991519, 0.144658] ; [2.95798, 2.95926]
[0.094104, 0.140136] ; [2.95926, 2.96053]
[0.0890657, 0.135617] ; [2.96053, 2.96181]
[0.0840359, 0.1311] ; [2.96181, 2.96308]
[0.0790137, 0.126584] ; [2.96308, 2.96434]
[0.0739984, 0.122069] ; [2.96434, 2.96561]
[0.0689891, 0.117555] ; [2.96561, 2.96687]
[0.0639866, 0.11304] ; [2.96687, 2.96813]
[0.0589914, 0.108527] ; [2.96813, 2.96938]
[0.054004, 0.104015] ; [2.96938, 2.97064]
[0.0490249, 0.0995054] ; [2.97064, 2.97189]
[0.0440545, 0.0949979] ; [2.97189, 2.97314]
[0.0390932, 0.0904932] ; [2.97314, 2.97439]
[0.0341413, 0.0859914] ; [2.97439, 2.97564]
[0.0291989, 0.0814928] ; [2.97564, 2.97688]
[0.0242665, 0.0769978] ; [2.97688, 2.97813]
[0.0193441, 0.0725064] ; [2.97813, 2.97937]
[0.0144319, 0.0680188] ; [2.97937, 2.9806]
[0.00953036, 0.0635354] ; [2.9806, 2.98184]
[0.00463956, 0.0590564] ; [2.98184, 2.98308]
[-0.000240364, 0.0545818] ; [2.98308, 2.98431]
[-0.00510893, 0.0501122] ; [2.98431, 2.98554]
[-0.00996598, 0.0456477] ; [2.98554, 2.98678]
[-0.0148115, 0.0411884] ; [2.98678, 2.98801]
[-0.0196454, 0.0367343] ; [2.98801, 2.98923]
[-0.0244677, 0.0322854] ; [2.98923, 2.99046]
[-0.0292785, 0.0278418] ; [2.99046, 2.99169]
[-0.0340777, 0.0234033] ; [2.99169, 2.99291]
[-0.0388631, 0.0189723] ; [2.99291, 2.99414]
[-0.0436334, 0.0145499] ; [2.99414, 2.99536]
[-0.0483885, 0.0101361] ; [2.99536, 2.99658]
[-0.0531286, 0.00573097] ; [2.99658, 2.9978]
[-0.05785, 0.00133787] ; [2.9978, 2.99902]
[-0.0625481, -0.00303885] ; [2.99902, 3.00024]
[-0.0672234, -0.00739954] ; [3.00024, 3.00145]
[-0.0718761, -0.0117444] ; [3.00145, 3.00266]
[-0.0765067, -0.0160738] ; [3.00266, 3.00386]
[-0.0811152, -0.0203878] ; [3.00386, 3.00507]
[-0.0857021, -0.0246866] ; [3.00507, 3.00627]
[-0.0902675, -0.0289704] ; [3.00627, 3.00747]
[-0.0948118, -0.0332395] ; [3.00747, 3.00867]
[-0.0993352, -0.0374939] ; [3.00867, 3.00986]
[-0.103838, -0.0417339] ; [3.00986, 3.01106]
[-0.10832, -0.0459597] ; [3.01106, 3.01225]
[-0.112782, -0.0501713] ; [3.01225, 3.01344]
[-0.117224, -0.0543691] ; [3.01344, 3.01463]
[-0.121647, -0.0585531] ; [3.01463, 3.01582]
[-0.12605, -0.0627236] ; [3.01582, 3.01701]
[-0.130433, -0.0668806] ; [3.01701, 3.01819]
[-0.134797, -0.0710243] ; [3.01819, 3.01938]
[-0.139142, -0.0751549] ; [3.01938, 3.02057]
[-0.143469, -0.0792724] ; [3.02057, 3.02175]
[-0.147777, -0.0833771] ; [3.02175, 3.02294]
[-0.152066, -0.0874689] ; [3.02294, 3.02412]
[-0.156336, -0.0915481] ; [3.02412, 3.02531]
[-0.160589, -0.0956147] ; [3.02531, 3.0265]
[-0.164823, -0.0996688] ; [3.0265, 3.02768]
[-0.169039, -0.10371] ; [3.02768, 3.02887]
[-0.173237, -0.10774] ; [3.02887, 3.03006]
[-0.177417, -0.111757] ; [3.03006, 3.03124]
[-0.181577, -0.11576] ; [3.03124, 3.03243]
[-0.185715, -0.119746] ; [3.03243, 3.03362]
[-0.18983, -0.123715] ; [3.03362, 3.03481]
[-0.193922, -0.127668] ; [3.03481, 3.036]
[-0.197993, -0.131604] ; [3.036, 3.03719]
[-0.202041, -0.135523] ; [3.03719, 3.03837]
[-0.206067, -0.139426] ; [3.03837, 3.03956]
[-0.210071, -0.143313] ; [3.03956, 3.04075]
[-0.214053, -0.147183] ; [3.04075, 3.04194]
[-0.218013, -0.151038] ; [3.04194, 3.04313]
[-0.221952, -0.154876] ; [3.04313, 3.04432]
[-0.225869, -0.158697] ; [3.04432, 3.04551]
[-0.229764, -0.162503] ; [3.04551, 3.04671]
[-0.233638, -0.166292] ; [3.04671, 3.0479]
[-0.23749, -0.170066] ; [3.0479, 3.0491]
[-0.24132, -0.173823] ; [3.0491, 3.05029]
[-0.245129, -0.177564] ; [3.05029, 3.05149]
[-0.248916, -0.181289] ; [3.05149, 3.05269]
[-0.252682, -0.184997] ; [3.05269, 3.0539]
[-0.256425, -0.188689] ; [3.0539, 3.0551]
[-0.260147, -0.192365] ; [3.0551, 3.05631]
[-0.263847, -0.196025] ; [3.05631, 3.05752]
[-0.267525, -0.199668] ; [3.05752, 3.05873]
[-0.271181, -0.203294] ; [3.05873, 3.05994]
[-0.274815, -0.206904] ; [3.05994, 3.06116]
[-0.278426, -0.210496] ; [3.06116, 3.06238]
[-0.282015, -0.214072] ; [3.06238, 3.0636]
[-0.285581, -0.217631] ; [3.0636, 3.06483]
[-0.289125, -0.221172] ; [3.06483, 3.06605]
[-0.292645, -0.224696] ; [3.06605, 3.06729]
[-0.296142, -0.228202] ; [3.06729, 3.06852]
[-0.299616, -0.23169] ; [3.06852, 3.06976]
[-0.303066, -0.23516] ; [3.06976, 3.071]
[-0.306492, -0.238613] ; [3.071, 3.07225]
[-0.309894, -0.242046] ; [3.07225, 3.0735]
[-0.313272, -0.245461] ; [3.0735, 3.07475]
[-0.316625, -0.248857] ; [3.07475, 3.07601]
[-0.319953, -0.252234] ; [3.07601, 3.07727]
[-0.323255, -0.255591] ; [3.07727, 3.07854]
[-0.326532, -0.258928] ; [3.07854, 3.07981]
[-0.329783, -0.262245] ; [3.07981, 3.08108]
[-0.333007, -0.265542] ; [3.08108, 3.08237]
[-0.336205, -0.268818] ; [3.08237, 3.08365]
[-0.339375, -0.272073] ; [3.08365, 3.08494]
[-0.342518, -0.275307] ; [3.08494, 3.08624]
[-0.345633, -0.278518] ; [3.08624, 3.08754]
[-0.348719, -0.281708] ; [3.08754, 3.08885]
[-0.351776, -0.284874] ; [3.08885, 3.09016]
[-0.354804, -0.288018] ; [3.09016, 3.09148]
[-0.357801, -0.291137] ; [3.09148, 3.0928]
[-0.360769, -0.294233] ; [3.0928, 3.09413]
[-0.363705, -0.297304] ; [3.09413, 3.09547]
[-0.366609, -0.300351] ; [3.09547, 3.09681]
[-0.369481, -0.303371] ; [3.09681, 3.09817]
[-0.372321, -0.306366] ; [3.09817, 3.09952]
[-0.375127, -0.309333] ; [3.09952, 3.10089]
[-0.377898, -0.312274] ; [3.10089, 3.10226]
[-0.380635, -0.315186] ; [3.10226, 3.10364]
[-0.383336, -0.31807] ; [3.10364, 3.10502]
[-0.386, -0.320924] ; [3.10502, 3.10642]
[-0.388628, -0.323748] ; [3.10642, 3.10782]
[-0.391217, -0.326542] ; [3.10782, 3.10923]
[-0.393767, -0.329303] ; [3.10923, 3.11064]
[-0.396277, -0.332032] ; [3.11064, 3.11207]
[-0.398746, -0.334728] ; [3.11207, 3.1135]
[-0.401173, -0.337389] ; [3.1135, 3.11494]
[-0.403556, -0.340013] ; [3.11494, 3.11639]
[-0.405894, -0.3426] ; [3.11639, 3.11785]
[-0.408186, -0.345149] ; [3.11785, 3.11932]
[-0.41043, -0.347658] ; [3.11932, 3.12079]
[-0.412627, -0.350126] ; [3.12079, 3.12228]
[-0.414774, -0.352553] ; [3.12228, 3.12377]
[-0.41687, -0.354937] ; [3.12377, 3.12527]
[-0.418915, -0.357276] ; [3.12527, 3.12677]
[-0.420906, -0.359571] ; [3.12677, 3.12829]
[-0.422843, -0.361819] ; [3.12829, 3.12982]
[-0.424725, -0.36402] ; [3.12982, 3.13135]
[-0.426551, -0.366172] ; [3.13135, 3.13289]
[-0.428318, -0.368274] ; [3.13289, 3.13445]
[-0.43054, -0.369811] ; [3.13445, 3.13601]
[-0.432706, -0.371292] ; [3.13601, 3.13758]
[-0.434803, -0.37271] ; [3.13758, 3.13915]
[-0.436833, -0.374064] ; [3.13915, 3.14072]
[-0.438795, -0.375354] ; [3.14072, 3.1423]
[-0.440688, -0.376579] ; [3.1423, 3.14388]
[-0.442508, -0.377738] ; [3.14388, 3.14546]
[-0.444276, -0.378806] ; [3.14546, 3.14704]
[-0.445971, -0.379807] ; [3.14704, 3.14861]
[-0.447606, -0.380725] ; [3.14861, 3.15019]
[-0.449176, -0.381569] ; [3.15019, 3.15176]
[-0.450679, -0.382337] ; [3.15176, 3.15333]
[-0.452115, -0.383031] ; [3.15333, 3.1549]
[-0.453486, -0.38365] ; [3.1549, 3.15647]
[-0.45479, -0.384195] ; [3.15647, 3.15803]
[-0.456019, -0.384675] ; [3.15803, 3.1596]
[-0.457172, -0.38509] ; [3.1596, 3.16116]
[-0.458254, -0.385436] ; [3.16116, 3.16272]
[-0.459261, -0.385718] ; [3.16272, 3.16427]
[-0.460193, -0.385937] ; [3.16427, 3.16583]
[-0.461055, -0.386087] ; [3.16583, 3.16738]
[-0.461843, -0.386174] ; [3.16738, 3.16894]
[-0.462557, -0.386197] ; [3.16894, 3.17049]
[-0.463202, -0.386154] ; [3.17049, 3.17204]
[-0.463773, -0.386047] ; [3.17204, 3.17359]
[-0.464273, -0.385875] ; [3.17359, 3.17514]
[-0.464702, -0.385639] ; [3.17514, 3.17668]
[-0.465059, -0.385339] ; [3.17668, 3.17823]
[-0.465344, -0.384976] ; [3.17823, 3.17978]
[-0.465558, -0.384549] ; [3.17978, 3.18132]
[-0.465701, -0.38406] ; [3.18132, 3.18286]
[-0.465773, -0.383508] ; [3.18286, 3.1844]
[-0.465775, -0.382894] ; [3.1844, 3.18594]
[-0.465706, -0.382218] ; [3.18594, 3.18748]
[-0.465567, -0.38148] ; [3.18748, 3.18901]
[-0.465358, -0.380682] ; [3.18901, 3.19055]
[-0.46508, -0.379823] ; [3.19055, 3.19208]
[-0.464733, -0.378903] ; [3.19208, 3.19361]
[-0.464317, -0.377923] ; [3.19361, 3.19514]
[-0.463834, -0.376883] ; [3.19514, 3.19667]
[-0.463282, -0.375785] ; [3.19667, 3.19819]
[-0.462663, -0.374627] ; [3.19819, 3.19972]
[-0.461977, -0.373411] ; [3.19972, 3.20124]
[-0.461224, -0.372137] ; [3.20124, 3.20276]
[-0.460405, -0.370805] ; [3.20276, 3.20428]
[-0.45952, -0.369416] ; [3.20428, 3.20579]
[-0.458571, -0.367971] ; [3.20579, 3.20731]
[-0.457556, -0.366469] ; [3.20731, 3.20882]
[-0.456477, -0.364912] ; [3.20882, 3.21033]
[-0.455335, -0.363299] ; [3.21033, 3.21184]
[-0.454129, -0.361632] ; [3.21184, 3.21335]
[-0.452861, -0.359911] ; [3.21335, 3.21485]
[-0.451531, -0.358137] ; [3.21485, 3.21635]
[-0.450139, -0.35631] ; [3.21635, 3.21785]
[-0.448686, -0.35443] ; [3.21785, 3.21935]
[-0.447172, -0.352499] ; [3.21935, 3.22085]
[-0.445599, -0.350517] ; [3.22085, 3.22234]
[-0.44397, -0.348488] ; [3.22234, 3.22383]
[-0.442284, -0.346412] ; [3.22383, 3.22531]
[-0.440544, -0.344291] ; [3.22531, 3.22679]
[-0.43875, -0.342125] ; [3.22679, 3.22827]
[-0.436903, -0.339917] ; [3.22827, 3.22974]
[-0.435004, -0.337665] ; [3.22974, 3.2312]
[-0.433054, -0.335372] ; [3.2312, 3.23266]
[-0.431054, -0.333038] ; [3.23266, 3.23412]
[-0.429005, -0.330664] ; [3.23412, 3.23557]
[-0.426908, -0.32825] ; [3.23557, 3.23701]
[-0.424763, -0.325798] ; [3.23701, 3.23845]
[-0.422572, -0.323309] ; [3.23845, 3.23988]
[-0.420336, -0.320782] ; [3.23988, 3.24131]
[-0.418055, -0.31822] ; [3.24131, 3.24274]
[-0.41573, -0.315622] ; [3.24274, 3.24416]
[-0.413362, -0.31299] ; [3.24416, 3.24558]
[-0.410953, -0.310325] ; [3.24558, 3.24699]
[-0.408502, -0.307627] ; [3.24699, 3.24839]
[-0.406011, -0.304896] ; [3.24839, 3.24979]
[-0.403481, -0.302135] ; [3.24979, 3.25119]
[-0.400912, -0.299343] ; [3.25119, 3.25258]
[-0.398305, -0.296521] ; [3.25258, 3.25396]
[-0.395662, -0.29367] ; [3.25396, 3.25534]
[-0.392983, -0.290791] ; [3.25534, 3.25672]
[-0.390359, -0.287794] ; [3.25672, 3.25809]
[-0.387702, -0.284775] ; [3.25809, 3.25946]
[-0.385016, -0.281733] ; [3.25946, 3.26082]
[-0.382299, -0.278672] ; [3.26082, 3.26217]
[-0.379554, -0.275589] ; [3.26217, 3.26352]
[-0.376779, -0.272489] ; [3.26352, 3.26485]
[-0.373978, -0.269368] ; [3.26485, 3.26619]
[-0.371151, -0.266229] ; [3.26619, 3.26752]
[-0.368298, -0.263073] ; [3.26752, 3.26884]
[-0.36542, -0.2599] ; [3.26884, 3.27015]
[-0.362518, -0.256711] ; [3.27015, 3.27146]
[-0.359606, -0.253491] ; [3.27146, 3.27277]
[-0.35667, -0.250257] ; [3.27277, 3.27407]
[-0.353713, -0.247008] ; [3.27407, 3.27536]
[-0.350732, -0.243746] ; [3.27536, 3.27665]
[-0.347732, -0.240469] ; [3.27665, 3.27793]
[-0.34471, -0.23718] ; [3.27793, 3.2792]
[-0.341669, -0.233877] ; [3.2792, 3.28047]
[-0.338607, -0.230563] ; [3.28047, 3.28174]
[-0.335527, -0.227238] ; [3.28174, 3.283]
[-0.332439, -0.223889] ; [3.283, 3.28426]
[-0.329331, -0.220532] ; [3.28426, 3.28551]
[-0.326207, -0.217163] ; [3.28551, 3.28676]
[-0.323066, -0.213784] ; [3.28676, 3.288]
[-0.319907, -0.210396] ; [3.288, 3.28923]
[-0.316733, -0.206999] ; [3.28923, 3.29047]
[-0.313542, -0.203592] ; [3.29047, 3.2917]
[-0.310344, -0.200169] ; [3.2917, 3.29292]
[-0.307132, -0.196737] ; [3.29292, 3.29414]
[-0.303906, -0.193296] ; [3.29414, 3.29535]
[-0.300667, -0.189846] ; [3.29535, 3.29657]
[-0.297415, -0.186388] ; [3.29657, 3.29777]
[-0.29415, -0.182922] ; [3.29777, 3.29898]
[-0.290873, -0.179448] ; [3.29898, 3.30018]
[-0.287582, -0.175969] ; [3.30018, 3.30137]
[-0.284279, -0.172483] ; [3.30137, 3.30257]
[-0.280963, -0.168991] ; [3.30257, 3.30375]
[-0.277641, -0.165489] ; [3.30375, 3.30494]
[-0.274307, -0.16198] ; [3.30494, 3.30612]
[-0.270963, -0.158465] ; [3.30612, 3.3073]
[-0.267609, -0.154945] ; [3.3073, 3.30848]
[-0.264245, -0.151418] ; [3.30848, 3.30965]
[-0.260871, -0.147885] ; [3.30965, 3.31082]
[-0.25749, -0.144348] ; [3.31082, 3.31198]
[-0.254101, -0.140805] ; [3.31198, 3.31315]
[-0.250703, -0.137258] ; [3.31315, 3.31431]
[-0.247298, -0.133706] ; [3.31431, 3.31546]
[-0.243885, -0.130149] ; [3.31546, 3.31662]
[-0.240465, -0.126588] ; [3.31662, 3.31777]
[-0.237038, -0.123022] ; [3.31777, 3.31892]
[-0.233601, -0.119455] ; [3.31892, 3.32007]
[-0.230158, -0.115887] ; [3.32007, 3.32121]
[-0.226708, -0.112318] ; [3.32121, 3.32235]
[-0.22325, -0.108749] ; [3.32235, 3.32349]
[-0.219786, -0.105179] ; [3.32349, 3.32462]
[-0.216327, -0.101597] ; [3.32462, 3.32576]
[-0.212861, -0.0980159] ; [3.32576, 3.32689]
[-0.209389, -0.0944337] ; [3.32689, 3.32801]
[-0.205911, -0.0908516] ; [3.32801, 3.32914]
[-0.202427, -0.0872699] ; [3.32914, 3.33026]
[-0.198947, -0.0836782] ; [3.33026, 3.33138]
[-0.195463, -0.0800852] ; [3.33138, 3.3325]
[-0.191976, -0.076491] ; [3.3325, 3.33362]
[-0.188485, -0.0728958] ; [3.33362, 3.33474]
[-0.184992, -0.0692994] ; [3.33474, 3.33585]
[-0.181495, -0.0657021] ; [3.33585, 3.33696]
[-0.177996, -0.062104] ; [3.33696, 3.33807]
[-0.174494, -0.0585051] ; [3.33807, 3.33918]
[-0.17099, -0.0549056] ; [3.33918, 3.34028]
[-0.167483, -0.0513054] ; [3.34028, 3.34139]
[-0.163974, -0.0477047] ; [3.34139, 3.34249]
[-0.160462, -0.0441035] ; [3.34249, 3.34359]
[-0.156949, -0.0405019] ; [3.34359, 3.34469]
[-0.153433, -0.0368999] ; [3.34469, 3.34579]
[-0.149915, -0.0332976] ; [3.34579, 3.34689]
[-0.146395, -0.029695] ; [3.34689, 3.34799]
[-0.142874, -0.0260922] ; [3.34799, 3.34908]
[-0.139766, -0.0220737] ; [3.34908, 3.35018]
[-0.136657, -0.0180553] ; [3.35018, 3.35127]
[-0.13355, -0.0140431] ; [3.35127, 3.35236]
[-0.130445, -0.0100373] ; [3.35236, 3.35345]
[-0.127344, -0.00603806] ; [3.35345, 3.35454]
[-0.124395, -0.00189644] ; [3.35454, 3.35562]
[-0.121449, 0.00223781] ; [3.35562, 3.35671]
[-0.118508, 0.00636179] ; [3.35671, 3.35778]
[-0.115572, 0.0104755] ; [3.35778, 3.35886]
[-0.112642, 0.0145786] ; [3.35886, 3.35993]
[-0.109718, 0.0186714] ; [3.35993, 3.36101]
[-0.106801, 0.0227536] ; [3.36101, 3.36207]
[-0.103902, 0.0268372] ; [3.36207, 3.36314]
[-0.10101, 0.0309099] ; [3.36314, 3.3642]
[-0.0981249, 0.0349715] ; [3.3642, 3.36526]
[-0.0952465, 0.0390219] ; [3.36526, 3.36632]
[-0.0923751, 0.0430609] ; [3.36632, 3.36737]
[-0.0895107, 0.0470883] ; [3.36737, 3.36842]
[-0.0866642, 0.0511147] ; [3.36842, 3.36947]
[-0.0838248, 0.0551296] ; [3.36947, 3.37052]
[-0.0809936, 0.0591335] ; [3.37052, 3.37157]
[-0.078171, 0.0631261] ; [3.37157, 3.37261]
[-0.0753571, 0.0671074] ; [3.37261, 3.37365]
[-0.072561, 0.0710866] ; [3.37365, 3.37469]
[-0.0697739, 0.0750546] ; [3.37469, 3.37572]
[-0.0669969, 0.0790098] ; [3.37572, 3.37675]
[-0.0642333, 0.0829481] ; [3.37675, 3.37778]
[-0.0614902, 0.0868766] ; [3.37778, 3.37881]
[-0.0587607, 0.090788] ; [3.37881, 3.37983]
[-0.0560451, 0.0946824] ; [3.37983, 3.38085]
[-0.0533489, 0.0985646] ; [3.38085, 3.38186]
[-0.0506674, 0.102429] ; [3.38186, 3.38287]
[-0.0480043, 0.106279] ; [3.38287, 3.38388]
[-0.0454613, 0.110215] ; [3.38388, 3.38488]
[-0.0429398, 0.114141] ; [3.38488, 3.38588]
[-0.0404407, 0.118053] ; [3.38588, 3.38687]
[-0.0379506, 0.121938] ; [3.38687, 3.38787]
[-0.03547, 0.125796] ; [3.38787, 3.38885]
[-0.0329988, 0.129627] ; [3.38885, 3.38984]
[-0.0305372, 0.133432] ; [3.38984, 3.39081]
[-0.028085, 0.13721] ; [3.39081, 3.39179]
[-0.0256423, 0.140963] ; [3.39179, 3.39276]
[-0.0232092, 0.14469] ; [3.39276, 3.39373]
[-0.0207916, 0.148398] ; [3.39373, 3.39469]
[-0.0183836, 0.152081] ; [3.39469, 3.39566]
[-0.0159864, 0.155741] ; [3.39566, 3.39661]
[-0.0135991, 0.159376] ; [3.39661, 3.39757]
[-0.0112217, 0.162988] ; [3.39757, 3.39852]
[-0.00885423, 0.166576] ; [3.39852, 3.39947]
[-0.00649656, 0.17014] ; [3.39947, 3.40041]
[-0.00414867, 0.173682] ; [3.40041, 3.40135]
[-0.0018105, 0.1772] ; [3.40135, 3.40229]
[0.000517984, 0.180696] ; [3.40229, 3.40323]
[0.00283682, 0.184169] ; [3.40323, 3.40416]
[0.00514604, 0.18762] ; [3.40416, 3.40509]
[0.0074457, 0.191049] ; [3.40509, 3.40602]
[0.00973582, 0.194456] ; [3.40602, 3.40694]
[0.0120164, 0.197841] ; [3.40694, 3.40787]
[0.0142876, 0.201205] ; [3.40787, 3.40879]
[0.0165493, 0.204547] ; [3.40879, 3.4097]
[0.0188016, 0.207868] ; [3.4097, 3.41062]
[0.0210445, 0.211168] ; [3.41062, 3.41153]
[0.0232779, 0.214447] ; [3.41153, 3.41244]
[0.025502, 0.217706] ; [3.41244, 3.41335]
[0.0277167, 0.220944] ; [3.41335, 3.41426]
[0.0299221, 0.224161] ; [3.41426, 3.41517]
[0.0321181, 0.227358] ; [3.41517, 3.41607]
[0.0343047, 0.230535] ; [3.41607, 3.41697]
[0.036482, 0.233693] ; [3.41697, 3.41787]
[0.03865, 0.23683] ; [3.41787, 3.41877]
[0.0408086, 0.239947] ; [3.41877, 3.41966]
[0.0429579, 0.243045] ; [3.41966, 3.42055]
[0.0450979, 0.246124] ; [3.42055, 3.42145]
[0.0472285, 0.249183] ; [3.42145, 3.42234]
[0.0493498, 0.252223] ; [3.42234, 3.42323]
[0.0514617, 0.255244] ; [3.42323, 3.42411]
[0.0535642, 0.258246] ; [3.42411, 3.425]
[0.0556574, 0.261228] ; [3.425, 3.42588]
[0.0577412, 0.264192] ; [3.42588, 3.42676]
[0.0598157, 0.267138] ; [3.42676, 3.42765]
[0.0618807, 0.270064] ; [3.42765, 3.42853]
[0.0639364, 0.272972] ; [3.42853, 3.4294]
[0.0659827, 0.275861] ; [3.4294, 3.43028]
[0.0680196, 0.278732] ; [3.43028, 3.43116]
[0.070047, 0.281585] ; [3.43116, 3.43203]
[0.072065, 0.284419] ; [3.43203, 3.43291]
[0.0740736, 0.287235] ; [3.43291, 3.43378]
[0.0760727, 0.290033] ; [3.43378, 3.43465]
[0.0780622, 0.292813] ; [3.43465, 3.43552]
[0.0800423, 0.295575] ; [3.43552, 3.43639]
[0.0820128, 0.298318] ; [3.43639, 3.43726]
[0.0839737, 0.301044] ; [3.43726, 3.43813]
[0.0859251, 0.303752] ; [3.43813, 3.43899]
[0.0878666, 0.306442] ; [3.43899, 3.43986]
[0.0897984, 0.309114] ; [3.43986, 3.44072]
[0.0917203, 0.311769] ; [3.44072, 3.44159]
[0.0936324, 0.314406] ; [3.44159, 3.44245]
[0.0955346, 0.317026] ; [3.44245, 3.44331]
[0.0974267, 0.319628] ; [3.44331, 3.44418]
[0.0993089, 0.322212] ; [3.44418, 3.44504]
[0.101181, 0.324779] ; [3.44504, 3.4459]
[0.103043, 0.327329] ; [3.4459, 3.44676]
[0.104895, 0.329861] ; [3.44676, 3.44761]
[0.106737, 0.332376] ; [3.44761, 3.44847]
[0.108568, 0.334874] ; [3.44847, 3.44933]
[0.11039, 0.337354] ; [3.44933, 3.45019]
[0.112201, 0.339817] ; [3.45019, 3.45104]
[0.114002, 0.342262] ; [3.45104, 3.4519]
[0.115793, 0.344691] ; [3.4519, 3.45275]
[0.117573, 0.347102] ; [3.45275, 3.45361]
[0.119343, 0.349496] ; [3.45361, 3.45446]
[0.121102, 0.351872] ; [3.45446, 3.45532]
[0.122851, 0.354232] ; [3.45532, 3.45617]
[0.124589, 0.356574] ; [3.45617, 3.45702]
[0.126317, 0.358899] ; [3.45702, 3.45788]
[0.128034, 0.361206] ; [3.45788, 3.45873]
[0.12974, 0.363497] ; [3.45873, 3.45958]
[0.131436, 0.36577] ; [3.45958, 3.46043]
[0.133121, 0.368026] ; [3.46043, 3.46128]
[0.134795, 0.370265] ; [3.46128, 3.46214]
[0.136458, 0.372487] ; [3.46214, 3.46299]
[0.13811, 0.374691] ; [3.46299, 3.46384]
[0.139751, 0.376879] ; [3.46384, 3.46469]
[0.141381, 0.379049] ; [3.46469, 3.46554]
[0.143, 0.381201] ; [3.46554, 3.46639]
[0.144608, 0.383337] ; [3.46639, 3.46724]
[0.146204, 0.385455] ; [3.46724, 3.46809]
[0.147789, 0.387557] ; [3.46809, 3.46894]
[0.149363, 0.38964] ; [3.46894, 3.46978]
[0.150926, 0.391707] ; [3.46978, 3.47063]
[0.152476, 0.393756] ; [3.47063, 3.47148]
[0.154016, 0.395788] ; [3.47148, 3.47233]
[0.155544, 0.397803] ; [3.47233, 3.47318]
[0.157058, 0.399802] ; [3.47318, 3.47403]
[0.158561, 0.401784] ; [3.47403, 3.47488]
[0.16005, 0.403749] ; [3.47488, 3.47573]
[0.161526, 0.405698] ; [3.47573, 3.47658]
[0.162988, 0.40763] ; [3.47658, 3.47743]
[0.164438, 0.409546] ; [3.47743, 3.47827]
[0.165874, 0.411445] ; [3.47827, 3.47912]
[0.167297, 0.413328] ; [3.47912, 3.47997]
[0.168707, 0.415194] ; [3.47997, 3.48082]
[0.170103, 0.417043] ; [3.48082, 3.48167]
[0.171486, 0.418875] ; [3.48167, 3.48252]
[0.172855, 0.420691] ; [3.48252, 3.48336]
[0.174211, 0.422489] ; [3.48336, 3.48421]
[0.175553, 0.424271] ; [3.48421, 3.48506]
[0.176881, 0.426036] ; [3.48506, 3.48591]
[0.178195, 0.427784] ; [3.48591, 3.48676]
[0.179495, 0.429515] ; [3.48676, 3.4876]
[0.180781, 0.431229] ; [3.4876, 3.48845]
[0.182053, 0.432926] ; [3.48845, 3.4893]
[0.18331, 0.434606] ; [3.4893, 3.49015]
[0.184553, 0.436269] ; [3.49015, 3.491]
[0.185781, 0.437915] ; [3.491, 3.49185]
[0.186994, 0.439544] ; [3.49185, 3.49269]
[0.188192, 0.441156] ; [3.49269, 3.49354]
[0.189376, 0.442751] ; [3.49354, 3.49439]
[0.190544, 0.444328] ; [3.49439, 3.49524]
[0.191697, 0.445889] ; [3.49524, 3.49608]
[0.192836, 0.447433] ; [3.49608, 3.49693]
[0.193958, 0.448959] ; [3.49693, 3.49778]
[0.195066, 0.450469] ; [3.49778, 3.49863]
[0.196158, 0.451961] ; [3.49863, 3.49948]
[0.197234, 0.453437] ; [3.49948, 3.50032]
[0.198294, 0.454895] ; [3.50032, 3.50117]
[0.199339, 0.456336] ; [3.50117, 3.50202]
[0.200368, 0.45776] ; [3.50202, 3.50287]
[0.201381, 0.459167] ; [3.50287, 3.50371]
[0.202378, 0.460557] ; [3.50371, 3.50456]
[0.203359, 0.46193] ; [3.50456, 3.50541]
[0.204323, 0.463286] ; [3.50541, 3.50625]
[0.205272, 0.464624] ; [3.50625, 3.5071]
[0.206203, 0.465945] ; [3.5071, 3.50795]
[0.207119, 0.46725] ; [3.50795, 3.5088]
[0.208018, 0.468537] ; [3.5088, 3.50964]
[0.2089, 0.469806] ; [3.50964, 3.51049]
[0.209765, 0.471059] ; [3.51049, 3.51134]
[0.210613, 0.472294] ; [3.51134, 3.51218]
[0.211438, 0.473518] ; [3.51218, 3.51303]
[0.212239, 0.474731] ; [3.51303, 3.51387]
[0.213025, 0.475923] ; [3.51387, 3.51472]
[0.213796, 0.477094] ; [3.51472, 3.51556]
[0.214552, 0.478245] ; [3.51556, 3.51641]
[0.215294, 0.479374] ; [3.51641, 3.51725]
[0.216021, 0.480482] ; [3.51725, 3.51809]
[0.216673, 0.48163] ; [3.51809, 3.51893]
[0.21731, 0.482757] ; [3.51893, 3.51977]
[0.217933, 0.483863] ; [3.51977, 3.52061]
[0.218541, 0.484947] ; [3.52061, 3.52145]
[0.219134, 0.486011] ; [3.52145, 3.52229]
[0.219712, 0.487055] ; [3.52229, 3.52312]
[0.220276, 0.488077] ; [3.52312, 3.52396]
[0.220824, 0.489079] ; [3.52396, 3.52479]
[0.221359, 0.49006] ; [3.52479, 3.52563]
[0.221878, 0.49102] ; [3.52563, 3.52646]
[0.222289, 0.492054] ; [3.52646, 3.52729]
[0.222686, 0.493067] ; [3.52729, 3.52812]
[0.223067, 0.494059] ; [3.52812, 3.52895]
[0.223435, 0.495031] ; [3.52895, 3.52978]
[0.223787, 0.495983] ; [3.52978, 3.53061]
[0.224123, 0.496914] ; [3.53061, 3.53144]
[0.224392, 0.497879] ; [3.53144, 3.53227]
[0.224645, 0.498823] ; [3.53227, 3.53309]
[0.224883, 0.499747] ; [3.53309, 3.53391]
[0.22508, 0.500678] ; [3.53391, 3.53474]
[0.225262, 0.501588] ; [3.53474, 3.53556]
[0.225429, 0.502478] ; [3.53556, 3.53638]
[0.225555, 0.503375] ; [3.53638, 3.53719]
[0.225658, 0.504259] ; [3.53719, 3.53801]
[0.225737, 0.505133] ; [3.53801, 3.53883]
[0.225792, 0.505996] ; [3.53883, 3.53964]
[0.225825, 0.506847] ; [3.53964, 3.54045]
[0.225834, 0.507688] ; [3.54045, 3.54126]
[0.22582, 0.508517] ; [3.54126, 3.54207]
[0.225783, 0.509335] ; [3.54207, 3.54288]
[0.225723, 0.510143] ; [3.54288, 3.54368]
[0.22564, 0.51094] ; [3.54368, 3.54449]
[0.225534, 0.511726] ; [3.54449, 3.54529]
[0.225406, 0.512502] ; [3.54529, 3.54609]
[0.225255, 0.513267] ; [3.54609, 3.54689]
[0.225081, 0.514022] ; [3.54689, 3.54769]
[0.224885, 0.514766] ; [3.54769, 3.54848]
[0.223746, 0.516421] ; [3.54848, 3.54928]
[0.222593, 0.518057] ; [3.54928, 3.55007]
[0.221429, 0.519671] ; [3.55007, 3.55086]
[0.220255, 0.521262] ; [3.55086, 3.55164]
[0.21907, 0.522832] ; [3.55164, 3.55242]
[0.217874, 0.524381] ; [3.55242, 3.5532]
[0.216668, 0.525908] ; [3.5532, 3.55397]
[0.215452, 0.527415] ; [3.55397, 3.55474]
[0.214225, 0.528901] ; [3.55474, 3.55551]
[0.212978, 0.530378] ; [3.55551, 3.55627]
[0.211721, 0.531834] ; [3.55627, 3.55703]
[0.210454, 0.533272] ; [3.55703, 3.55778]
[0.209175, 0.534693] ; [3.55778, 3.55854]
[0.207885, 0.536095] ; [3.55854, 3.55929]
[0.206587, 0.537478] ; [3.55929, 3.56003]
[0.205275, 0.538846] ; [3.56003, 3.56078]
[0.203955, 0.540196] ; [3.56078, 3.56152]
[0.202623, 0.54153] ; [3.56152, 3.56225]
[0.201283, 0.542846] ; [3.56225, 3.56299]
[0.199932, 0.544146] ; [3.56299, 3.56372]
[0.198574, 0.545427] ; [3.56372, 3.56445]
[0.197206, 0.546692] ; [3.56445, 3.56517]
[0.195829, 0.547941] ; [3.56517, 3.56589]
[0.194444, 0.549174] ; [3.56589, 3.56661]
[0.193051, 0.55039] ; [3.56661, 3.56732]
[0.19165, 0.551589] ; [3.56732, 3.56803]
[0.190242, 0.552772] ; [3.56803, 3.56874]
[0.188827, 0.553939] ; [3.56874, 3.56944]
[0.187403, 0.555092] ; [3.56944, 3.57014]
[0.185972, 0.556229] ; [3.57014, 3.57083]
[0.184535, 0.55735] ; [3.57083, 3.57153]
[0.183089, 0.558458] ; [3.57153, 3.57222]
[0.181635, 0.559551] ; [3.57222, 3.5729]
[0.180175, 0.560631] ; [3.5729, 3.57359]
[0.178712, 0.561692] ; [3.57359, 3.57427]
[0.177238, 0.562744] ; [3.57427, 3.57494]
[0.175762, 0.563777] ; [3.57494, 3.57562]
[0.174275, 0.564802] ; [3.57562, 3.57629]
[0.172782, 0.565813] ; [3.57629, 3.57695]
[0.171283, 0.566811] ; [3.57695, 3.57762]
[0.169779, 0.567796] ; [3.57762, 3.57828]
[0.168268, 0.568768] ; [3.57828, 3.57893]
[0.166756, 0.569724] ; [3.57893, 3.57959]
[0.165243, 0.570663] ; [3.57959, 3.58024]
[0.163727, 0.571587] ; [3.58024, 3.58088]
[0.162211, 0.572495] ; [3.58088, 3.58153]
[0.160693, 0.573387] ; [3.58153, 3.58217]
[0.159173, 0.574264] ; [3.58217, 3.58281]
[0.157652, 0.575126] ; [3.58281, 3.58344]
[0.156131, 0.575974] ; [3.58344, 3.58407]
[0.154607, 0.576806] ; [3.58407, 3.5847]
[0.153083, 0.577625] ; [3.5847, 3.58532]
[0.151558, 0.578429] ; [3.58532, 3.58595]
[0.14999, 0.579262] ; [3.58595, 3.58657]
[0.148421, 0.580081] ; [3.58657, 3.58718]
[0.146844, 0.580893] ; [3.58718, 3.58779]
[0.145268, 0.581691] ; [3.58779, 3.5884]
[0.143684, 0.582482] ; [3.5884, 3.58901]
[0.1421, 0.583261] ; [3.58901, 3.58961]
[0.140509, 0.584033] ; [3.58961, 3.59022]
[0.138914, 0.584796] ; [3.59022, 3.59081]
[0.137316, 0.585549] ; [3.59081, 3.59141]
[0.135715, 0.586293] ; [3.59141, 3.592]
[0.134112, 0.587028] ; [3.592, 3.59259]
[0.132509, 0.587751] ; [3.59259, 3.59317]
[0.1309, 0.588468] ; [3.59317, 3.59376]
[0.129289, 0.589176] ; [3.59376, 3.59434]
[0.127676, 0.589875] ; [3.59434, 3.59491]
[0.12606, 0.590566] ; [3.59491, 3.59549]
[0.124443, 0.591249] ; [3.59549, 3.59606]
[0.122823, 0.591924] ; [3.59606, 3.59662]
[0.121201, 0.592591] ; [3.59662, 3.59719]
[0.119577, 0.59325] ; [3.59719, 3.59775]
[0.117952, 0.593902] ; [3.59775, 3.59831]
[0.116324, 0.594546] ; [3.59831, 3.59886]
[0.114695, 0.595183] ; [3.59886, 3.59942]
[0.113064, 0.595813] ; [3.59942, 3.59997]
[0.111431, 0.596436] ; [3.59997, 3.60051]
[0.109796, 0.597052] ; [3.60051, 3.60106]
[0.10816, 0.597662] ; [3.60106, 3.6016]
[0.106522, 0.598265] ; [3.6016, 3.60214]
[0.104883, 0.598862] ; [3.60214, 3.60267]
[0.103242, 0.599452] ; [3.60267, 3.60321]
[0.1016, 0.600037] ; [3.60321, 3.60374]
[0.0999564, 0.600615] ; [3.60374, 3.60427]
[0.0983115, 0.601188] ; [3.60427, 3.60479]
[0.0966653, 0.601756] ; [3.60479, 3.60531]
[0.0950179, 0.602317] ; [3.60531, 3.60583]
[0.0933692, 0.602874] ; [3.60583, 3.60635]
[0.0917193, 0.603425] ; [3.60635, 3.60686]
[0.0900682, 0.603971] ; [3.60686, 3.60738]
[0.0884161, 0.604512] ; [3.60738, 3.60789]
[0.0867628, 0.605048] ; [3.60789, 3.60839]
[0.0851085, 0.605579] ; [3.60839, 3.6089]
[0.0834531, 0.606106] ; [3.6089, 3.6094]
[0.0817968, 0.606628] ; [3.6094, 3.6099]
[0.0801395, 0.607146] ; [3.6099, 3.61039]
[0.0784813, 0.607659] ; [3.61039, 3.61089]
[0.0768222, 0.608169] ; [3.61089, 3.61138]
[0.0747887, 0.609047] ; [3.61138, 3.61187]
[0.072758, 0.609919] ; [3.61187, 3.61236]
[0.0707318, 0.610782] ; [3.61236, 3.61284]
[0.0687037, 0.611643] ; [3.61284, 3.61332]
[0.0666801, 0.612497] ; [3.61332, 3.6138]
[0.0646568, 0.613347] ; [3.6138, 3.61428]
[0.062636, 0.614192] ; [3.61428, 3.61475]
[0.0606175, 0.615032] ; [3.61475, 3.61522]
[0.0586015, 0.615866] ; [3.61522, 3.61569]
[0.0565879, 0.616696] ; [3.61569, 3.61615]
[0.0545483, 0.617549] ; [3.61615, 3.61662]
[0.0525132, 0.618394] ; [3.61662, 3.61708]
[0.0504733, 0.619243] ; [3.61708, 3.61753]
