1597077602.440845  -0.400000  -100.000000
1597077602.456906  -0.400000  -99.500000
1597077602.472855  -0.400000  -98.000000
1597077602.488964  -0.400000  -95.250000
1597077602.504959  -0.400000  -91.750000
1597077602.520970  -0.400000  -87.250000
1597077602.536755  -0.200000  -82.000000
1597077602.553010  0.200000  -75.500000
1597077602.568925  0.600000  -68.250000
1597077602.585036  1.000000  -60.000000
1597077602.601018  1.800000  -50.750000
1597077602.616983  2.800000  -40.750000
1597077602.632811  4.000000  -29.750000
1597077602.648709  5.400000  -18.500000
1597077602.665038  6.800000  -6.750000
1597077602.680949  8.000000  5.000000
1597077602.696899  8.800000  16.500000
1597077602.712879  9.200000  27.250000
1597077602.728905  9.200000  37.000000
1597077602.744995  9.000000  46.000000
1597077602.760898  8.400000  54.000000
1597077602.776984  7.600000  61.000000
1597077602.792818  6.800000  67.250000
1597077602.808820  6.000000  72.500000
1597077602.825018  5.000000  76.750000
1597077602.840908  4.200000  80.000000
1597077602.856930  3.400000  82.500000
1597077602.872904  2.800000  84.000000
1597077602.888840  2.200000  84.500000
1597077602.904825  1.800000  84.000000
1597077602.920920  1.200000  82.500000
1597077602.936928  0.800000  80.250000
1597077602.953048  0.400000  76.750000
1597077602.968851  0.000000  72.500000
1597077602.984935  -0.600000  67.500000
1597077603.000902  -1.000000  61.250000
1597077603.016998  -1.800000  54.250000
1597077603.032881  -2.800000  46.500000
1597077603.048825  -4.000000  37.750000
1597077603.064894  -5.200000  28.500000
1597077603.080712  -6.600000  18.500000
1597077603.096717  -8.000000  8.250000
1597077603.112633  -9.400000  -2.250000
1597077603.128747  -10.200000  -12.250000
1597077603.144747  -11.000000  -22.000000
1597077603.160754  -11.000000  -30.750000
1597077603.176852  -11.000000  -38.750000
1597077603.192621  -10.800000  -45.750000
1597077603.208792  -10.200000  -52.000000
1597077603.224720  -9.600000  -57.500000
1597077603.240710  -8.800000  -62.000000
1597077603.256990  -8.200000  -66.000000
1597077603.272864  -7.600000  -68.750000
1597077603.288874  -7.000000  -70.500000
1597077603.304905  -6.400000  -71.750000
1597077603.320869  -6.000000  -71.500000
1597077603.336880  -5.400000  -71.000000
1597077603.353052  -5.000000  -69.250000
1597077603.368685  -4.400000  -66.500000
1597077603.384774  -4.000000  -63.000000
1597077603.400834  -3.600000  -58.750000
1597077603.416987  -3.000000  -53.500000
1597077603.432787  -2.400000  -47.500000
1597077603.448834  -1.400000  -40.500000
1597077603.464779  -0.400000  -33.000000
1597077603.480781  0.600000  -24.750000
1597077603.496974  1.800000  -16.000000
1597077603.512807  3.200000  -7.000000
1597077603.528944  4.400000  2.000000
1597077603.544776  5.200000  10.750000
1597077603.560886  5.800000  19.000000
1597077603.576887  5.800000  26.750000
1597077603.593010  5.800000  33.500000
1597077603.608926  5.800000  39.750000
1597077603.624784  5.200000  45.000000
1597077603.641130  4.600000  49.750000
1597077603.656828  4.200000  53.500000
1597077603.673072  3.600000  56.500000
1597077603.688883  3.000000  58.500000
1597077603.704878  2.400000  60.000000
1597077603.721025  1.800000  60.500000
1597077603.736941  1.200000  60.000000
1597077603.753000  0.600000  59.000000
1597077603.769121  0.000000  57.000000
1597077603.784891  -0.600000  54.000000
1597077603.801014  -1.200000  50.500000
1597077603.816765  -2.000000  46.000000
1597077603.832885  -3.000000  41.000000
1597077603.848961  -4.000000  35.250000
1597077603.865006  -5.000000  28.750000
1597077603.880946  -6.000000  21.750000
1597077603.897001  -7.000000  14.500000
1597077603.912914  -8.000000  7.000000
1597077603.928992  -9.000000  -0.500000
1597077603.944916  -9.600000  -8.000000
1597077603.960860  -10.000000  -15.000000
1597077603.976824  -10.000000  -21.500000
1597077603.992877  -10.000000  -27.250000
1597077604.008982  -9.800000  -32.500000
1597077604.024754  -9.400000  -37.000000
1597077604.041003  -9.000000  -40.750000
1597077604.056789  -8.600000  -44.000000
1597077604.072599  -8.000000  -46.500000
1597077604.088984  -7.600000  -48.500000
1597077604.105267  -7.200000  -49.500000
1597077604.120908  -6.600000  -50.000000
1597077604.137267  -6.200000  -49.500000
1597077604.152908  -5.600000  -48.500000
1597077604.168977  -5.000000  -46.500000
1597077604.184930  -4.600000  -44.000000
1597077604.200675  -4.000000  -40.750000
1597077604.216599  -3.400000  -36.750000
1597077604.232640  -2.800000  -32.250000
1597077604.248631  -2.200000  -27.250000
1597077604.264552  -1.400000  -21.750000
1597077604.280582  -0.800000  -15.750000
1597077604.296807  0.000000  -9.500000
1597077604.312708  0.600000  -3.250000
1597077604.328844  1.000000  3.000000
1597077604.344783  1.400000  8.750000
1597077604.360760  1.400000  14.500000
1597077604.376875  1.400000  19.500000
1597077604.392736  1.400000  24.250000
1597077604.408785  1.200000  28.250000
1597077604.424895  0.800000  32.000000
1597077604.440837  0.400000  35.000000
1597077604.456721  -0.200000  37.250000
1597077604.472897  -0.600000  39.250000
1597077604.488859  -1.000000  40.500000
1597077604.504810  -1.400000  41.000000
1597077604.520899  -2.000000  40.750000
1597077604.536876  -2.400000  40.250000
1597077604.552772  -3.000000  39.000000
1597077604.568811  -3.600000  37.000000
1597077604.584841  -4.000000  34.500000
1597077604.600837  -4.600000  31.500000
1597077604.616736  -5.000000  27.750000
1597077604.632766  -5.600000  23.750000
1597077604.648729  -6.200000  19.250000
1597077604.664975  -6.600000  14.750000
1597077604.680769  -7.000000  9.750000
1597077604.696903  -7.400000  4.750000
1597077604.712702  -7.400000  -0.250000
1597077604.728834  -7.600000  -5.000000
1597077604.744893  -7.600000  -9.500000
1597077604.760940  -7.600000  -13.750000
1597077604.777017  -7.200000  -17.750000
1597077604.792948  -7.000000  -21.250000
1597077604.809088  -6.800000  -24.500000
1597077604.824910  -6.400000  -27.250000
1597077604.840839  -6.000000  -29.750000
1597077604.857104  -5.800000  -31.500000
1597077604.872827  -5.400000  -33.000000
1597077604.888916  -5.200000  -33.750000
1597077604.904912  -4.800000  -34.000000
1597077604.920972  -4.600000  -33.500000
1597077604.936957  -4.400000  -33.000000
1597077604.952942  -4.000000  -31.750000
1597077604.968932  -3.800000  -29.750000
1597077604.984895  -3.600000  -27.500000
1597077605.000832  -3.400000  -24.750000
1597077605.016972  -3.200000  -21.750000
1597077605.032838  -3.000000  -18.250000
1597077605.048810  -2.800000  -14.500000
1597077605.064878  -2.800000  -10.500000
1597077605.080818  -2.800000  -6.500000
1597077605.096768  -2.800000  -2.500000
1597077605.112732  -2.800000  1.500000
1597077605.128918  -2.800000  5.750000
1597077605.144904  -2.800000  9.500000
1597077605.160907  -3.000000  13.000000
1597077605.176853  -3.200000  16.250000
1597077605.192824  -3.400000  19.250000
1597077605.208981  -3.600000  22.000000
1597077605.225043  -3.800000  24.500000
1597077605.241065  -4.000000  26.500000
1597077605.257032  -4.000000  28.000000
1597077605.272812  -4.200000  29.000000
1597077605.288906  -4.400000  29.500000
1597077605.304868  -4.400000  29.500000
1597077605.320904  -4.600000  29.000000
1597077605.336918  -4.600000  28.500000
1597077605.352818  -4.800000  27.000000
1597077605.368908  -4.800000  25.250000
1597077605.384843  -4.800000  23.250000
1597077605.400905  -5.000000  20.750000
1597077605.417013  -5.000000  18.000000
1597077605.432953  -5.000000  15.000000
1597077605.448798  -5.000000  11.500000
1597077605.464801  -5.000000  8.000000
1597077605.480677  -5.000000  4.500000
1597077605.496961  -5.000000  0.750000
1597077605.513046  -5.000000  -2.750000
1597077605.528915  -5.000000  -6.500000
1597077605.544890  -4.800000  -9.750000
1597077605.560914  -4.600000  -13.000000
1597077605.576861  -4.400000  -16.000000
1597077605.592836  -4.200000  -18.500000
1597077605.608933  -4.000000  -20.750000
1597077605.624761  -3.800000  -22.750000
1597077605.641162  -3.800000  -24.500000
1597077605.657020  -3.600000  -25.750000
1597077605.672886  -3.600000  -26.500000
1597077605.688841  -3.600000  -27.000000
1597077605.704870  -3.600000  -26.750000
1597077605.720901  -3.400000  -26.250000
1597077605.736896  -3.400000  -25.750000
1597077605.752864  -3.400000  -24.250000
1597077605.769021  -3.400000  -22.750000
1597077605.784801  -3.400000  -20.500000
1597077605.800699  -3.400000  -18.250000
1597077605.816763  -3.400000  -15.500000
1597077605.832649  -3.400000  -12.750000
1597077605.848757  -3.400000  -9.500000
1597077605.864771  -3.400000  -6.250000
1597077605.880743  -3.400000  -2.750000
1597077605.896835  -3.400000  0.500000
1597077605.912686  -3.400000  4.000000
1597077605.928737  -3.400000  7.250000
1597077605.944615  -3.400000  10.250000
1597077605.960892  -3.800000  13.000000
1597077605.976841  -4.000000  15.500000
1597077605.992980  -4.200000  17.750000
1597077606.008769  -4.200000  19.750000
1597077606.024811  -4.400000  21.500000
1597077606.040892  -4.400000  23.000000
1597077606.056862  -4.600000  23.750000
1597077606.072883  -4.600000  24.500000
1597077606.089015  -4.600000  24.500000
1597077606.104799  -4.600000  24.250000
1597077606.120781  -4.600000  23.750000
1597077606.136660  -4.600000  22.750000
1597077606.152635  -4.600000  21.500000
1597077606.168777  -4.600000  19.750000
1597077606.185883  -4.600000  17.750000
1597077606.200934  -4.600000  15.500000
1597077606.216847  -4.600000  13.000000
1597077606.233047  -4.600000  10.000000
1597077606.248886  -4.600000  7.250000
1597077606.264627  -4.600000  4.000000
1597077606.280697  -4.600000  1.000000
1597077606.296763  -4.600000  -2.000000
1597077606.312749  -4.600000  -5.000000
1597077606.328741  -4.600000  -8.000000
1597077606.344744  -4.400000  -10.750000
1597077606.360674  -4.200000  -13.000000
1597077606.376940  -4.000000  -15.250000
1597077606.392826  -3.800000  -17.250000
1597077606.409001  -3.800000  -19.000000
1597077606.424813  -3.600000  -20.500000
1597077606.440861  -3.600000  -21.500000
1597077606.456791  -3.600000  -22.250000
1597077606.472991  -3.600000  -22.750000
1597077606.488894  -3.600000  -22.750000
1597077606.504936  -3.600000  -22.250000
1597077606.520996  -3.600000  -21.750000
1597077606.536981  -3.600000  -20.750000
1597077606.553019  -3.600000  -19.250000
1597077606.569026  -3.600000  -17.500000
1597077606.584994  -3.600000  -15.500000
1597077606.601017  -3.600000  -13.250000
1597077606.616957  -3.600000  -10.750000
1597077606.632768  -3.600000  -8.000000
1597077606.648946  -3.600000  -5.250000
1597077606.664856  -3.600000  -2.500000
1597077606.680963  -3.600000  0.500000
1597077606.696950  -3.600000  3.250000
1597077606.712858  -3.600000  6.000000
1597077606.729034  -3.600000  8.500000
1597077606.744933  -3.800000  11.000000
1597077606.760683  -4.200000  13.000000
1597077606.776874  -4.200000  15.000000
1597077606.792912  -4.400000  16.750000
1597077606.808858  -4.400000  18.000000
1597077606.824879  -4.600000  19.250000
1597077606.840878  -4.600000  20.000000
1597077606.856903  -4.600000  20.750000
1597077606.872913  -4.600000  20.750000
1597077606.888844  -4.600000  20.500000
1597077606.904855  -4.600000  20.000000
1597077606.920840  -4.600000  19.250000
1597077606.936943  -4.600000  18.000000
1597077606.952788  -4.600000  16.500000
1597077606.968898  -4.600000  15.000000
1597077606.984860  -4.600000  13.000000
1597077607.001028  -4.600000  10.750000
1597077607.016881  -4.600000  8.250000
1597077607.032906  -4.600000  6.000000
1597077607.048832  -4.600000  3.250000
1597077607.064760  -4.600000  0.750000
1597077607.080747  -4.600000  -2.000000
1597077607.096761  -4.600000  -4.500000
1597077607.112692  -4.400000  -6.750000
1597077607.128934  -4.400000  -9.000000
1597077607.144823  -4.200000  -11.250000
1597077607.161260  -4.000000  -13.000000
1597077607.176805  -3.800000  -14.500000
1597077607.192888  -3.800000  -16.000000
1597077607.208847  -3.800000  -17.250000
1597077607.224798  -3.600000  -18.000000
1597077607.240939  -3.600000  -18.750000
1597077607.256754  -3.600000  -19.000000
1597077607.272923  -3.600000  -19.000000
1597077607.288873  -3.600000  -18.500000
1597077607.304888  -3.600000  -18.000000
1597077607.320808  -3.600000  -17.250000
1597077607.336950  -3.600000  -16.000000
1597077607.352914  -3.600000  -14.500000
1597077607.369120  -3.600000  -12.750000
1597077607.385110  -3.600000  -11.000000
1597077607.400776  -3.600000  -8.750000
1597077607.416860  -3.600000  -6.500000
1597077607.432913  -3.600000  -4.250000
1597077607.448939  -3.600000  -1.750000
1597077607.464845  -3.800000  0.500000
1597077607.480965  -3.800000  3.000000
1597077607.496853  -3.800000  5.250000
1597077607.513024  -3.800000  7.500000
1597077607.528960  -4.000000  9.250000
1597077607.544936  -4.200000  11.000000
1597077607.560897  -4.400000  12.750000
1597077607.576980  -4.400000  14.000000
1597077607.592898  -4.400000  15.250000
1597077607.609031  -4.400000  16.250000
1597077607.624802  -4.400000  17.000000
1597077607.640955  -4.400000  17.500000
1597077607.657138  -4.400000  17.250000
1597077607.673113  -4.400000  17.000000
1597077607.688888  -4.400000  16.500000
1597077607.704858  -4.400000  16.000000
1597077607.720817  -4.400000  15.000000
1597077607.736991  -4.400000  13.750000
1597077607.752842  -4.400000  12.250000
1597077607.769083  -4.400000  10.500000
1597077607.785068  -4.400000  8.750000
1597077607.800835  -4.400000  6.750000
1597077607.816922  -4.400000  4.500000
1597077607.832872  -4.400000  2.500000
1597077607.848730  -4.400000  0.250000
1597077607.864829  -4.400000  -2.000000
1597077607.880893  -4.400000  -4.000000
1597077607.896915  -4.400000  -6.000000
1597077607.912975  -4.200000  -8.000000
1597077607.929142  -4.200000  -9.500000
1597077607.944881  -4.000000  -11.000000
1597077607.960843  -3.800000  -12.250000
1597077607.976910  -3.800000  -13.500000
1597077607.992762  -3.800000  -14.500000
1597077608.008614  -3.800000  -15.000000
1597077608.024654  -3.800000  -15.750000
1597077608.040781  -3.800000  -16.000000
1597077608.056791  -3.800000  -15.750000
1597077608.072771  -3.800000  -15.250000
1597077608.088858  -3.800000  -14.750000
1597077608.104932  -3.800000  -14.000000
1597077608.120782  -3.800000  -13.000000
1597077608.136804  -3.800000  -11.750000
1597077608.152962  -3.800000  -10.250000
1597077608.168918  -3.800000  -8.750000
1597077608.184806  -3.800000  -7.000000
1597077608.200928  -3.800000  -5.000000
1597077608.216778  -3.800000  -3.000000
1597077608.232807  -3.800000  -1.000000
1597077608.248892  -3.800000  1.000000
1597077608.265051  -3.800000  3.000000
1597077608.280970  -3.800000  4.750000
1597077608.296917  -3.800000  6.500000
1597077608.312865  -3.800000  8.000000
1597077608.328923  -4.000000  9.500000
1597077608.345343  -4.200000  10.750000
1597077608.360890  -4.400000  11.750000
1597077608.376880  -4.400000  12.500000
1597077608.393060  -4.400000  13.250000
1597077608.408789  -4.400000  14.000000
1597077608.424892  -4.400000  14.250000
1597077608.440885  -4.400000  14.000000
1597077608.456800  -4.400000  13.750000
1597077608.473081  -4.400000  13.250000
1597077608.489355  -4.400000  12.750000
1597077608.504835  -4.400000  12.000000
1597077608.520964  -4.400000  11.000000
1597077608.536981  -4.400000  9.750000
1597077608.553388  -4.400000  8.250000
1597077608.568951  -4.400000  6.750000
1597077608.584804  -4.400000  5.000000
1597077608.600976  -4.400000  3.250000
1597077608.616915  -4.400000  1.500000
1597077608.632816  -4.400000  -0.250000
1597077608.648838  -4.400000  -2.000000
1597077608.664879  -4.400000  -3.750000
1597077608.681069  -4.400000  -5.250000
1597077608.696944  -4.200000  -6.750000
1597077608.712829  -4.200000  -8.000000
1597077608.729009  -4.000000  -9.250000
1597077608.745341  -3.800000  -10.000000
1597077608.760961  -3.800000  -11.000000
1597077608.777076  -3.800000  -11.750000
1597077608.792969  -3.800000  -12.250000
1597077608.808906  -3.800000  -12.750000
1597077608.825014  -3.800000  -12.750000
1597077608.840984  -3.800000  -12.500000
1597077608.856828  -3.800000  -12.000000
1597077608.872781  -3.800000  -11.500000
1597077608.888884  -3.800000  -11.000000
1597077608.904781  -3.800000  -10.250000
1597077608.920810  -3.800000  -9.250000
1597077608.937081  -3.800000  -8.000000
1597077608.952829  -3.800000  -6.750000
1597077608.969021  -3.800000  -5.250000
1597077608.984805  -3.800000  -3.750000
1597077609.000758  -3.800000  -2.000000
1597077609.017215  -3.800000  -0.500000
1597077609.032865  -3.800000  1.000000
1597077609.048783  -3.800000  2.500000
1597077609.064804  -3.800000  4.000000
1597077609.080869  -3.800000  5.500000
1597077609.096964  -3.800000  6.500000
1597077609.112744  -4.000000  7.750000
1597077609.128865  -4.200000  8.500000
1597077609.145008  -4.400000  9.250000
1597077609.160862  -4.400000  10.000000
1597077609.177242  -4.400000  10.500000
1597077609.192755  -4.400000  11.000000
1597077609.208918  -4.400000  11.000000
1597077609.224712  -4.400000  11.000000
1597077609.240726  -4.400000  10.750000
1597077609.256912  -4.400000  10.250000
1597077609.272790  -4.400000  9.750000
1597077609.288787  -4.400000  9.250000
1597077609.304904  -4.400000  8.250000
1597077609.320819  -4.400000  7.250000
1597077609.336651  -4.400000  6.250000
1597077609.352765  -4.400000  5.000000
1597077609.368736  -4.400000  3.750000
1597077609.384759  -4.400000  2.250000
1597077609.400705  -4.400000  1.000000
1597077609.416831  -4.400000  -0.500000
1597077609.432749  -4.400000  -1.750000
1597077609.448705  -4.400000  -3.000000
1597077609.464592  -4.400000  -4.250000
1597077609.480738  -4.400000  -5.500000
1597077609.496986  -4.200000  -6.500000
1597077609.512777  -4.000000  -7.250000
1597077609.528999  -4.000000  -8.000000
1597077609.545067  -3.800000  -8.500000
1597077609.560932  -3.800000  -9.000000
1597077609.576911  -3.800000  -9.500000
1597077609.592841  -3.800000  -9.750000
1597077609.608627  -3.800000  -9.750000
1597077609.624671  -3.800000  -9.500000
1597077609.640675  -3.800000  -9.000000
1597077609.656682  -3.800000  -8.500000
1597077609.672604  -3.800000  -8.000000
1597077609.688875  -3.800000  -7.500000
1597077609.704997  -3.800000  -6.750000
1597077609.720847  -3.800000  -5.750000
1597077609.736880  -3.800000  -4.750000
1597077609.752897  -3.800000  -3.750000
1597077609.768955  -3.800000  -2.500000
1597077609.784909  -3.800000  -1.250000
1597077609.800945  -3.800000  0.000000
1597077609.816996  -3.800000  1.000000
1597077609.832736  -3.800000  2.250000
1597077609.848839  -3.800000  3.250000
1597077609.864856  -3.800000  4.250000
1597077609.880902  -3.800000  5.250000
1597077609.896861  -4.000000  6.000000
1597077609.912984  -4.000000  6.500000
1597077609.928862  -4.200000  7.250000
1597077609.944844  -4.400000  7.750000
1597077609.960836  -4.400000  8.000000
1597077609.977028  -4.400000  8.000000
1597077609.992870  -4.400000  8.250000
1597077610.009100  -4.400000  8.000000
1597077610.024839  -4.400000  7.750000
1597077610.040876  -4.400000  7.500000
1597077610.056945  -4.400000  7.000000
1597077610.072885  -4.400000  6.500000
1597077610.088897  -4.400000  6.000000
1597077610.105029  -4.400000  5.250000
1597077610.121104  -4.400000  4.250000
1597077610.136833  -4.400000  3.500000
1597077610.152969  -4.400000  2.500000
1597077610.169031  -4.400000  1.500000
1597077610.184936  -4.400000  0.500000
1597077610.200905  -4.400000  -0.500000
1597077610.217092  -4.400000  -1.500000
1597077610.232763  -4.400000  -2.500000
1597077610.248955  -4.400000  -3.250000
1597077610.264890  -4.400000  -4.000000
1597077610.280890  -4.200000  -4.750000
1597077610.296934  -4.200000  -5.500000
1597077610.312926  -4.000000  -6.000000
1597077610.328825  -3.800000  -6.500000
1597077610.345041  -3.800000  -6.500000
1597077610.361146  -3.800000  -6.750000
1597077610.376930  -3.800000  -6.750000
1597077610.392796  -3.800000  -6.750000
1597077610.408928  -3.800000  -6.750000
1597077610.424996  -3.800000  -6.250000
1597077610.440976  -3.800000  -6.000000
1597077610.456952  -3.800000  -5.500000
1597077610.472836  -3.800000  -5.000000
1597077610.488925  -3.800000  -4.500000
1597077610.504962  -3.800000  -4.000000
1597077610.520945  -3.800000  -3.250000
1597077610.537051  -3.800000  -2.500000
1597077610.553010  -3.800000  -1.500000
1597077610.569001  -3.800000  -0.750000
1597077610.585013  -3.800000  0.000000
1597077610.600918  -3.800000  1.000000
1597077610.616814  -3.800000  1.750000
1597077610.632952  -3.800000  2.500000
1597077610.648958  -3.800000  3.000000
1597077610.664858  -3.800000  3.750000
1597077610.680875  -3.800000  4.250000
1597077610.696828  -4.000000  4.750000
1597077610.712747  -4.000000  5.000000
1597077610.728680  -4.200000  5.000000
1597077610.744851  -4.400000  5.250000
1597077610.760844  -4.400000  5.250000
1597077610.776843  -4.400000  5.250000
1597077610.792977  -4.400000  5.000000
1597077610.808931  -4.400000  5.000000
1597077610.824850  -4.400000  4.750000
1597077610.840898  -4.400000  4.250000
1597077610.856840  -4.400000  4.000000
1597077610.872983  -4.400000  3.500000
1597077610.888771  -4.400000  3.000000
1597077610.904795  -4.400000  2.500000
1597077610.920940  -4.400000  2.000000
1597077610.936882  -4.400000  1.250000
1597077610.952999  -4.400000  0.750000
1597077610.969092  -4.400000  0.000000
1597077610.984988  -4.400000  -0.500000
1597077611.000931  -4.400000  -1.250000
1597077611.016939  -4.400000  -1.750000
1597077611.032690  -4.400000  -2.250000
1597077611.048896  -4.400000  -2.750000
1597077611.064915  -4.400000  -3.250000
1597077611.080732  -4.200000  -3.750000
1597077611.096801  -4.200000  -4.000000
1597077611.112858  -4.000000  -4.000000
1597077611.128736  -4.000000  -4.000000
1597077611.145428  -4.000000  -4.000000
1597077611.161155  -3.800000  -4.000000
1597077611.176899  -3.800000  -4.000000
1597077611.192863  -3.800000  -3.750000
1597077611.208866  -3.800000  -3.750000
1597077611.224830  -3.800000  -3.500000
1597077611.240764  -3.800000  -3.000000
1597077611.257368  -3.800000  -2.750000
1597077611.273021  -3.800000  -2.500000
1597077611.288986  -3.800000  -2.000000
1597077611.304935  -3.800000  -1.500000
1597077611.321372  -3.800000  -1.000000
1597077611.336951  -3.800000  -0.750000
1597077611.352635  -3.800000  -0.250000
1597077611.368732  -3.800000  0.250000
1597077611.384559  -3.800000  0.750000
1597077611.400603  -3.800000  1.000000
1597077611.416661  -3.800000  1.500000
1597077611.432802  -3.800000  1.750000
1597077611.448890  -3.800000  2.000000
1597077611.464823  -3.800000  2.250000
1597077611.481014  -3.800000  2.500000
1597077611.496864  -3.800000  2.500000
1597077611.512999  -4.000000  2.750000
1597077611.528877  -4.000000  2.750000
1597077611.544890  -4.000000  2.750000
1597077611.560920  -4.200000  2.500000
1597077611.576961  -4.200000  2.500000
1597077611.592967  -4.200000  2.250000
1597077611.608951  -4.200000  2.000000
1597077611.624939  -4.200000  2.000000
1597077611.640893  -4.200000  1.750000
1597077611.656824  -4.200000  1.500000
1597077611.672834  -4.200000  1.250000
1597077611.688935  -4.200000  1.000000
1597077611.704848  -4.200000  0.500000
1597077611.720662  -4.200000  0.250000
1597077611.736783  -4.200000  0.000000
1597077611.752583  -4.200000  -0.250000
1597077611.768627  -4.200000  -0.500000
1597077611.784843  -4.200000  -0.750000
1597077611.800703  -4.200000  -1.000000
1597077611.816919  -4.200000  -1.250000
1597077611.832757  -4.200000  -1.500000
1597077611.848853  -4.200000  -1.500000
1597077611.864787  -4.200000  -1.750000
1597077611.880774  -4.200000  -1.750000
1597077611.896826  -4.200000  -1.750000
1597077611.912650  -4.200000  -1.750000
1597077611.928848  -4.200000  -1.750000
1597077611.944848  -4.200000  -1.750000
1597077611.960882  -4.200000  -1.750000
1597077611.976744  -4.200000  -1.500000
1597077611.992884  -4.200000  -1.500000
1597077612.008846  -4.200000  -1.250000
1597077612.024772  -4.200000  -1.250000
1597077612.040843  -4.200000  -1.000000
1597077612.056834  -4.200000  -1.000000
1597077612.072743  -4.200000  -0.750000
1597077612.088836  -4.200000  -0.500000
1597077612.104814  -4.200000  -0.500000
1597077612.120876  -4.200000  -0.250000
1597077612.136783  -4.200000  0.000000
1597077612.152821  -4.200000  0.000000
1597077612.168800  -4.200000  0.250000
1597077612.184789  -4.200000  0.250000
1597077612.200885  -4.200000  0.500000
1597077612.216817  -4.200000  0.500000
1597077612.232757  -4.200000  0.500000
1597077612.248824  -4.200000  0.750000
1597077612.264737  -4.200000  0.750000
1597077612.281033  -4.200000  0.750000
1597077612.296894  -4.200000  0.750000
1597077612.312905  -4.200000  0.750000
1597077612.328894  -4.200000  0.750000
1597077612.344882  -4.200000  0.500000
1597077612.360795  -4.200000  0.500000
1597077612.376877  -4.200000  0.500000
1597077612.392831  -4.200000  0.500000
1597077612.408719  -4.200000  0.500000
1597077612.424631  -4.200000  0.250000
1597077612.440610  -4.200000  0.250000
1597077612.456729  -4.200000  0.250000
1597077612.472761  -4.200000  0.000000
1597077612.488796  -4.200000  0.000000
1597077612.504782  -4.200000  0.000000
1597077612.520826  -4.200000  0.000000
1597077612.536896  -4.200000  0.000000
1597077612.553106  -4.200000  -0.250000
1597077612.568825  -4.200000  -0.250000
1597077612.584855  -4.200000  -0.250000
1597077612.600942  -4.200000  -0.250000
1597077612.616894  -4.200000  -0.250000
1597077612.632999  -4.200000  -0.250000
1597077612.648884  -4.200000  -0.250000
1597077612.664855  -4.200000  -0.250000
1597077612.680820  -4.200000  -0.250000
1597077612.696788  -4.200000  -0.250000
1597077612.712882  -4.200000  -0.250000
1597077612.728868  -4.200000  -0.250000
1597077612.744950  -4.200000  -0.250000
1597077612.760879  -4.200000  -0.250000
1597077612.776874  -4.200000  -0.250000
1597077612.792839  -4.200000  -0.250000
1597077612.808849  -4.200000  -0.250000
1597077612.824872  -4.200000  -0.250000
1597077612.840810  -4.200000  -0.250000
1597077612.856704  -4.200000  -0.250000
1597077612.872746  -4.200000  -0.250000
1597077612.888622  -4.200000  -0.250000
1597077612.904818  -4.200000  -0.250000
1597077612.920804  -4.200000  -0.250000
1597077612.936792  -4.200000  -0.250000
1597077612.952782  -4.200000  -0.250000
1597077612.968858  -4.200000  -0.250000
1597077612.985068  -4.200000  -0.250000
1597077613.001129  -4.200000  -0.250000
1597077613.016945  -4.200000  -0.250000
1597077613.032652  -4.200000  -0.250000
1597077613.048744  -4.200000  -0.250000
1597077613.064624  -4.200000  -0.250000
1597077613.080629  -4.200000  -0.250000
1597077613.096790  -4.200000  -0.250000
1597077613.112893  -4.200000  -0.250000
1597077613.128872  -4.200000  -0.250000
1597077613.144892  -4.200000  -0.250000
1597077613.160922  -4.200000  -0.250000
1597077613.176997  -4.200000  -0.250000
1597077613.192798  -4.200000  -0.250000
1597077613.208792  -4.200000  -0.250000
1597077613.224839  -4.200000  -0.250000
1597077613.240844  -4.200000  -0.250000
1597077613.256912  -4.200000  -0.250000
1597077613.272893  -4.200000  -0.250000
1597077613.289088  -4.200000  -0.250000
1597077613.304882  -4.200000  -0.250000
1597077613.320892  -4.200000  -0.250000
1597077613.336773  -4.200000  -0.250000
1597077613.352748  -4.200000  -0.250000
1597077613.369023  -4.200000  -0.250000
1597077613.384857  -4.200000  -0.250000
1597077613.400823  -4.200000  -0.250000
1597077613.417048  -4.200000  -0.250000
1597077613.432880  -4.200000  -0.250000
1597077613.448850  -4.200000  -0.250000
1597077613.464693  -4.200000  -0.250000
1597077613.480930  -4.200000  -0.250000
1597077613.496887  -4.200000  -0.250000
1597077613.512847  -4.200000  -0.250000
1597077613.528827  -4.200000  -0.250000
