1597154749.781714  -0.200000  -44.500000
1597154749.797751  -1.200000  -41.000000
1597154749.813810  -2.200000  -37.000000
1597154749.829847  -3.200000  -32.500000
1597154749.845763  -4.400000  -27.500000
1597154749.861806  -5.600000  -22.250000
1597154749.877821  -6.800000  -16.500000
1597154749.893807  -8.200000  -10.750000
1597154749.909722  -9.400000  -4.500000
1597154749.925788  -10.800000  1.500000
1597154749.941810  -12.400000  7.500000
1597154749.958185  -14.000000  13.250000
1597154749.973964  -15.800000  18.500000
1597154749.990061  -17.400000  23.500000
1597154750.005763  -19.400000  28.000000
1597154750.021811  -21.400000  32.000000
1597154750.037826  -23.600000  35.250000
1597154750.053794  -25.800000  38.000000
1597154750.069747  -28.000000  40.250000
1597154750.085852  -30.000000  42.000000
1597154750.101840  -32.200000  43.000000
1597154750.117927  -34.400000  43.250000
1597154750.133792  -36.800000  42.750000
1597154750.149844  -39.000000  42.250000
1597154750.165832  -41.200000  40.750000
1597154750.181955  -43.400000  38.750000
1597154750.197744  -45.600000  36.250000
1597154750.213793  -47.800000  33.000000
1597154750.229882  -50.200000  29.250000
1597154750.245774  -52.800000  25.250000
1597154750.261978  -55.000000  20.750000
1597154750.278023  -57.200000  16.250000
1597154750.293746  -59.600000  11.250000
1597154750.309878  -61.600000  6.500000
1597154750.325731  -63.600000  1.500000
1597154750.341744  -65.600000  -3.250000
1597154750.358185  -67.400000  -8.000000
1597154750.373850  -69.200000  -12.500000
1597154750.389736  -70.600000  -16.500000
1597154750.405823  -72.200000  -20.000000
1597154750.421837  -73.800000  -23.250000
1597154750.438187  -75.400000  -26.250000
1597154750.453861  -76.800000  -28.500000
1597154750.469876  -78.000000  -30.250000
1597154750.485690  -79.400000  -31.500000
1597154750.501761  -80.800000  -32.250000
1597154750.517794  -82.200000  -32.500000
1597154750.533809  -83.400000  -32.000000
1597154750.549841  -84.800000  -31.500000
1597154750.565971  -86.200000  -30.250000
1597154750.581709  -87.600000  -28.250000
1597154750.598019  -89.200000  -26.250000
1597154750.613786  -90.600000  -23.500000
1597154750.629864  -92.000000  -20.500000
1597154750.645868  -93.400000  -17.000000
1597154750.661823  -94.800000  -13.250000
1597154750.678037  -96.200000  -9.500000
1597154750.693693  -97.600000  -5.250000
1597154750.709840  -99.200000  -1.250000
1597154750.725687  -100.600000  3.000000
1597154750.741969  -102.400000  7.000000
1597154750.757732  -104.400000  10.750000
1597154750.773952  -106.400000  14.250000
1597154750.789873  -108.400000  17.250000
1597154750.805824  -110.600000  20.250000
1597154750.821865  -112.600000  23.000000
1597154750.837801  -114.600000  25.250000
1597154750.853866  -116.800000  27.250000
1597154750.869790  -119.000000  28.500000
1597154750.885756  -121.000000  29.750000
1597154750.901790  -123.000000  30.250000
1597154750.917828  -125.400000  30.500000
1597154750.933742  -127.600000  30.000000
1597154750.949764  -129.800000  29.500000
1597154750.965914  -132.000000  28.500000
1597154750.981737  -134.000000  27.000000
1597154750.997795  -136.200000  25.250000
1597154751.013798  -138.400000  23.000000
1597154751.029853  -140.800000  20.250000
1597154751.045901  -143.000000  17.500000
1597154751.061939  -145.400000  14.500000
1597154751.077818  -147.600000  11.250000
1597154751.093868  -149.600000  8.000000
1597154751.109824  -151.600000  4.750000
1597154751.125778  -153.800000  1.500000
1597154751.141862  -155.600000  -1.750000
1597154751.158140  -157.600000  -4.750000
1597154751.173840  -159.400000  -7.500000
1597154751.189903  -161.200000  -10.250000
1597154751.205831  -162.800000  -12.750000
1597154751.222058  -164.400000  -14.750000
1597154751.237877  -166.200000  -16.500000
1597154751.253774  -167.800000  -18.000000
1597154751.269801  -169.400000  -19.250000
1597154751.285783  -171.000000  -20.250000
1597154751.301735  -172.800000  -20.750000
1597154751.317769  -174.600000  -20.750000
1597154751.333764  -176.200000  -20.500000
1597154751.349870  -177.800000  -20.000000
1597154751.365898  -179.400000  -19.000000
1597154751.381792  -181.000000  -17.750000
1597154751.397831  -182.600000  -16.000000
1597154751.413682  -184.200000  -14.000000
1597154751.429788  -185.800000  -11.750000
1597154751.445924  -187.400000  -9.500000
1597154751.461627  -189.200000  -7.000000
1597154751.477848  -190.800000  -4.250000
1597154751.494067  -192.400000  -1.500000
1597154751.509964  -194.200000  1.250000
1597154751.525801  -196.200000  3.750000
1597154751.541983  -198.400000  6.500000
1597154751.557966  -200.400000  8.750000
1597154751.573777  -202.400000  11.000000
1597154751.589828  -204.400000  13.000000
1597154751.605826  -206.400000  15.000000
1597154751.621801  -208.200000  16.500000
1597154751.637799  -210.400000  18.000000
1597154751.653748  -212.400000  19.250000
1597154751.669788  -214.600000  20.000000
1597154751.685894  -216.800000  20.500000
1597154751.701772  -219.000000  20.500000
1597154751.717811  -221.200000  20.250000
1597154751.733811  -223.600000  19.750000
1597154751.749778  -225.800000  19.250000
1597154751.765760  -228.000000  18.250000
1597154751.781783  -230.200000  17.250000
1597154751.797865  -232.400000  15.500000
1597154751.813903  -234.400000  14.000000
1597154751.829780  -236.600000  12.000000
1597154751.845840  -238.800000  10.000000
1597154751.861818  -240.800000  8.000000
1597154751.877795  -243.000000  5.750000
1597154751.893917  -245.000000  3.500000
1597154751.909750  -247.200000  1.250000
1597154751.925896  -249.200000  -1.000000
1597154751.941739  -251.400000  -3.250000
1597154751.958171  -253.200000  -5.250000
1597154751.974007  -255.200000  -7.000000
1597154751.990069  -257.000000  -8.500000
1597154752.005953  -258.600000  -10.000000
1597154752.021785  -260.400000  -11.250000
1597154752.037865  -262.200000  -12.000000
1597154752.053649  -263.800000  -12.750000
1597154752.069855  -265.400000  -13.500000
1597154752.085799  -267.000000  -13.500000
1597154752.101758  -268.800000  -13.500000
1597154752.117806  -270.600000  -13.250000
1597154752.133830  -272.200000  -12.750000
1597154752.149775  -273.800000  -12.250000
1597154752.165826  -275.400000  -11.250000
1597154752.181772  -277.000000  -10.250000
1597154752.197752  -278.600000  -9.000000
1597154752.213775  -280.000000  -7.750000
1597154752.229793  -281.600000  -6.000000
1597154752.246062  -283.400000  -4.500000
1597154752.261835  -285.200000  -2.750000
1597154752.277964  -286.800000  -1.250000
1597154752.293832  -288.600000  0.500000
1597154752.309918  -290.400000  2.250000
1597154752.325973  -292.200000  3.750000
1597154752.341753  -294.200000  5.250000
1597154752.357756  -296.000000  6.750000
1597154752.373942  -297.600000  8.000000
1597154752.390104  -299.600000  9.250000
1597154752.405773  -301.600000  10.000000
1597154752.421783  -303.400000  10.750000
1597154752.437731  -305.400000  11.250000
1597154752.453754  -307.400000  11.750000
1597154752.469861  -309.200000  11.750000
1597154752.485890  -311.400000  11.500000
1597154752.501822  -313.200000  11.250000
1597154752.517852  -315.400000  10.750000
1597154752.533802  -317.400000  10.250000
1597154752.549789  -319.600000  9.500000
1597154752.565893  -321.800000  8.500000
1597154752.581687  -323.800000  7.250000
1597154752.597824  -326.000000  6.250000
1597154752.613754  -328.000000  5.000000
1597154752.629728  -330.000000  3.500000
1597154752.645858  -332.200000  2.250000
1597154752.661986  -334.000000  1.000000
1597154752.677941  -336.000000  -0.250000
1597154752.693776  -337.800000  -1.500000
1597154752.709820  -339.600000  -2.500000
1597154752.725827  -341.400000  -3.500000
1597154752.741829  -343.000000  -4.500000
1597154752.757892  -344.800000  -5.250000
1597154752.773863  -346.600000  -6.250000
1597154752.790204  -348.400000  -6.750000
1597154752.805916  -350.200000  -7.500000
1597154752.822058  -352.000000  -8.000000
1597154752.837733  -353.800000  -8.500000
1597154752.853833  -355.600000  -8.500000
1597154752.869823  -357.400000  -8.500000
