0.016007	0.017453	0.008727	1.090354	0.545177	68.117308	34.058654	0.130173
0.032041	0.055851	0.034907	3.479457	1.632777	149.002319	67.830837	0.130173
0.048037	0.104720	0.074176	6.534434	2.454983	190.983788	51.400755	0.130173
0.064051	0.164061	0.122173	10.222019	2.997162	230.272585	33.856571	0.130173
0.080041	0.233874	0.178896	14.590459	3.547417	273.198261	34.412448	0.130173
0.096055	0.303687	0.235619	18.912883	3.542101	269.915352	-0.331989	0.130173
0.112009	0.380482	0.296706	23.782231	3.828916	305.211687	17.977634	0.130173
0.128038	0.460767	0.357792	28.662973	3.811000	304.494484	-1.117697	0.130830
0.144046	0.544543	0.414516	33.916438	3.543428	328.177516	-16.714891	0.130830
0.160030	0.624828	0.466876	38.971913	3.275768	316.283451	-16.745509	0.131488
0.175988	0.705113	0.514872	44.048876	3.007680	318.145287	-16.799618	0.132145
0.192031	0.785398	0.558505	48.802397	2.719768	296.298782	-17.946284	0.132803
0.208039	0.862193	0.589049	53.688849	1.908000	305.250622	-50.710127	0.132803
0.223990	0.942478	0.615229	58.897133	1.641273	326.517744	-16.721666	0.132803
0.240036	1.019272	0.637045	63.316865	1.359630	275.441324	-17.552227	0.133460
0.256055	1.092576	0.645772	67.982907	0.544768	291.281704	-50.868410	0.133460
0.272039	1.169371	0.645772	72.920220	0.000000	308.890950	-34.082112	0.133460
0.287990	1.246165	0.637045	77.868674	-0.547091	310.228455	-34.298217	0.133460
0.304029	1.315978	0.628319	81.777437	-0.544089	243.703713	0.187149	0.201834
0.320038	1.354375	0.593412	84.313940	-2.180435	158.442299	-102.214123	0.201834
0.336062	1.361357	0.519235	84.662329	-4.629087	21.741665	-152.811540	0.201834
0.352032	1.347394	0.418879	84.072771	-6.284060	-36.916580	-103.630082	0.202491
0.368182	1.312488	0.292343	80.977356	-7.835069	-191.666536	-96.037758	0.203149
0.384043	1.263618	0.148353	79.379417	-9.078221	-100.746444	-78.377883	0.204464
0.400014	1.200787	-0.008727	74.909252	-9.835304	-279.892610	-47.403577	0.204464
0.416040	1.127483	-0.178896	70.091798	-10.618345	-300.602377	-48.860713	0.204464
0.432039	1.054179	-0.349066	65.644303	-10.636265	-277.985807	-1.120044	0.204464
0.448037	0.977384	-0.510509	60.864146	-10.091446	-298.797211	34.055427	0.203806
0.464037	0.907571	-0.667588	56.509968	-9.817477	-272.136074	17.123070	0.202491
0.480018	0.841249	-0.815941	52.442318	-9.283085	-254.530433	33.439192	0.200519
0.495997	0.785398	-0.946841	48.968124	-8.191983	-217.422477	68.283526	0.198547
0.512046	0.729548	-1.064651	45.286689	-7.340627	-229.387186	53.047276	0.197232
0.528061	0.677188	-1.165007	42.125579	-6.266402	-197.384321	67.076170	0.195260
0.544031	0.624828	-1.252274	38.977085	-5.464400	-197.150559	50.219323	0.193945
0.560012	0.572468	-1.322087	35.685310	-4.368511	-205.980535	68.574490	0.191972
0.576034	0.520108	-1.378810	32.337400	-3.540332	-208.957023	51.690092	0.191315
0.592037	0.464258	-1.418080	28.897211	-2.453909	-214.971546	67.888704	0.190000
0.608036	0.408407	-1.439897	25.425744	-1.363624	-216.980216	68.147100	0.189343
0.624050	0.356047	-1.439897	22.144471	0.000000	-204.900285	85.151974	0.188685
0.640034	0.300197	-1.431170	18.703315	0.545961	-215.287514	34.156741	0.146609
0.656017	0.268781	-1.396263	16.751099	2.183982	-122.143276	102.485184	0.145952
0.672041	0.254818	-1.348267	15.843725	2.995292	-56.625959	50.630908	0.145294
0.687995	0.254818	-1.278454	15.916296	4.375904	4.548772	86.537053	0.144637
0.704033	0.261799	-1.191187	16.268232	5.441231	21.943878	66.425186	0.143322
0.720035	0.282743	-1.082104	17.612141	6.816840	83.983839	85.964835	0.142007
0.736042	0.321141	-0.955568	20.000851	7.905065	149.229063	67.984283	0.140035
0.752021	0.366519	-0.807215	22.867398	9.284247	179.394636	86.312192	0.138062
0.768016	0.425860	-0.645772	26.544604	10.093339	229.897238	50.584038	0.136090
0.783997	0.495674	-0.462512	30.923407	11.467341	274.000579	85.977209	0.134118
0.800032	0.575959	-0.270526	35.810940	11.972948	304.804038	31.531469	0.132803
0.816032	0.656244	-0.069813	40.889583	12.544554	317.415158	35.725388	0.131488
0.832032	0.729548	0.130900	45.453557	12.544554	285.248362	0.000000	0.130830
0.848033	0.806342	0.327249	50.234080	12.271079	298.764040	-17.091097	0.130830
0.864039	0.879646	0.519235	54.781412	11.994641	284.101707	-17.270945	0.132145
0.880095	0.949459	0.698132	58.942985	11.142018	259.191162	-53.103024	0.133460
0.895995	1.012291	0.868301	63.457656	10.702491	283.941556	-27.643255	0.134775
0.911974	1.068142	1.021018	66.625442	9.557313	198.246840	-71.667650	0.137405
0.927992	1.120501	1.156281	69.719869	8.444439	193.184349	-69.476511	0.139377
0.944027	1.169371	1.278454	72.682215	7.619149	184.742472	-51.468037	0.141349
0.960042	1.211259	1.383173	75.377872	6.538855	168.320815	-67.455140	0.143322
0.976032	1.260128	1.470440	78.542816	5.457565	197.932688	-67.622866	0.145294
0.991983	1.305506	1.540253	81.569030	4.376727	189.719411	-67.759892	0.147266
1.008030	1.354375	1.592613	84.116559	3.262908	158.754196	-69.409815	0.148581
1.023971	1.399754	1.627520	87.511850	2.189736	212.991077	-67.321457	0.186055
1.039992	1.424189	1.640609	88.590138	0.817051	67.304696	-85.680389	0.185398
1.055991	1.441642	1.640609	89.797525	0.000000	75.466397	-51.068861	0.185398
1.072026	1.445133	1.631883	89.809812	-0.544225	0.766269	-33.939813	0.149896
1.088041	1.452114	1.605703	90.357132	-1.634714	34.175456	-68.091710	0.149896
1.104061	1.462586	1.562070	90.981091	-2.723672	38.948741	-67.974952	0.149239
1.119983	1.473058	1.500983	92.196489	-3.836611	76.334511	-69.899438	0.186713
1.136024	1.476549	1.422443	91.727860	-4.896192	-29.214451	-66.054536	0.187370
1.152010	1.473058	1.322087	91.824331	-6.277770	6.034732	-86.424247	0.189343
1.167975	1.448623	1.204277	90.415367	-7.379250	-88.253318	-68.993413	0.190657
1.184020	1.417207	1.064651	88.011886	-8.702171	-149.796301	-82.450702	0.192630
1.200026	1.375319	0.911935	85.616173	-9.541191	-149.675910	-52.419093	0.195260
1.216026	1.322960	0.737402	82.384925	-10.908308	-201.952985	-85.444777	0.197232
1.232020	1.260128	0.549779	78.498795	-11.730830	-242.974279	-51.426919	0.199862
1.247980	1.179843	0.340339	73.649367	-13.122776	-303.848837	-87.214684	0.201834
1.264000	1.092576	0.117810	67.943676	-13.890729	-356.160513	-47.937125	0.203149
1.280020	0.998328	-0.104720	62.079558	-13.890729	-366.049781	-0.000000	0.203806
1.296024	0.925025	-0.322886	57.581835	-13.631977	-281.037467	16.167975	0.204464
1.312013	0.848230	-0.532325	52.848901	-13.098975	-296.011880	33.335534	0.203149
1.327982	0.785398	-0.728675	48.997262	-12.295669	-241.194707	50.304075	0.201834
1.344005	0.726057	-0.911935	45.142321	-11.437282	-240.587977	53.572180	0.199862
1.360015	0.670206	-1.077741	41.703436	-10.356420	-214.796054	67.511708	0.197232
1.376016	0.624828	-1.230457	38.903094	-9.544173	-175.010445	50.762255	0.194602
1.391969	0.575959	-1.365720	35.966752	-8.478845	-184.062079	66.779143	0.191972
1.407976	0.527089	-1.487893	32.803084	-7.632476	-197.642798	52.874924	0.190000
1.424018	0.478220	-1.588250	29.695819	-6.255855	-193.695596	85.813545	0.188028
1.440027	0.432842	-1.666789	26.933122	-4.905979	-172.571477	84.319850	0.149239
1.456055	0.404916	-1.727876	25.168797	-3.811238	-110.077658	68.301774	0.150554
1.472029	0.387463	-1.780236	24.167376	-3.277819	-62.690688	33.392968	0.151869
1.488029	0.383972	-1.819506	23.913746	-2.454369	-15.851902	51.465596	0.152526
1.504022	0.383972	-1.841322	23.924975	-1.364135	0.702102	68.169447	0.153183
1.519970	0.383972	-1.854412	23.992483	-0.820791	4.233032	34.069766	0.153841
1.535983	0.394444	-1.845686	24.549060	0.544973	34.757809	85.290905	0.153841
1.551978	0.408407	-1.828232	25.447338	1.091172	56.159950	34.148120	0.181453
1.568040	0.422370	-1.793326	26.207450	2.173240	47.323639	67.368228	0.181453
1.584006	0.422370	-1.736603	26.361977	3.552750	9.678498	86.402942	0.182111
1.599983	0.422370	-1.662426	26.343827	4.642705	-1.136005	68.220259	0.183426
1.615975	0.415388	-1.566433	25.882567	6.002571	-28.843189	85.034134	0.184740
1.631987	0.404916	-1.457350	25.197752	6.812583	-42.768860	50.587832	0.149239
1.648025	0.401426	-1.335177	24.941533	7.617723	-15.975767	50.202047	0.146609
1.664019	0.404916	-1.186824	25.229158	9.275540	17.983292	103.652407	0.144637
1.679995	0.432842	-1.021018	27.004772	10.378460	111.142585	69.036063	0.142007
1.696025	0.474730	-0.829031	29.520814	11.976682	156.958381	99.701947	0.139377
1.711982	0.527089	-0.623955	32.928014	12.851801	213.523807	54.842300	0.136747
1.727973	0.596903	-0.401426	37.212352	13.915920	267.921824	66.544886	0.134775
1.744030	0.673697	-0.161443	41.826836	14.945679	287.381486	64.131475	0.132803
1.760027	0.750492	0.082903	46.767515	15.274495	308.850316	20.554832	0.131488
1.776004	0.820305	0.322886	51.178885	15.020515	276.107524	-15.896581	0.131488
1.792016	0.886627	0.549779	55.193846	14.170173	250.747007	-53.106589	0.132145
1.808029	0.949459	0.767945	59.099744	13.624315	243.920460	-34.088398	0.134118
1.824017	1.001819	0.968658	62.453387	12.553969	209.760017	-66.946807	0.136090
1.840021	1.047198	1.151917	65.214980	11.450861	172.556429	-68.927079	0.139377
1.855959	1.089085	1.322087	68.103278	10.676973	181.220841	-48.556099	0.142007
1.872020	1.130973	1.474803	70.180669	9.508518	129.343836	-72.751091	0.144637
1.887999	1.172861	1.610066	73.153102	8.465049	186.021191	-65.302533	0.147266
1.904273	1.214749	1.727876	74.391981	7.239138	76.126289	-75.329445	0.185398
1.919980	1.239184	1.828232	78.623766	6.389281	269.420320	-54.106885	0.183426
1.935984	1.249656	1.915499	77.813683	5.452791	-50.617563	-58.515995	0.181453
1.952018	1.249656	1.989675	77.665812	4.626200	-9.222344	-51.552362	0.180138
1.968024	1.249656	2.055125	77.801676	4.089082	8.488331	-33.557299	0.178824
1.983995	1.249656	2.107485	77.972176	3.278435	10.675612	-50.757468	0.177509
2.000040	1.239184	2.146755	76.959903	2.447486	-63.089608	-51.788645	0.176851
2.015975	1.228712	2.172935	76.836287	1.642921	-7.757559	-50.490440	0.176194
2.032018	1.221730	2.181662	75.886147	0.543954	-59.224529	-68.501342	0.175536
2.047999	1.211259	2.181662	75.526804	0.000000	-22.485657	-34.037514	0.175536
2.063979	1.200787	2.159845	74.878500	-1.365245	-40.569699	-85.434608	0.159758
2.079984	1.197296	2.124938	74.545725	-2.180980	-20.791952	-50.967509	0.159100
2.096019	1.197296	2.072578	74.407017	-3.265349	-8.650344	-67.625157	0.158443
2.112018	1.197296	2.007129	74.574443	-4.090871	10.464795	-51.598332	0.157785
2.127968	1.200787	1.924226	75.022393	-5.197689	28.084654	-69.392971	0.157128
2.143998	1.211259	1.823869	75.300497	-6.260538	17.348940	-66.303774	0.155813
2.159993	1.221730	1.706059	76.117686	-7.365409	51.090281	-69.076023	0.153841
2.175972	1.232202	1.575160	76.846975	-8.191983	45.640448	-51.728730	0.151869
2.192006	1.242674	1.422443	77.234204	-9.524530	24.150524	-83.107576	0.149239
2.208019	1.249656	1.256637	77.769187	-10.354479	33.409286	-51.829744	0.188685
2.224044	1.249656	1.064651	77.709430	-11.980419	-3.728961	-101.462701	0.191972
2.240055	1.225221	0.859575	76.251266	-12.808456	-91.072691	-51.716737	0.194602
2.255977	1.179843	0.623955	73.832794	-14.798358	-151.894964	-124.978123	0.197889
2.272019	1.117011	0.375246	69.373662	-15.503642	-277.966057	-43.964844	0.200519
2.287968	1.047198	0.104720	65.414662	-16.961943	-248.228745	-91.435308	0.202491
2.304014	0.977384	-0.165806	60.683595	-16.859406	-294.844000	6.390190	0.203149
2.320029	0.914553	-0.436332	56.892964	-16.892041	-236.692586	-2.037746	0.203806
2.336022	0.858702	-0.689405	53.492753	-15.823969	-212.606171	66.783687	0.201834
2.352008	0.809833	-0.933751	50.471371	-15.285005	-189.001759	33.714750	0.199204
2.368014	0.767945	-1.156281	47.801951	-13.902879	-166.776237	86.350521	0.196574
2.384003	0.733038	-1.361357	45.678757	-12.826080	-132.790867	67.346255	0.192630
2.400019	0.701622	-1.548980	43.647825	-11.714716	-126.806440	69.390823	0.189343
2.415975	0.673697	-1.723513	42.068687	-10.938388	-98.968328	48.654287	0.186055
2.431974	0.649262	-1.876229	40.434454	-9.545366	-102.145914	87.069346	0.152526
2.447981	0.635300	-2.007129	39.547291	-8.177653	-55.423434	85.444667	0.155156
2.464010	0.631809	-2.138028	39.278282	-8.166429	-16.782702	0.700226	0.157128
2.480011	0.631809	-2.255838	39.347776	-7.362648	4.343116	50.233210	0.159100
2.496009	0.631809	-2.364921	39.355154	-6.818545	0.461222	34.010683	0.161073
2.512027	0.631809	-2.460914	39.306016	-5.992827	-3.067715	51.549340	0.162388
2.528011	0.642281	-2.548181	40.044778	-5.459614	46.218876	33.359225	0.163702
2.544002	0.649262	-2.622357	40.461541	-4.638640	26.062318	51.339720	0.164360
2.559965	0.652753	-2.687807	40.749658	-4.100097	18.049053	33.736964	0.165017
2.576007	0.659734	-2.744530	40.983413	-3.535918	14.571483	35.168847	0.165675
2.591954	0.659734	-2.792527	41.226033	-3.009754	15.214122	32.994532	0.166332
2.608045	0.659734	-2.831797	40.857097	-2.440489	-22.928095	35.377881	0.166332
2.624007	0.659734	-2.862340	41.187292	-1.913498	20.686290	33.015321	0.166990
2.640012	0.659734	-2.888520	41.076635	-1.635735	-6.913856	17.354790	0.166990
2.655968	0.659734	-2.910337	41.202779	-1.367299	7.905747	16.823543	0.166990
2.672014	0.659734	-2.932153	40.971678	-1.359630	-14.402419	0.477939	0.166990
2.688062	0.659734	-2.945243	40.966572	-0.815676	-0.318179	33.895407	0.166990
2.703972	0.659734	-2.958333	41.321908	-0.822751	22.334095	-0.444689	0.166990
2.719963	0.659734	-2.967060	41.112598	-0.545722	-13.089231	17.324039	0.167647
2.736025	0.659734	-2.971423	40.930865	-0.271655	-11.314465	17.063089	0.167647
2.752008	0.659734	-2.975786	41.133176	-0.272998	12.657893	-0.084009	0.167647
2.767984	0.659734	-2.971423	41.151199	0.273117	1.128117	34.183471	0.167647
2.784012	0.659734	-2.967060	41.017691	0.272231	-8.329658	-0.055283	0.167647
2.799983	0.659734	-2.958333	41.164082	0.546406	9.166042	17.167019	0.167647
2.815979	0.659734	-2.949606	41.099747	0.545552	-4.021941	-0.053387	0.167647
2.832009	0.659734	-2.936516	41.012573	0.816592	-5.438148	16.908309	0.168304
2.848001	0.659734	-2.919063	41.110027	1.091376	6.093896	17.182622	0.168304
2.864013	0.659734	-2.897247	41.058678	1.362517	-3.206909	16.933557	0.168304
2.880138	0.656244	-2.871067	40.554474	1.623562	-31.268464	16.188868	0.168304
2.895990	0.656244	-2.840523	41.253664	1.926777	44.107353	19.127836	0.168304
2.912012	0.656244	-2.805617	40.815945	2.178666	-27.319830	15.721467	0.168304
2.928016	0.656244	-2.761984	40.861852	2.726395	2.868437	34.224535	0.168962
2.943973	0.656244	-2.713987	40.982207	3.007868	7.542467	17.639465	0.168962
2.960007	0.652753	-2.661627	40.567695	3.265553	-25.852076	16.071146	0.168962
2.975978	0.652753	-2.596177	40.728483	4.098043	10.067514	52.125107	0.169619
2.992058	0.649262	-2.526364	40.235320	4.341615	-30.669349	15.147507	0.170277
3.007995	0.645772	-2.443461	40.378081	5.201929	8.957814	53.982165	0.170934
3.024003	0.642281	-2.347468	39.981696	5.996571	-24.761629	49.640318	0.171592
3.039948	0.638791	-2.238385	39.921513	6.841209	-3.774447	52.971968	0.172907
3.055953	0.638791	-2.120575	39.772615	7.360808	-9.303193	32.464760	0.174221
3.072016	0.635300	-1.989675	39.411694	8.149144	-22.469076	49.077762	0.176194
3.087964	0.631809	-1.841322	39.477776	9.302294	4.143573	72.306903	0.178166
3.103966	0.628319	-1.679879	39.127178	10.088924	-21.909654	49.158200	0.180796
3.120010	0.628319	-1.496620	39.025510	11.422312	-6.336806	83.108217	0.184083
3.136014	0.628319	-1.300270	39.123050	12.268779	6.094688	52.890980	0.147924
3.152113	0.635300	-1.082104	39.325834	13.551535	12.596092	79.679207	0.144637
3.167962	0.670206	-0.842121	42.147064	15.141824	178.006814	100.340057	0.140692
3.183993	0.722566	-0.575959	44.927132	16.603001	173.418232	91.146959	0.138062
3.199999	0.788889	-0.296706	49.129488	17.446750	262.548830	52.714536	0.134775
3.215972	0.858702	-0.004363	53.587194	18.302301	279.077553	53.562308	0.132803
3.232012	0.921534	0.283616	57.265362	17.953823	229.312229	-21.725523	0.132145
3.247965	0.980875	0.562869	61.283663	17.504713	251.883724	-28.152118	0.132803
3.264009	1.029744	0.829031	63.969107	16.589548	167.379964	-57.040915	0.134775
3.280009	1.071632	1.073377	66.752355	15.271631	173.952957	-82.369826	0.137405
3.296037	1.106539	1.300270	68.804470	14.156027	128.033143	-69.603433	0.141349
3.312011	1.134464	1.514073	70.777605	13.384427	123.521676	-48.303515	0.144637
3.328010	1.158899	1.706059	72.188174	11.999889	88.166067	-86.539045	0.148581
3.343988	1.176352	1.884956	73.370046	11.196411	73.968709	-50.286520	0.182768
3.360016	1.186824	2.046399	73.790719	10.072558	26.246143	-70.118095	0.180138
3.375994	1.183333	2.199115	73.800878	9.557911	0.635823	-32.209681	0.177509
3.391955	1.183333	2.343105	73.880247	9.021343	4.972648	-33.617442	0.174879
3.407966	1.183333	2.478368	73.649530	8.448130	-14.409915	-35.801200	0.172907
3.424013	1.172861	2.604904	72.831722	7.885360	-50.963270	-35.070141	0.170934
3.440002	1.158899	2.718350	72.224940	7.095278	-37.949976	-49.414087	0.169619
3.455943	1.151917	2.827433	72.007527	6.842926	-13.638607	-15.830400	0.168962
3.472012	1.148427	2.927790	71.218228	6.245344	-49.119387	-37.188483	0.168304
3.487965	1.144936	3.023783	71.518036	6.017245	18.793219	-14.298188	0.167647
3.503961	1.144936	3.111049	71.326545	5.455518	-11.971183	-35.116727	0.167647
3.520003	1.144936	3.193953	71.122018	5.167881	-12.749466	-17.930262	0.189343
3.536108	1.130973	3.285582	69.976826	5.689524	-71.107870	32.390163	0.128201
3.552014	1.137955	3.390302	71.294281	6.583664	82.827568	56.213983	0.091384
3.567972	1.190315	3.464479	74.341543	4.648232	190.955127	-121.282823	0.042734
3.583960	1.305506	3.503748	81.395503	2.456211	441.203408	-137.104142	0.017093
3.600005	1.497492	3.486295	93.046770	-1.087771	726.161857	-220.877709	0.094671
3.615950	1.696460	3.429572	106.066654	-3.557429	816.549651	-154.886001	0.123599
3.631968	1.867502	3.381575	116.218038	-2.996414	633.748550	35.024037	0.144637
3.647947	1.979203	3.372849	123.454819	-0.546132	452.893242	153.343857	0.156471
3.663959	2.066470	3.394665	128.626100	1.362517	322.962809	119.201148	0.158443
3.680006	2.136283	3.468842	132.677115	4.622452	252.446880	203.149235	0.163045
3.695960	2.199115	3.582288	137.373563	7.110844	294.374324	155.972884	0.166990
3.712008	2.244493	3.721915	139.382917	8.700545	125.209029	99.059127	0.172249
3.727957	2.275909	3.887721	142.207949	10.396030	177.129095	106.306675	0.173564
3.744002	2.293363	4.075344	142.438031	11.693543	14.339800	80.867126	0.174879
3.759994	2.307325	4.280420	143.779385	12.823674	83.876536	70.668504	0.174221
3.775993	2.317797	4.494223	144.367971	13.363512	36.788899	33.742032	0.174879
3.791999	2.328269	4.716752	144.956803	13.902879	36.788207	33.697775	0.175536
3.808001	2.338741	4.956735	145.645170	14.997049	43.017560	68.377061	0.176194
3.823998	2.356194	5.218534	146.779443	16.365530	70.905354	85.546143	0.177509
3.839961	2.377138	5.493424	148.400286	17.220407	101.537539	53.553639	0.180138
3.856134	2.398082	5.781403	147.763842	17.806179	-39.352286	36.219105	0.182768
3.871988	2.412045	6.073746	151.613103	18.439678	242.794340	39.958311	0.184740
3.887997	2.408554	0.074176	149.924089	-374.762278	-105.504041	-24561.306476	0.184740
3.903998	2.391101	0.340339	148.909045	16.634130	-63.436270	24460.746672	0.182111
3.919952	2.359685	0.589049	147.382389	15.589157	-95.691144	-65.499080	0.178166
3.935953	2.317797	0.820305	144.338503	14.452605	-190.230955	-71.030117	0.172907
3.951989	2.279400	1.038471	141.638149	13.604774	-168.393233	-52.870450	0.167647
3.967998	2.234021	1.239184	139.050836	12.537502	-161.616173	-66.667024	0.164360
3.984003	2.195624	1.422443	136.696407	11.450145	-147.105854	-67.938557	0.159100
3.999979	2.167699	1.592613	135.204980	10.651577	-93.354230	-49.985450	0.156471
4.015955	2.146755	1.745329	133.900118	9.559108	-81.676382	-68.381916	0.155156
4.032003	2.132792	1.876229	132.433871	8.156761	-91.366348	-87.384560	0.154498
4.048007	2.125811	1.985312	132.364795	6.815988	-4.316154	-83.777318	0.153841
4.063994	2.129302	2.081305	132.725415	6.004448	22.557068	-50.762524	0.154498
4.079997	2.136283	2.155482	133.028203	4.635162	18.920739	-85.564343	0.156471
4.096007	2.150246	2.212205	133.840637	3.542986	50.745405	-68.218367	0.157785
4.111998	2.167699	2.260201	135.088059	3.001473	78.007757	-33.863592	0.159758
4.127990	2.192134	2.290745	136.603730	1.909909	94.776776	-68.256888	0.162388
4.143952	2.213077	2.303835	138.167241	0.820071	97.952103	-68.277037	0.165675
4.160036	2.227040	2.303835	137.982780	0.000000	-11.468629	-50.986742	0.166990
4.175991	2.241003	2.295108	139.970475	-0.546954	124.581323	-34.281022	0.166990
4.191952	2.251475	2.282018	140.570902	-0.820122	37.618377	-17.114744	0.168304
4.207988	2.261947	2.251475	140.564204	-1.904668	-0.417635	-67.631968	0.168962
4.223962	2.268928	2.212205	141.544531	-2.458364	61.370164	-34.662310	0.170277
4.240008	2.272419	2.159845	141.125429	-3.263111	-26.118809	-50.152487	0.170277
4.255994	2.272419	2.098758	141.654351	-3.821251	33.086552	-34.914327	0.170277
4.271953	2.272419	2.020219	141.894006	-4.921349	15.016971	-68.932774	0.169619
4.287987	2.268928	1.928589	141.012585	-5.714718	-54.972015	-49.480376	0.169619
4.303991	2.265437	1.819506	141.059567	-6.815988	2.935656	-68.812207	0.168962
4.319995	2.258456	1.697333	140.624105	-7.633907	-27.209567	-51.107136	0.168304
4.335996	2.251475	1.557706	140.215689	-8.726101	-25.524447	-68.257851	0.166990
4.351987	2.241003	1.404990	139.650030	-9.550141	-35.373570	-51.531513	0.166332
4.367994	2.230531	1.230457	138.858512	-10.903538	-49.448215	-84.550273	0.165017
4.383953	2.216568	1.042834	138.403542	-11.756557	-28.508699	-53.450690	0.163702
4.400000	2.199115	0.837758	136.559954	-12.779721	-114.886804	-63.760464	0.161730
4.415984	2.185152	0.623955	136.228470	-13.376053	-20.738462	-37.308050	0.159758
4.432137	2.171190	0.397062	133.941805	-14.046481	-141.562894	-41.504833	0.159100
4.447997	2.167699	0.170170	136.199247	-14.305977	142.335557	-16.361713	0.157785
4.463991	2.171190	6.235189	135.277160	379.205899	-57.652043	24603.718682	0.159100
4.479938	2.181662	6.021386	136.331767	-13.407088	66.131998	-24619.865002	0.160415
4.495986	2.199115	5.816310	136.559037	-12.778925	14.161893	39.142768	0.162388
4.511989	2.223549	5.628687	138.466107	-11.724233	119.169537	65.905911	0.165017
4.527991	2.247984	5.449791	139.996402	-11.179618	95.631492	34.034155	0.168304
4.543982	2.268928	5.283984	141.397104	-10.368725	87.593118	50.709351	0.170934
4.559947	2.286381	5.131268	142.716020	-9.565694	82.613025	50.299439	0.172249
4.575976	2.300344	4.996005	143.013474	-8.438644	18.557221	70.313231	0.173564
4.591935	2.310816	4.873832	144.293892	-7.655433	80.231676	49.076446	0.174221
4.607991	2.317797	4.764749	143.854695	-6.793914	-27.354064	53.657127	0.174879
4.624025	2.317797	4.677482	144.050556	-5.442588	12.215349	84.278738	0.174879
4.639986	2.317797	4.607669	144.709392	-4.373985	41.277901	66.950924	0.173564
4.655996	2.314307	4.550946	144.048467	-3.542986	-41.282048	51.904999	0.173564
4.671932	2.310816	4.516039	144.499089	-2.190423	28.276985	84.874650	0.172907
4.687943	2.303835	4.494223	143.386943	-1.362602	-69.461348	51.703302	0.172907
4.704018	2.296853	4.494223	142.383291	0.000000	-62.435607	84.765268	0.171592
4.719941	2.286381	4.502949	143.086340	0.548053	44.153068	34.418947	0.170934
4.735996	2.279400	4.533493	141.477361	1.902414	-100.216700	84.357610	0.168962
4.751951	2.272419	4.581489	141.928053	3.008245	28.247687	69.309371	0.168962
4.767971	2.265437	4.646939	140.917923	4.085509	-63.054262	67.244894	0.168304
4.784008	2.261947	4.725479	140.552400	4.897413	-22.792486	50.626969	0.167647
4.799987	2.265437	4.821472	141.281788	6.007454	45.646628	69.468730	0.168304
4.815989	2.265437	4.934918	141.077959	7.089514	-12.737697	67.620286	0.169619
4.831936	2.275909	5.070181	142.221200	8.482035	71.690032	87.321842	0.168962
4.847991	2.286381	5.218534	141.914475	9.240298	-19.104634	47.229076	0.171592
4.864033	2.296853	5.379977	142.679985	10.063767	47.719105	51.332080	0.172249
4.879980	2.307325	5.554510	144.184344	10.944562	94.334950	55.232604	0.173564
4.895943	2.314307	5.737770	144.474880	11.480271	18.200539	33.559460	0.174221
4.911986	2.321288	5.929756	144.188085	11.966977	-17.876607	30.337593	0.174879
4.927992	2.321288	6.121742	144.519873	11.994641	20.728942	1.728306	0.175536
4.943944	2.317797	0.026180	144.790272	-382.119008	16.950828	-24706.221692	0.174221
4.959943	2.310816	0.213803	143.929326	11.727164	-53.812488	24616.924287	0.173564
4.975930	2.296853	0.392699	143.165511	11.190107	-47.777266	-33.593318	0.172249
4.992117	2.275909	0.554142	140.105752	9.973618	-189.025683	-75.152246	0.169619
5.007941	2.258456	0.711222	142.221412	9.926670	133.699444	-2.966864	0.166990
5.023986	2.241003	0.855211	139.178514	8.974114	-189.647751	-59.367788	0.165675
5.039994	2.230531	0.986111	138.849838	8.177142	-20.531990	-49.785855	0.163702
5.055983	2.220059	1.108284	138.362173	7.641069	-30.500027	-33.527649	0.163702
5.071979	2.209587	1.208641	137.649248	6.273845	-44.568987	-85.472821	0.163045
5.087951	2.209587	1.300270	137.858372	5.736901	13.093192	-33.617848	0.161730
5.103936	2.209587	1.374447	137.746257	4.640381	-7.013765	-68.596810	0.163702
5.119940	2.209587	1.431170	137.582724	3.544314	-10.218245	-68.487079	0.163702
5.136004	2.209587	1.470440	137.068845	2.444591	-31.989523	-68.458856	0.163702
5.151939	2.209587	1.496620	138.178470	1.642921	69.634478	-50.308777	0.163702
5.167976	2.213077	1.500983	137.517277	0.272079	-41.229194	-85.479954	0.163702
5.183939	2.216568	1.492257	138.372678	-0.546680	53.586427	-51.290992	0.164360
5.199966	2.220059	1.466077	138.037158	-1.633490	-20.934667	-67.811198	0.165017
5.215983	2.220059	1.422443	138.122579	-2.724183	5.333141	-68.095951	0.165017
5.231946	2.220059	1.361357	138.589823	-3.826757	29.270451	-69.070638	0.164360
5.247934	2.220059	1.282817	138.373114	-4.912423	-13.554486	-67.905037	0.164360
5.263985	2.220059	1.191187	137.830001	-5.708665	-33.836706	-49.607028	0.164360
5.279983	2.220059	1.082104	138.286620	-6.818545	28.542252	-69.376139	0.164360
5.296014	2.220059	0.959931	138.001955	-7.621050	-17.757134	-50.059571	0.164360
5.311959	2.216568	0.820305	138.527355	-8.756748	32.950794	-71.225957	0.164360
5.328013	2.213077	0.667588	137.370139	-9.512664	-72.082759	-47.085868	0.163702
5.343942	2.209587	0.506145	138.229753	-10.135160	53.965355	-39.079377	0.163045
5.359979	2.209587	0.335976	137.299615	-10.611062	-57.999523	-29.675285	0.163045
5.375979	2.209587	0.165806	137.617120	-10.635600	19.844085	-1.533630	0.163702
5.391987	2.209587	6.274459	137.548346	381.599974	-4.296238	24502.472140	0.163702
5.407982	2.213077	6.099926	137.878373	-10.911718	20.633155	-24539.649367	0.163702
5.424020	2.223549	5.934119	138.160891	-10.338339	17.615527	35.751269	0.164360
5.439978	2.237512	5.777040	139.726184	-9.843316	98.088316	31.020374	0.166332
5.455977	2.251475	5.633050	140.237786	-8.999916	31.977129	52.715751	0.168304
5.471979	2.261947	5.497787	140.862866	-8.452882	39.062591	34.185383	0.169619
5.487933	2.272419	5.371251	141.940767	-7.931326	67.563082	32.691251	0.170277
5.503987	2.279400	5.257804	141.489209	-7.066550	-28.127451	53.866654	0.170934
5.519919	2.286381	5.157448	143.009334	-6.299048	95.413318	48.173646	0.170934
5.535955	2.289872	5.074545	142.298017	-5.169814	-44.357517	70.418672	0.171592
5.551932	2.293363	5.004732	143.041214	-4.369604	46.516674	50.085104	0.171592
5.567979	2.289872	4.952372	142.198955	-3.262908	-52.486999	68.965967	0.172249
5.583981	2.289872	4.917465	142.599601	-2.181389	25.037247	67.586468	0.170934
5.599945	2.289872	4.895649	142.939039	-1.366613	21.262703	51.038307	0.170934
5.615977	2.289872	4.895649	142.332761	0.000000	-37.816764	85.242849	0.170934
5.631989	2.289872	4.904375	142.510543	0.545007	11.103086	34.037387	0.170934
5.648064	2.286381	4.934918	141.734878	1.900047	-48.252908	84.294915	0.170934
5.663934	2.286381	4.982915	143.566499	3.024358	115.414089	70.845001	0.170277
5.679976	2.286381	5.044002	142.027200	3.807912	-95.954320	48.843935	0.170934
5.696074	2.289872	5.122541	141.749969	4.878856	-17.221456	66.526498	0.170934
5.711989	2.289872	5.218534	143.379128	6.031612	102.366235	72.432090	0.171592
5.727922	2.289872	5.327618	143.217148	6.846362	-10.166309	51.135962	0.170934
5.743979	2.289872	5.449791	142.111155	7.608709	-68.879168	47.477606	0.170934
5.759978	2.289872	5.585054	142.626340	8.454467	32.201084	52.863149	0.170934
5.775967	2.289872	5.729043	142.715543	9.005545	5.579010	34.466089	0.170934
5.791947	2.289872	5.886123	142.795921	9.829764	5.029910	51.578159	0.170934
5.807983	2.289872	6.043203	142.297257	9.795437	-31.096516	-2.140617	0.170934
5.824070	2.289872	6.204645	141.846138	10.035616	-28.042491	14.929991	0.170934
5.839979	2.289872	0.082903	143.433202	-384.797432	99.758923	-24818.219148	0.170934
5.855971	2.282891	0.239983	142.252220	9.822388	-73.848333	24676.076826	0.170934
5.871949	2.275909	0.392699	141.941454	9.557911	-19.449608	-16.552557	0.169619
5.887935	2.261947	0.532325	140.998517	8.734289	-58.985196	-51.521501	0.168962
5.903984	2.251475	0.658862	139.795567	7.884377	-74.954821	-52.957287	0.166332
5.919917	2.241003	0.781035	140.158390	7.667925	22.771816	-13.585160	0.165675
5.935936	2.234021	0.890118	138.972399	6.809606	-74.036498	-53.581305	0.165017
5.951926	2.227040	0.986111	138.789363	6.003321	-11.446914	-50.424303	0.165017
5.967985	2.223549	1.069014	137.977186	5.162410	-50.574587	-52.363880	0.164360
5.984068	2.220059	1.138827	137.555006	4.340805	-26.250098	-51.085284	0.164360
5.999938	2.220059	1.191187	139.401975	3.299299	116.381171	-65.627350	0.163702
6.015946	2.223549	1.230457	138.418291	2.453143	-61.449527	-52.858350	0.164360
6.031973	2.223549	1.252274	138.253436	1.361241	-10.286084	-68.128864	0.165675
6.047946	2.223549	1.261000	138.720830	0.546337	29.261508	-51.017595	0.165017
6.064005	2.223549	1.247910	137.977945	-0.815117	-46.259734	-84.778297	0.165017
6.079975	2.223549	1.221730	138.746889	-1.639320	48.149285	-51.609427	0.165017
6.095988	2.223549	1.178097	138.374309	-2.724863	-23.267317	-67.791364	0.165017
6.111940	2.223549	1.121374	138.903449	-3.555868	33.170729	-52.094072	0.165017
6.127979	2.223549	1.047198	138.149998	-4.624758	-46.976181	-66.643203	0.165017
6.143963	2.223549	0.959931	138.625364	-5.459614	29.740114	-52.230702	0.165017
6.159972	2.220059	0.855211	138.190840	-6.541305	-27.142474	-67.567723	0.165017
6.175912	2.220059	0.741765	138.789796	-7.117089	37.575635	-36.121955	0.163702
6.191938	2.220059	0.615229	138.045011	-7.895693	-46.473535	-48.583770	0.164360
6.207978	2.220059	0.479966	137.924523	-8.432856	-7.511731	-33.489012	0.164360
6.223963	2.220059	0.335976	138.399083	-9.007799	29.687860	-35.967616	0.164360
6.239937	2.220059	0.187623	138.494387	-9.287153	5.966210	-17.488075	0.164360
6.255966	2.220059	0.034907	138.019174	-9.527501	-29.647085	-14.994540	0.164360
6.271978	2.220059	6.169739	138.165710	383.139665	9.151603	24523.305399	0.164360
6.287964	2.227040	6.021386	138.827140	-9.280182	41.375600	-24547.719699	0.164360
6.303920	2.237512	5.881760	139.742935	-8.750711	57.395005	33.183197	0.166332
6.319954	2.251475	5.755223	139.931667	-7.891753	11.770746	53.571006	0.167647
6.335990	2.261947	5.633050	140.564204	-7.618673	39.444851	17.029168	0.169619
6.351958	2.268928	5.523967	141.597717	-6.831355	64.723984	49.306010	0.170277
6.367967	2.275909	5.423611	141.669642	-6.268751	4.492761	35.142999	0.170277
6.383968	2.282891	5.331981	142.175254	-5.726504	31.598803	33.888327	0.170934
6.399917	2.282891	5.257804	142.637273	-4.650855	28.968536	67.442992	0.171592
6.415960	2.282891	5.196718	141.801525	-3.807675	-52.094241	52.557552	0.170277
6.431917	2.282891	5.148721	142.565762	-3.007868	47.893532	50.122599	0.170277
6.447930	2.282891	5.113815	142.067187	-2.179890	-31.135645	51.706607	0.170277
6.463937	2.282891	5.096361	142.120439	-1.090354	3.326788	68.066262	0.170277
6.479969	2.282891	5.100725	141.898819	0.272163	-13.823599	84.987345	0.170277
6.495959	2.282891	5.109451	142.271537	0.545756	23.309403	17.110264	0.170277
6.511940	2.282891	5.139995	142.351659	1.911223	5.013634	85.443149	0.170277
6.527965	2.282891	5.187991	141.960803	2.995105	-24.390412	67.636902	0.170277
6.543958	2.282891	5.244714	142.244849	3.546752	17.760638	34.493025	0.170277
6.559925	2.282891	5.323254	142.476475	4.918884	14.506520	85.935490	0.170277
6.575964	2.282891	5.410521	141.836889	5.440892	-39.876872	32.546170	0.170277
6.591970	2.286381	5.515240	142.347403	6.542531	31.895120	68.826659	0.170277
6.607961	2.286381	5.628687	142.480167	7.094391	8.302409	34.510627	0.171592
6.623971	2.286381	5.750860	142.311077	7.631046	-10.561494	33.520012	0.170934
6.639973	2.286381	5.881760	142.382224	8.180208	4.446110	34.318352	0.170934
6.655962	2.286381	6.017023	142.497989	8.459755	7.240299	17.483664	0.170934
6.671926	2.286381	6.156649	142.721144	8.746325	13.978652	17.951068	0.170934
6.687912	2.286381	0.017453	142.524731	-384.035759	-12.286590	-24570.379365	0.170934
6.703924	2.282891	0.157080	142.075299	8.720106	-28.068434	24528.844942	0.170934
6.719930	2.275909	0.292343	141.693150	8.450770	-23.875373	-16.827231	0.170277
6.735920	2.265437	0.414516	141.181548	7.640591	-31.995121	-50.667835	0.168962
6.751902	2.254965	0.532325	140.599270	7.371401	-36.433371	-16.843339	0.166990
6.767941	2.247984	0.641409	139.666610	6.801115	-58.149462	-35.556203	0.166332
6.783908	2.241003	0.741765	139.860701	6.285240	12.155748	-32.308785	0.166332
6.799927	2.234021	0.829031	138.972399	5.447685	-55.453002	-52.285131	0.165675
6.815959	2.230531	0.907571	138.643499	4.898941	-20.515241	-34.228053	0.165017
6.831969	2.230531	0.968658	138.834776	3.815523	11.947333	-67.671306	0.165017
6.847907	2.230531	1.021018	139.461963	3.285223	39.351665	-33.272710	0.165675
6.863959	2.230531	1.055924	138.471515	2.174594	-61.702438	-69.189413	0.165675
6.879937	2.230531	1.077741	139.112828	1.365416	40.137224	-50.643273	0.165675
6.895963	2.230531	1.082104	138.696166	0.272265	-25.999090	-68.211073	0.165675
6.911947	2.230531	1.073377	139.060608	-0.545961	22.800418	-51.190354	0.165675
6.927908	2.230531	1.051561	139.260996	-1.366870	12.554857	-51.432170	0.165675
6.943943	2.230531	1.012291	138.618320	-2.449012	-40.079592	-67.486238	0.165675
