0.015993	0.250000	0.400000	1.516835	25.010942	26.345465	1563.868085	0.155813	1	2
0.031961	1.000000	0.800000	1.938178	25.050100	26.386712	2.452274	0.152526	4	4
0.047984	2.250000	1.200000	2.359521	24.964114	26.296138	-5.366418	0.149239	9	6
0.064010	3.750000	1.800000	2.780864	37.439161	26.291215	778.425513	0.145952	15	9
0.080008	5.750000	2.800000	3.202207	62.507813	26.337231	1566.986630	0.142664	23	14
0.095957	8.250000	4.200000	3.623550	87.779798	26.418146	1584.549792	0.139377	33	21
0.112019	11.000000	5.400000	4.044893	74.710497	26.232288	-813.678327	0.136090	44	27
0.127971	14.000000	6.800000	4.466236	87.763290	26.413178	818.254328	0.132803	56	34
0.144016	18.000000	8.600000	4.803310	112.184481	21.008066	1522.043707	0.130173	72	43
0.159948	22.250000	10.400000	4.803310	112.980166	0.000000	49.942541	0.130173	89	52
0.176010	27.000000	12.400000	4.719042	124.517495	-5.246458	718.299652	0.130830	108	62
0.191943	31.750000	14.400000	4.719042	125.525639	0.000000	63.273954	0.130830	127	72
0.207942	37.000000	16.400000	4.719042	125.007813	0.000000	-32.366124	0.130830	148	82
0.223936	42.500000	18.400000	4.634773	125.046893	-5.268763	2.443391	0.131488	170	92
0.240022	48.000000	20.200000	4.634773	111.898545	0.000000	-817.378296	0.131488	192	101
0.255944	53.500000	21.600000	4.634773	87.928652	0.000000	-1505.457426	0.131488	214	108
0.271994	59.250000	23.000000	4.550505	87.227414	-5.250380	-43.690832	0.132145	237	115
0.287928	65.000000	24.000000	4.550505	62.758880	0.000000	-1535.617795	0.132145	260	120
0.303981	70.500000	24.800000	4.466236	49.834922	-5.249399	-805.080581	0.132803	282	124
0.319954	75.750000	25.400000	4.466236	37.563388	0.000000	-768.267301	0.132803	303	127
0.335999	81.000000	25.400000	4.466236	0.000000	0.000000	-2341.127343	0.132803	324	127
0.351933	86.250000	25.200000	4.466236	-12.551776	0.000000	-787.735413	0.132803	345	126
0.367957	91.500000	24.800000	4.129162	-24.962556	-21.035597	-774.511988	0.135433	366	124
0.383950	96.750000	24.000000	3.707819	-50.021885	-26.345465	-1566.893541	0.138720	387	120
0.399946	101.750000	22.600000	3.286476	-87.521880	-26.340524	-2344.335827	0.142007	407	113
0.416001	106.500000	21.000000	2.865133	-99.657428	-26.243726	-755.873380	0.145294	426	105
0.432006	111.000000	19.000000	2.443789	-124.960950	-26.325712	-1580.976077	0.148581	444	95
0.447989	114.750000	16.600000	2.022446	-150.159545	-26.361948	-1576.587300	0.151869	459	83
0.463934	118.500000	13.600000	1.601103	-188.146754	-26.424774	-2382.390088	0.155156	474	68
0.479975	121.250000	10.000000	1.179760	-224.424911	-26.266630	-2261.589471	0.158443	485	50
0.495962	124.000000	6.200000	0.758417	-237.693126	-26.355352	-829.937731	0.161730	496	31
0.511989	125.750000	1.800000	0.337074	-274.536719	-26.289575	-2298.845300	0.165017	503	9
0.527944	127.250000	-2.800000	-0.000000	-288.310874	-21.126569	-863.312758	0.167647	509	-14
0.543939	128.000000	-7.800000	-0.421343	-312.597687	-26.342170	-1518.400278	0.170934	512	-39
0.559993	128.500000	-13.000000	-0.842686	-323.906815	-26.245360	-704.442988	0.174221	514	-65
0.575973	128.250000	-18.200000	-1.264029	-325.406758	-26.366897	-93.863826	0.177509	513	-91
0.591953	128.250000	-23.200000	-1.685372	-312.891114	-26.366897	783.206793	0.180796	513	-116
0.608022	128.000000	-28.000000	-2.106715	-298.711805	-26.220861	882.401428	0.184083	512	-140
0.623993	127.250000	-32.400000	-2.528058	-275.499343	-26.381755	1453.413235	0.187370	509	-162
0.639928	126.500000	-36.400000	-2.949401	-251.019768	-26.441356	1536.214293	0.190657	506	-182
0.655953	125.000000	-40.200000	-3.370744	-237.129485	-26.292856	866.788307	0.193945	500	-201
0.671934	123.500000	-43.400000	-3.792087	-200.237782	-26.365247	2308.472737	0.197232	494	-217
0.687974	121.500000	-46.000000	-3.792087	-162.094763	0.000000	2377.993720	0.197232	486	-230
0.703954	119.250000	-48.200000	-3.707819	-137.672090	5.273379	1528.327471	0.196574	477	-241
0.719922	116.750000	-49.800000	-3.623550	-100.200401	5.277342	2346.673930	0.195917	467	-249
0.735955	114.250000	-50.800000	-3.539281	-62.371359	5.255947	2359.448745	0.195260	457	-254
0.751935	111.250000	-51.000000	-3.539281	-12.515645	0.000000	3119.882010	0.195260	445	-255
0.767976	108.250000	-50.600000	-3.455013	24.936101	5.253326	2334.751312	0.194602	433	-253
0.783954	105.000000	-50.000000	-3.117938	37.551633	21.096158	789.556406	0.191972	420	-250
0.799941	101.750000	-48.400000	-2.696595	100.081316	26.355352	3911.283078	0.188685	407	-242
0.815981	98.500000	-46.400000	-2.275252	124.688279	26.268268	1534.099952	0.185398	394	-232
0.831991	95.500000	-43.600000	-1.853909	174.890693	26.317490	3135.691069	0.182111	382	-218
0.847972	92.750000	-40.200000	-1.432566	212.752644	26.365247	2369.185311	0.178824	371	-201
0.863940	90.000000	-36.200000	-1.011223	250.501002	26.386712	2364.000391	0.175536	360	-181
0.879933	88.000000	-31.400000	-0.589880	300.131307	26.345465	3103.251763	0.172249	352	-157
0.896008	86.500000	-26.000000	-0.168537	335.925350	26.211074	2226.690045	0.168962	346	-130
0.911942	85.500000	-19.800000	0.168537	389.105058	21.154413	3337.498961	0.166332	342	-99
0.927960	85.250000	-13.000000	0.589880	424.522412	26.304346	2211.097136	0.163045	341	-65
0.943981	85.250000	-5.600000	1.011223	461.893764	26.299420	2332.647909	0.159758	341	-28
0.959971	85.750000	2.000000	1.432566	475.297061	26.350407	838.229908	0.156471	343	10
0.975947	86.250000	9.800000	1.853909	488.232349	26.373499	809.669996	0.153183	345	49
0.991966	87.250000	17.200000	2.275252	461.951433	26.302704	-1640.609017	0.149896	349	86
1.007914	88.000000	24.600000	2.696595	464.008026	26.419803	128.956196	0.146609	352	123
1.023971	89.250000	31.600000	3.117938	435.946939	26.240457	-1747.592144	0.143322	357	158
1.039971	90.500000	38.200000	3.539281	412.500000	26.333938	-1465.433689	0.140035	362	191
1.055987	92.000000	44.200000	3.960624	374.625375	26.307631	-2364.799287	0.136747	368	221
1.071926	93.750000	49.600000	3.707819	338.791643	-15.860832	-2248.179402	0.138720	375	248
1.087921	95.500000	54.400000	3.455013	300.093779	-15.805302	-2419.372544	0.140692	382	272
1.103933	97.500000	58.600000	3.286476	262.303273	-10.525681	-2360.136570	0.142007	390	293
1.119971	99.750000	62.000000	3.117938	211.996508	-10.508617	-3136.723049	0.143322	399	310
1.135991	102.000000	64.600000	2.949401	162.297129	-10.520425	-3102.333315	0.144637	408	323
1.151937	104.500000	66.600000	2.780864	125.423304	-10.569247	-2312.418471	0.145952	418	333
1.167942	107.250000	67.800000	2.696595	74.976570	-5.265142	-3151.935884	0.146609	429	339
1.183933	110.250000	68.200000	2.612327	25.014070	-5.269752	-3124.413696	0.147266	441	341
1.199957	113.250000	67.800000	2.612327	-24.962556	0.000000	-3118.860870	0.147266	453	339
1.215969	116.250000	66.600000	2.275252	-74.943792	-21.051362	-3121.486135	0.149896	465	333
1.231967	119.250000	64.600000	1.853909	-125.015627	-26.337231	-3129.880910	0.153183	477	323
1.247959	122.000000	62.000000	1.432566	-162.581291	-26.347112	-2349.028495	0.156471	488	310
1.263969	124.750000	58.400000	1.011223	-224.859463	-26.317490	-3889.954540	0.159758	499	292
1.279958	126.750000	54.200000	0.589880	-262.680593	-26.352055	-2365.446874	0.163045	507	271
1.295968	128.250000	49.200000	0.168537	-312.304809	-26.317490	-3099.576301	0.166332	513	246
1.311922	129.250000	43.200000	-0.168537	-376.081234	-21.127893	-3997.519371	0.168962	517	216
1.327964	129.500000	36.400000	-0.589880	-423.887296	-26.264993	-2980.056246	0.172249	518	182
1.343950	129.250000	28.800000	-1.011223	-475.415989	-26.357001	-3223.363765	0.175536	517	144
1.359943	128.250000	20.600000	-1.432566	-512.724317	-26.345465	-2332.791090	0.178824	513	103
1.375925	126.500000	11.400000	-1.853909	-575.647604	-26.363597	-3937.134693	0.182111	506	57
1.391937	124.500000	2.000000	-2.275252	-587.059705	-26.314203	-712.721813	0.185398	498	10
1.407969	122.250000	-7.800000	-2.696595	-611.277445	-26.281376	-1510.587568	0.188685	489	-39
1.423921	120.000000	-17.200000	-3.117938	-589.267803	-26.413178	1379.741832	0.191972	480	-86
1.439945	117.750000	-26.600000	-3.539281	-586.620070	-26.294497	165.235491	0.195260	471	-133
1.455967	115.750000	-35.400000	-3.960624	-549.244788	-26.297779	2332.747565	0.198547	463	-177
1.471970	113.750000	-43.600000	-4.044893	-512.403924	-5.265800	2302.122362	0.199204	455	-218
1.487916	111.750000	-51.400000	-3.707819	-489.150884	21.138493	1458.236550	0.196574	447	-257
1.503975	109.500000	-58.200000	-3.370744	-423.438570	20.989751	4091.930628	0.193945	438	-291
1.519963	107.500000	-64.600000	-3.117938	-400.300225	15.812222	1447.231993	0.191972	430	-323
1.535956	105.250000	-70.000000	-2.780864	-337.647721	21.076372	3917.495422	0.189343	421	-350
1.551929	102.750000	-74.800000	-2.443789	-300.507106	21.102762	2325.212242	0.186713	411	-374
1.567967	100.250000	-78.600000	-2.106715	-236.937274	21.017235	3963.700696	0.184083	401	-393
1.583950	98.000000	-81.600000	-1.685372	-187.699431	26.361948	3080.638386	0.180796	392	-408
1.599935	95.250000	-84.000000	-1.264029	-150.140757	26.358650	2349.619874	0.177509	381	-420
1.615961	92.750000	-85.400000	-0.842686	-87.358043	26.291215	3917.553587	0.174221	371	-427
1.631916	90.500000	-86.200000	-0.421343	-50.141022	26.408212	2332.624353	0.170934	362	-431
1.647980	88.500000	-86.000000	-0.000000	12.450199	26.229022	3896.365838	0.167647	354	-430
1.663968	87.250000	-85.600000	-0.084269	25.018764	-5.270741	786.124898	0.168304	349	-428
1.679962	85.750000	-84.400000	-0.589880	75.028136	-31.612581	3126.758252	0.172249	343	-422
1.695962	84.500000	-82.400000	-1.011223	125.000000	-26.333938	3123.241528	0.175536	338	-412
1.711967	83.500000	-79.600000	-1.432566	174.945330	-26.325712	3120.607909	0.178824	334	-398
1.727968	82.500000	-76.200000	-1.853909	212.486720	-26.332293	2346.190238	0.182111	330	-381
1.743932	81.500000	-71.800000	-2.190984	275.620145	-21.114659	3954.737268	0.184740	326	-359
1.759964	80.250000	-66.800000	-1.853909	311.876248	21.025101	2261.483419	0.182111	321	-334
1.775905	79.250000	-61.000000	-1.432566	363.841666	26.431404	3259.859396	0.178824	317	-305
1.791919	78.250000	-54.400000	-1.011223	412.139378	26.310916	3015.968022	0.175536	313	-272
1.807924	77.500000	-47.000000	-0.589880	462.355514	26.325712	3137.528014	0.172249	310	-235
1.823922	77.250000	-39.000000	-0.168537	500.062508	26.337231	2356.981742	0.168962	309	-195
1.840002	77.250000	-30.000000	0.084269	559.701493	15.721754	3708.892085	0.166990	309	-150
1.855937	77.750000	-20.600000	0.589880	589.896454	31.729628	1894.883076	0.163045	311	-103
1.871988	78.500000	-10.600000	1.011223	623.014142	26.250266	2063.278804	0.159758	314	-53
1.887947	79.500000	-0.200000	1.432566	651.669904	26.401593	1795.586297	0.156471	318	-1
1.903924	80.250000	10.000000	1.853909	638.417725	26.371848	-829.453505	0.153183	321	50
1.919953	81.250000	20.000000	2.275252	623.869237	26.286295	-907.635440	0.149896	325	100
1.935966	81.750000	29.600000	2.696595	599.512896	26.312559	-1521.035486	0.146609	327	148
1.951926	82.500000	38.600000	3.117938	563.909774	26.399938	-2230.772014	0.143322	330	193
1.967913	83.000000	47.000000	3.539281	525.426909	26.355352	-2407.134864	0.140035	332	235
1.983918	83.750000	54.600000	3.539281	474.851609	0.000000	-3159.968790	0.140035	335	273
1.999921	84.500000	61.600000	3.202207	437.417984	-21.063201	-2339.162953	0.142664	338	308
2.015917	85.500000	68.000000	2.865133	400.100025	-21.072419	-2332.955684	0.145294	342	340
2.031936	86.750000	73.400000	2.528058	337.099694	-21.042163	-3932.850421	0.147924	347	367
2.047899	88.250000	78.200000	2.190984	300.695358	-21.115981	-2280.544766	0.150554	353	391
2.063954	90.000000	82.000000	1.769641	236.686391	-26.243726	-3986.855651	0.153841	360	410
2.079960	91.500000	85.200000	1.348298	199.925028	-26.324067	-2296.723880	0.157128	366	426
2.095945	93.500000	87.400000	0.926955	137.629027	-26.358650	-3897.153638	0.160415	374	437
2.111950	95.250000	89.000000	0.505612	99.968760	-26.325712	-2353.031393	0.163702	381	445
2.127930	96.750000	89.800000	0.084269	50.062578	-26.366897	-3123.040146	0.166990	387	449
2.143954	98.000000	89.800000	-0.252806	0.000000	-21.035597	-3124.224802	0.169619	392	449
2.160046	99.000000	89.400000	-0.084269	-24.857072	10.473354	-1544.685051	0.168304	396	447
2.175976	99.500000	88.400000	0.252806	-62.774639	21.159725	-2380.261595	0.165675	398	442
2.191955	100.250000	86.600000	0.674149	-112.647850	26.368547	-3121.172242	0.162388	401	433
2.207903	100.750000	84.200000	1.095492	-150.489090	26.419803	-2372.789017	0.159100	403	421
2.223939	101.250000	81.000000	1.516835	-199.551010	26.274820	-3059.486199	0.155813	405	405
2.239922	101.750000	77.000000	1.938178	-250.265908	26.361948	-3173.052449	0.152526	407	385
2.255955	102.250000	72.400000	2.106715	-286.908252	10.511895	-2285.432808	0.151211	409	362
2.271951	103.000000	66.800000	2.359521	-350.087522	15.804314	-3949.691807	0.149239	412	334
2.287974	103.750000	60.600000	2.022446	-386.943768	-21.036910	-2300.208853	0.151869	415	303
2.303925	104.250000	53.600000	1.601103	-438.843960	-26.414834	-3253.726493	0.155156	417	268
2.319958	104.750000	45.800000	1.179760	-486.496601	-26.279736	-2972.159991	0.158443	419	229
2.335914	104.750000	37.400000	0.758417	-526.447731	-26.406556	-2503.831192	0.161730	419	187
2.351985	104.750000	28.200000	0.337074	-572.459710	-26.217598	-2863.043916	0.165017	419	141
2.367915	104.750000	18.600000	-0.000000	-602.636535	-21.159725	-1894.339285	0.167647	419	93
2.383904	104.750000	8.600000	-0.421343	-625.429983	-26.352055	-1425.570597	0.170934	419	43
2.399972	104.500000	-1.800000	-0.842686	-647.249191	-26.222493	-1357.929290	0.174221	418	-9
2.415900	104.250000	-11.800000	-1.264029	-627.825213	-26.452977	1219.486281	0.177509	417	-59
2.431956	104.250000	-21.800000	-1.685372	-622.820130	-26.242091	311.726701	0.180796	417	-109
2.447972	104.000000	-31.200000	-2.106715	-586.913087	-26.307631	2241.948216	0.184083	416	-156
2.463937	104.000000	-40.200000	-2.528058	-563.733166	-26.391670	1451.921116	0.187370	416	-201
2.479939	103.750000	-48.400000	-2.949401	-512.435946	-26.330647	3205.675590	0.190657	415	-242
2.495958	103.500000	-56.200000	-3.370744	-486.921780	-26.302704	1592.743937	0.193945	414	-281
2.511906	103.000000	-63.200000	-3.202207	-438.926511	10.567921	3009.485153	0.192630	412	-316
2.527920	102.000000	-69.400000	-2.780864	-387.161234	26.310916	3232.501389	0.189343	408	-347
2.543960	101.000000	-75.000000	-2.528058	-349.127182	15.760961	2371.200242	0.187370	404	-375
2.559954	99.500000	-79.800000	-2.275252	-300.112542	15.806290	3064.564202	0.185398	398	-399
2.575953	98.000000	-83.600000	-1.853909	-237.514845	26.335584	3912.600633	0.182111	392	-418
2.591953	96.000000	-86.800000	-1.432566	-200.000000	26.333938	2344.677792	0.178824	384	-434
2.607940	94.250000	-89.000000	-1.011223	-137.611810	26.355352	3902.432627	0.175536	377	-445
2.624040	92.500000	-90.600000	-0.589880	-99.378882	26.170374	2374.716000	0.172249	370	-453
2.639937	90.750000	-91.400000	-0.168537	-50.323960	26.504562	3085.797414	0.168962	363	-457
2.656045	89.250000	-91.400000	0.168537	0.000000	20.925901	3124.159455	0.166332	357	-457
2.671954	88.500000	-91.000000	0.589880	25.143001	26.484569	1580.426225	0.163045	354	-455
2.687925	87.750000	-90.000000	0.589880	62.613487	0.000000	2346.157794	0.163045	351	-450
2.703942	87.750000	-88.400000	0.168537	99.893863	-26.305988	2327.550467	0.166332	351	-442
2.719966	87.750000	-86.000000	-0.168537	149.775337	-21.035597	3112.922755	0.168962	351	-430
2.735967	87.750000	-83.000000	-0.589880	187.488282	-26.332293	2356.911755	0.172249	351	-415
2.751926	87.750000	-79.200000	-1.011223	238.110157	-26.401593	3171.995444	0.175536	351	-396
2.767951	87.750000	-74.600000	-1.432566	287.051482	-26.292856	3054.060829	0.178824	351	-373
2.783891	87.500000	-69.200000	-1.853909	338.770389	-26.433062	3244.598927	0.182111	350	-346
2.799915	87.250000	-63.200000	-1.853909	374.438342	0.000000	2225.908233	0.182111	349	-316
2.815908	87.000000	-56.200000	-1.432566	437.691490	26.345465	3955.052057	0.178824	348	-281
2.831962	86.750000	-48.600000	-1.011223	473.402267	26.245360	2224.416178	0.175536	347	-243
2.847955	86.750000	-40.200000	-0.589880	525.229788	26.345465	3240.637822	0.172249	347	-201
2.863951	86.750000	-31.200000	-0.168537	562.640660	26.340524	2338.764199	0.168962	347	-156
2.879969	87.000000	-21.800000	0.168537	586.839805	21.043477	1510.746976	0.166332	348	-109
2.895936	87.750000	-11.600000	0.589880	638.817561	26.388364	3255.323856	0.163045	351	-58
2.911955	88.500000	-1.400000	1.011223	636.743867	26.302704	-129.452186	0.159758	354	-7
2.927906	89.000000	9.000000	1.432566	651.996740	26.414834	956.233049	0.156471	356	45
2.943957	89.500000	18.800000	1.853909	610.553860	26.250266	-2581.950062	0.153183	358	94
2.959929	89.750000	28.200000	2.275252	588.529927	26.380104	-1378.908853	0.149896	359	141
2.975959	89.750000	37.200000	2.696595	561.447286	26.284655	-1689.497257	0.146609	359	186
2.991950	90.250000	45.600000	3.117938	525.295479	26.348760	-2260.759654	0.143322	361	228
3.007959	90.500000	53.400000	3.539281	487.225935	26.319134	-2378.008826	0.140035	362	267
3.023931	91.250000	60.400000	3.370744	438.266967	-10.552041	-3065.299788	0.141349	365	302
3.039957	91.750000	66.600000	3.033670	386.871334	-21.032972	-3207.015669	0.143979	367	333
3.055949	93.000000	72.200000	2.612327	350.175088	-26.347112	-2294.662740	0.147266	372	361
3.071924	94.250000	77.000000	2.359521	300.469484	-15.825090	-3111.461908	0.149239	377	385
3.087888	95.750000	80.800000	1.938178	238.035580	-26.393323	-3910.918536	0.152526	383	404
3.103919	97.250000	84.000000	1.516835	199.613249	-26.283015	-2396.751963	0.155813	389	420
3.119941	99.000000	86.400000	1.095492	149.794033	-26.297779	-3109.425548	0.159100	396	432
3.135949	100.750000	88.000000	0.674149	99.950025	-26.320778	-3113.693667	0.162388	403	440
3.151899	102.500000	88.800000	0.252806	50.156740	-26.416490	-3121.836061	0.165675	410	444
3.167948	103.750000	88.800000	-0.084269	0.000000	-21.002830	-3125.225236	0.168304	415	444
3.183901	104.500000	88.400000	-0.084269	-25.073654	0.000000	-1571.720295	0.168304	418	442
3.199904	105.250000	87.400000	0.252806	-62.488283	21.063201	-2337.975979	0.165675	421	437
3.215946	106.000000	85.400000	0.674149	-124.672734	26.264993	-3876.352738	0.162388	424	427
3.231947	106.500000	83.000000	1.095492	-149.990626	26.332293	-1582.269328	0.159100	426	415
3.247962	107.000000	79.800000	1.516835	-199.812676	26.309273	-3110.961600	0.155813	428	399
3.263900	107.500000	75.800000	1.938178	-250.972519	26.436379	-3209.928654	0.152526	430	379
3.279891	108.250000	71.000000	2.190984	-300.168845	15.809256	-3076.500936	0.150554	433	355
3.295898	108.750000	65.400000	1.938178	-349.846942	-15.793453	-3103.523270	0.152526	435	327
3.311923	109.500000	59.000000	1.516835	-399.375975	-26.292856	-3090.735293	0.155813	438	295
3.327920	110.000000	52.000000	1.095492	-437.582047	-26.338877	-2388.327286	0.159100	440	260
3.343942	110.250000	44.200000	0.674149	-486.830608	-26.297779	-3073.808593	0.162388	441	221
3.359957	110.250000	35.600000	0.252806	-536.996566	-26.309273	-3132.435704	0.165675	441	178
3.375896	110.250000	26.200000	-0.084269	-589.748416	-21.147777	-3309.608515	0.168304	441	131
3.391943	109.500000	16.400000	-0.505612	-610.706051	-26.256809	-1306.015775	0.171592	438	82
3.407919	108.500000	6.200000	-0.926955	-638.457687	-26.373499	-1737.082846	0.174879	434	31
3.423909	107.500000	-4.200000	-1.348298	-650.406504	-26.350407	-747.268139	0.178166	430	-21
3.439913	107.000000	-14.400000	-1.769641	-637.340665	-26.327357	816.410849	0.181453	428	-72
3.455935	106.500000	-24.200000	-2.190984	-611.658969	-26.297779	1602.902004	0.184740	426	-121
3.471961	106.000000	-33.600000	-2.612327	-586.546861	-26.291215	1566.960412	0.188028	424	-168
3.487881	105.250000	-42.600000	-3.033670	-565.326633	-26.466270	1332.928906	0.191315	421	-213
3.503936	104.750000	-50.800000	-3.455013	-510.744316	-26.243726	3399.708300	0.194602	419	-254
3.519900	104.000000	-58.600000	-3.455013	-488.599349	0.000000	1387.181651	0.194602	416	-293
3.535896	103.000000	-65.400000	-3.033670	-425.106277	26.340524	3969.309325	0.191315	412	-327
3.551936	102.000000	-71.600000	-2.780864	-386.533666	15.760961	2404.776230	0.189343	408	-358
3.567932	100.500000	-77.000000	-2.443789	-337.584396	21.072419	3060.094382	0.186713	402	-385
3.583918	99.000000	-81.400000	-2.106715	-275.240836	21.085601	3899.884922	0.184083	396	-407
3.599943	97.000000	-85.200000	-1.685372	-237.129485	26.292856	2378.243404	0.180796	388	-426
3.615938	95.250000	-88.200000	-1.264029	-187.558612	26.342170	3099.148053	0.177509	381	-441
3.631891	93.250000	-90.400000	-0.842686	-137.905096	26.411522	3112.487673	0.174221	373	-452
3.647938	91.500000	-91.800000	-0.421343	-87.243722	26.256809	3157.062046	0.170934	366	-459
3.663937	89.750000	-92.400000	-0.000000	-37.502344	26.335584	3109.030419	0.167647	359	-462
3.679955	88.500000	-92.400000	0.337074	0.000000	21.043477	2341.262573	0.165017	354	-462
3.695915	87.750000	-92.000000	0.758417	25.062657	26.399938	1570.341895	0.161730	351	-460
3.711942	87.500000	-91.000000	0.674149	62.394709	-5.257915	2329.322536	0.162388	350	-455
3.727937	87.500000	-89.400000	0.252806	100.031260	-26.342170	2353.019746	0.165675	350	-447
3.743932	87.500000	-87.000000	-0.084269	150.046890	-21.073736	3126.954041	0.168304	350	-435
3.759888	87.500000	-84.000000	-0.505612	188.017047	-26.406556	2379.678944	0.171592	350	-420
3.775886	87.500000	-80.200000	-0.926955	237.529691	-26.337231	3094.927137	0.174879	350	-401
3.791908	87.500000	-75.600000	-1.348298	287.105230	-26.297779	3094.216646	0.178166	350	-378
3.807908	87.500000	-70.200000	-1.769641	337.500000	-26.333938	3149.673106	0.181453	350	-351
3.823934	87.500000	-64.200000	-1.685372	374.391614	5.258243	2301.985126	0.180796	350	-321
3.839938	87.250000	-57.200000	-1.264029	437.390652	26.327357	3936.455805	0.177509	349	-286
3.855893	87.250000	-49.600000	-0.842686	476.339705	26.408212	2441.181641	0.174221	349	-248
3.871938	87.250000	-41.200000	-0.421343	523.527579	26.260082	2940.970599	0.170934	349	-206
3.887936	87.250000	-32.200000	-0.000000	562.570321	26.337231	2440.476472	0.167647	349	-161
3.903920	87.750000	-22.600000	0.337074	600.600601	21.088239	2379.271729	0.165017	351	-113
3.919889	88.500000	-12.400000	0.758417	638.737554	26.385059	2388.186700	0.161730	354	-62
3.935907	89.750000	-2.000000	1.179760	649.269572	26.304346	657.511407	0.158443	359	-10
3.951940	90.500000	8.400000	1.601103	648.662134	26.279736	-37.886695	0.155156	362	42
3.967897	91.000000	18.400000	2.022446	626.684214	26.404902	-1377.321584	0.151869	364	92
3.983887	91.500000	28.000000	2.443789	600.375235	26.350407	-1645.339544	0.148581	366	140
3.999901	91.750000	37.200000	2.865133	574.497315	26.310916	-1615.956018	0.145294	367	186
4.015882	92.250000	45.600000	3.286476	525.624179	26.365247	-3058.202624	0.142007	369	228
4.031939	92.750000	53.600000	3.623550	498.225073	20.992365	-1706.365170	0.139377	371	268
4.047942	93.500000	60.600000	3.286476	437.417984	-21.063201	-3799.730616	0.142007	374	303
4.064019	94.500000	67.000000	2.949401	398.084220	-20.966251	-2446.586082	0.144637	378	335
4.079942	95.500000	72.800000	2.612327	364.252967	-21.169027	-2124.678282	0.147266	382	364
4.095940	97.000000	77.600000	2.275252	300.037505	-21.069784	-4013.968166	0.149896	388	388
4.111987	98.750000	81.600000	1.853909	249.267776	-26.256809	-3163.814344	0.153183	395	408
4.127933	100.500000	85.000000	1.432566	213.219616	-26.423116	-2260.639640	0.156471	402	425
4.143886	102.250000	87.400000	1.011223	150.441923	-26.411522	-3935.165364	0.159758	409	437
4.159935	104.000000	89.000000	0.589880	99.694685	-26.253537	-3162.018700	0.163045	416	445
4.175934	105.750000	90.000000	0.168537	62.503906	-26.335584	-2324.568944	0.166332	423	450
4.191876	107.000000	90.400000	-0.168537	25.090955	-21.143797	-2346.816697	0.168962	428	452
4.207896	108.000000	90.000000	-0.589880	-24.968789	-26.301062	-3124.827948	0.172249	432	450
4.223963	108.500000	89.200000	-0.421343	-49.791498	10.489650	-1544.949841	0.170934	434	446
4.239936	108.500000	87.600000	-0.000000	-100.169035	26.378452	-3153.918309	0.167647	434	438
4.255905	108.500000	85.600000	0.337074	-125.242658	21.108048	-1570.143553	0.165017	434	428
4.271941	108.500000	82.600000	0.758417	-187.079072	26.274820	-3856.099678	0.161730	434	413
4.287918	108.500000	79.000000	1.179760	-225.323903	26.371848	-2393.742944	0.158443	434	395
4.303891	108.500000	74.600000	1.601103	-275.464847	26.378452	-3139.106230	0.155156	434	373
4.319924	108.500000	69.400000	2.022446	-324.331067	26.279736	-3047.852569	0.151869	434	347
4.335926	108.750000	63.400000	1.853909	-374.953131	-10.532259	-3163.483545	0.153183	435	317
4.351917	108.750000	56.800000	1.432566	-412.732162	-26.348760	-2362.518353	0.156471	435	284
4.367926	108.750000	49.400000	1.011223	-462.239990	-26.319134	-3092.499729	0.159758	435	247
4.383893	108.750000	41.200000	0.589880	-513.559216	-26.388364	-3214.080659	0.163045	435	206
4.399877	108.750000	32.400000	0.168537	-550.550551	-26.360299	-2314.272689	0.166332	435	162
4.415926	108.250000	23.000000	-0.168537	-585.706275	-21.002830	-2190.524268	0.168962	433	115
4.431914	107.250000	13.000000	-0.589880	-625.469102	-26.353704	-2487.041987	0.172249	429	65
4.447919	106.500000	2.800000	-1.011223	-637.300843	-26.325712	-739.252837	0.175536	426	14
4.463886	105.500000	-7.400000	-1.432566	-638.817561	-26.388364	-94.990777	0.178824	422	-37
4.479936	105.250000	-17.400000	-1.853909	-623.052960	-26.251901	982.218176	0.182111	421	-87
4.495906	104.750000	-27.000000	-2.275252	-601.127113	-26.383407	1372.939647	0.185398	419	-135
4.511880	104.250000	-36.000000	-2.696595	-563.415550	-26.376801	2360.809006	0.188685	417	-180
4.527891	103.750000	-44.800000	-3.117938	-549.622135	-26.315846	861.496189	0.191972	415	-224
4.543942	103.000000	-52.600000	-3.539281	-485.951031	-26.250266	3966.799806	0.195260	412	-263
4.559899	102.250000	-60.000000	-3.370744	-463.746318	10.561961	1391.534302	0.193945	409	-300
4.575901	101.250000	-66.600000	-3.033670	-412.448444	21.064518	3205.716428	0.191315	405	-333
4.591904	100.250000	-72.400000	-2.612327	-362.432044	26.329002	3125.438977	0.188028	401	-362
4.607930	98.750000	-77.400000	-2.275252	-311.993011	21.032972	3147.325136	0.185398	395	-387
4.623924	97.250000	-81.600000	-1.853909	-262.598474	26.343817	3088.316677	0.182111	389	-408
4.639925	95.500000	-85.200000	-1.432566	-224.985938	26.332293	2350.636588	0.178824	382	-426
4.655930	93.750000	-87.800000	-1.011223	-162.449235	26.325712	3907.322947	0.175536	375	-439
4.671893	92.000000	-89.600000	-0.589880	-112.760759	26.394977	3112.727893	0.172249	368	-448
4.687899	90.250000	-90.800000	-0.168537	-74.971886	26.324067	2360.919262	0.168962	361	-454
4.703882	88.750000	-91.000000	0.168537	-12.513295	21.089558	3907.813938	0.166332	355	-455
4.719868	88.000000	-90.800000	0.589880	12.510947	26.357001	1565.384865	0.163045	352	-454
4.735880	87.500000	-90.200000	0.421343	37.471896	-10.525681	1558.890145	0.164360	350	-451
4.751880	87.250000	-88.600000	0.000000	100.000000	-26.333938	3908.006495	0.167647	349	-443
4.767884	87.000000	-86.600000	-0.337074	124.968758	-21.061885	1560.157324	0.170277	348	-433
4.783919	87.000000	-83.800000	-0.758417	174.618023	-26.276459	3096.305910	0.173564	348	-419
4.799884	87.000000	-80.400000	-1.179760	212.965863	-26.391670	2401.994347	0.176851	348	-402
4.815913	87.000000	-76.000000	-1.601103	274.502464	-26.286295	3839.079260	0.180138	348	-380
4.831923	86.500000	-71.000000	-2.022446	312.304809	-26.317490	2361.170844	0.183426	346	-355
4.848009	86.250000	-65.000000	-1.853909	372.995151	10.477260	3772.867187	0.182111	345	-325
4.863923	85.750000	-58.400000	-1.432566	414.729169	26.476248	2622.471925	0.178824	343	-292
4.879922	85.250000	-51.000000	-1.011223	462.528908	26.335584	2987.670403	0.175536	341	-255
4.895921	85.250000	-43.000000	-0.589880	500.031252	26.335584	2344.042996	0.172249	341	-215
4.911888	85.250000	-34.200000	-0.168537	551.136719	26.388364	3200.693150	0.168962	341	-171
4.927897	85.500000	-24.800000	0.168537	587.169717	21.055307	2250.796274	0.166332	342	-124
4.943885	86.000000	-14.800000	0.589880	625.469102	26.353704	2395.508181	0.163045	344	-74
4.959920	87.000000	-4.600000	1.011223	636.108513	26.276459	663.511743	0.159758	348	-23
4.975909	87.750000	5.800000	1.432566	650.447182	26.352055	896.783402	0.156471	351	29
4.991933	88.000000	15.800000	1.853909	624.063904	26.294497	-1646.485166	0.153183	352	79
5.007920	88.500000	25.600000	2.275252	612.998061	26.355352	-692.177596	0.149896	354	128
5.023878	89.000000	34.800000	2.696595	576.513348	26.403247	-2286.296114	0.146609	356	174
5.039889	89.250000	43.400000	3.117938	537.130723	26.315846	-2459.722997	0.143322	357	217
5.055919	89.750000	51.400000	3.539281	499.064255	26.284655	-2374.701691	0.140035	359	257
5.071927	90.250000	58.800000	3.370744	462.268866	-10.528311	-2298.562528	0.141349	361	294
5.087884	91.000000	65.200000	3.033670	401.077897	-21.123921	-3834.741413	0.143979	364	326
5.103904	91.750000	71.000000	2.696595	362.047441	-21.040850	-2436.358062	0.146609	367	355
5.120004	93.250000	76.200000	2.443789	322.981366	-15.702224	-2426.464238	0.148581	373	381
5.135931	94.750000	80.400000	2.106715	263.703146	-21.163710	-3721.869835	0.151211	379	402
5.151922	96.250000	83.800000	1.685372	212.619599	-26.348760	-3194.518609	0.154498	385	419
5.167925	97.750000	86.400000	1.264029	162.469537	-26.329002	-3133.791262	0.157785	391	432
5.183893	99.750000	88.200000	0.842686	112.725451	-26.386712	-3115.235850	0.161073	399	441
5.199918	101.750000	89.400000	0.421343	74.882995	-26.292856	-2361.463687	0.164360	407	447
5.215895	103.000000	89.800000	0.000000	25.035989	-26.371848	-3119.922769	0.167647	412	449
5.231928	104.250000	89.400000	-0.337074	-24.948544	-21.023789	-3117.603247	0.170277	417	447
5.247894	105.000000	88.600000	-0.168537	-50.106476	10.556007	-1575.719193	0.168962	420	443
5.263896	105.500000	87.000000	0.168537	-99.987502	21.064518	-3117.174434	0.166332	422	435
5.279954	105.750000	85.000000	0.589880	-124.548512	26.238823	-1529.518625	0.163045	423	425
5.295931	106.000000	82.000000	1.011223	-187.769919	26.371848	-3957.026201	0.159758	424	410
5.311877	106.250000	78.400000	1.432566	-225.761947	26.423116	-2382.542789	0.156471	425	392
5.327898	106.500000	74.200000	1.853909	-262.155920	26.299420	-2271.641832	0.153183	426	371
5.343856	107.000000	69.000000	2.275252	-325.855370	26.403247	-3991.693821	0.149896	428	345
5.359889	107.500000	63.000000	1.938178	-374.228154	-21.023789	-3017.076285	0.152526	430	315
5.375895	108.000000	56.200000	1.516835	-424.840685	-26.324067	-3162.097358	0.155813	432	281
5.391914	108.250000	48.800000	1.095492	-461.951433	-26.302704	-2316.670699	0.159100	433	244
5.407901	108.250000	40.600000	0.674149	-512.916745	-26.355352	-3187.922198	0.162388	433	203
5.423896	108.250000	31.800000	0.252806	-550.171929	-26.342170	-2329.176860	0.165675	433	159
5.439916	108.000000	22.400000	-0.084269	-586.766542	-21.040850	-2284.307934	0.168304	432	112
5.455926	107.250000	12.400000	-0.505612	-624.609619	-26.317490	-2363.715001	0.171592	429	62
5.471919	106.250000	2.000000	-0.926955	-650.284499	-26.345465	-1605.382385	0.174879	425	10
5.487859	105.750000	-8.200000	-1.348298	-639.899624	-26.433062	651.497859	0.178166	423	-41
5.503933	105.500000	-18.000000	-1.769641	-609.680229	-26.212705	1880.017086	0.181453	422	-90
5.519877	105.250000	-27.600000	-2.190984	-602.107376	-26.426431	474.965700	0.184740	421	-138
5.535907	105.000000	-36.600000	-2.612327	-561.447286	-26.284655	2536.499655	0.188028	420	-183
5.551928	104.500000	-45.200000	-3.033670	-536.795456	-26.299420	1538.719829	0.191315	418	-226
5.567839	104.000000	-53.200000	-3.455013	-502.796807	-26.481240	2136.801504	0.194602	416	-266
5.583848	103.500000	-60.400000	-3.286476	-449.747017	10.527654	3313.747888	0.193287	414	-302
5.599882	102.500000	-67.000000	-2.949401	-411.625296	21.022478	2377.555261	0.190657	410	-335
5.615921	101.500000	-72.600000	-2.612327	-349.148949	21.015924	3895.276938	0.188028	406	-363
5.631874	100.000000	-77.600000	-2.275252	-313.420673	21.129218	2239.596076	0.185398	400	-388
5.647887	98.500000	-81.800000	-1.853909	-262.286892	26.312559	3193.266804	0.182111	394	-409
5.663857	96.750000	-85.000000	-1.432566	-200.375704	26.383407	3876.718062	0.178824	387	-425
5.679916	94.750000	-87.600000	-1.011223	-161.902983	26.237189	2395.710922	0.175536	379	-438
5.695883	93.000000	-89.400000	-0.589880	-112.732511	26.388364	3079.505978	0.172249	372	-447
5.711897	91.250000	-90.400000	-0.168537	-62.445360	26.310916	3140.199232	0.168962	365	-452
5.727876	89.750000	-90.800000	0.168537	-25.032856	21.094838	2341.354571	0.166332	359	-454
5.743906	88.750000	-90.400000	0.589880	24.953213	26.284655	3118.282492	0.163045	355	-452
5.759921	88.000000	-89.400000	0.421343	62.441461	-10.523709	2340.821006	0.164360	352	-447
5.775916	87.750000	-88.000000	0.000000	87.527352	-26.342170	1568.358310	0.167647	351	-440
5.791917	87.500000	-85.800000	-0.337074	137.491407	-21.065834	3122.558246	0.170277	350	-429
5.807911	87.500000	-82.800000	-0.758417	187.570339	-26.343817	3131.107421	0.173564	350	-414
5.823909	87.500000	-79.200000	-1.179760	225.028129	-26.337231	2341.404528	0.176851	350	-396
5.839907	87.250000	-74.800000	-1.601103	275.034379	-26.337231	3125.781397	0.180138	349	-374
5.855934	87.000000	-69.400000	-2.022446	336.931428	-26.289575	3862.048351	0.183426	348	-347
5.871865	86.500000	-63.600000	-1.853909	364.070052	10.579198	1703.510381	0.182111	346	-318
5.887922	86.000000	-56.800000	-1.432566	423.491312	26.240457	3700.645208	0.178824	344	-284
5.903851	85.750000	-49.200000	-1.011223	477.117208	26.451316	3366.557562	0.175536	343	-246
5.919902	85.750000	-41.000000	-0.589880	510.871597	26.250266	2102.946183	0.172249	343	-205
5.935865	85.750000	-32.200000	-0.168537	551.274823	26.394977	2531.054704	0.168962	343	-161
5.951907	86.000000	-22.800000	0.168537	585.961850	21.011994	2162.263254	0.166332	344	-114
5.967908	86.500000	-12.800000	0.589880	624.960940	26.332293	2437.290782	0.163045	346	-64
5.983858	87.250000	-2.600000	1.011223	639.498433	26.416490	911.441546	0.159758	349	-13
5.999860	88.000000	7.600000	1.432566	637.420322	26.330647	-129.865651	0.156471	352	38
6.015875	88.000000	17.400000	1.853909	611.926319	26.309273	-1591.882821	0.153183	352	87
6.031865	88.500000	27.000000	2.275252	600.375235	26.350407	-722.394281	0.149896	354	135
6.047917	88.750000	36.200000	2.696595	573.137304	26.248630	-1696.855891	0.146609	355	181
6.063914	89.250000	44.600000	3.117938	525.098456	26.338877	-3002.991048	0.143322	357	223
6.079908	89.500000	52.400000	3.539281	487.682881	26.343817	-2339.350687	0.140035	358	262
6.095895	90.000000	59.600000	3.370744	450.365922	-10.542141	-2334.206466	0.141349	360	298
6.111908	90.750000	66.000000	3.033670	399.675264	-21.050048	-3165.594109	0.143979	363	330
6.127915	91.750000	71.600000	2.696595	349.846942	-21.057938	-3112.908220	0.146609	367	358
6.143924	93.250000	76.400000	2.359521	299.831345	-21.055307	-3124.217446	0.149239	373	382
6.159905	94.750000	80.400000	2.022446	250.297228	-21.092198	-3099.563038	0.151869	379	402
6.175884	96.250000	83.800000	1.601103	212.779273	-26.368547	-2347.953887	0.155156	385	419
6.191881	97.750000	86.200000	1.179760	150.028130	-26.338877	-3922.681910	0.158443	391	431
6.207851	99.750000	88.000000	0.758417	112.711334	-26.383407	-2336.681060	0.161730	399	440
6.223903	101.500000	88.800000	0.337074	49.838026	-26.248630	-3916.851940	0.165017	406	444
6.239911	102.750000	89.000000	-0.000000	12.493753	-21.056622	-2332.850655	0.167647	411	445
6.255996	103.750000	88.600000	-0.337074	-24.867889	-20.955823	-2322.762976	0.170277	415	443
6.271884	104.500000	87.600000	-0.252806	-62.940584	5.303915	-2396.317645	0.169619	418	438
6.287902	105.000000	86.000000	0.000000	-99.887626	15.782608	-2306.595226	0.167647	420	430
6.303854	105.250000	83.600000	0.505612	-150.451354	31.695814	-3169.742204	0.163702	421	418
6.319880	105.250000	80.600000	0.926955	-187.195807	26.291215	-2292.802493	0.160415	421	403
6.335887	105.500000	76.800000	1.348298	-237.396139	26.322422	-3136.148708	0.157128	422	384
6.351861	105.500000	72.200000	1.769641	-287.967948	26.376801	-3165.882605	0.153841	422	361
6.367905	105.750000	66.800000	2.190984	-336.574420	26.261719	-3029.573200	0.150554	423	334
6.383897	106.250000	60.600000	2.022446	-387.693847	-10.538845	-3196.562442	0.151869	425	303
6.399908	106.500000	53.800000	1.601103	-424.708013	-26.315846	-2311.796035	0.155156	426	269
6.415854	106.750000	46.200000	1.179760	-476.608554	-26.423116	-3254.768633	0.158443	427	231
6.431864	106.750000	37.800000	0.758417	-524.672080	-26.317490	-3002.094071	0.161730	427	189
6.447997	106.750000	29.000000	0.337074	-545.465815	-26.116842	-1288.894530	0.165017	427	145
6.463851	106.750000	19.600000	-0.000000	-592.910307	-21.261159	-2992.588062	0.167647	427	98
6.479899	106.250000	9.600000	-0.421343	-623.130608	-26.255173	-1883.119493	0.170934	425	48
6.495866	105.750000	-0.400000	-0.842686	-626.291727	-26.388364	-197.978237	0.174221	423	-2
6.511876	105.500000	-10.400000	-1.179760	-624.609619	-21.053992	105.066065	0.176851	422	-52
6.527858	105.500000	-20.000000	-1.601103	-600.675760	-26.363597	1497.550917	0.180138	422	-100
6.543876	105.250000	-29.400000	-2.022446	-586.839805	-26.304346	863.775441	0.183426	421	-147
6.559910	105.250000	-38.200000	-2.443789	-548.833728	-26.278097	2370.342827	0.186713	421	-191
6.575854	105.000000	-46.600000	-2.865133	-526.843954	-26.426431	1379.188064	0.190000	420	-233
6.591903	104.500000	-54.200000	-3.286476	-473.549754	-26.253537	3320.717799	0.193287	418	-271
6.607866	104.000000	-61.200000	-3.286476	-438.514064	0.000000	2194.806121	0.193287	416	-306
6.623908	103.000000	-67.600000	-2.949401	-398.952749	21.011994	2466.108636	0.190657	412	-338
6.639861	101.750000	-73.000000	-2.612327	-338.494327	21.129218	3789.783862	0.188028	407	-365
6.655875	100.250000	-77.800000	-2.359521	-299.737729	15.786550	2420.169701	0.186055	401	-389
6.671915	98.500000	-81.600000	-1.938178	-236.907731	26.268268	3917.082220	0.182768	394	-408
6.687857	96.750000	-84.800000	-1.516835	-200.727638	26.429746	2269.482686	0.179481	387	-424
6.703863	94.750000	-87.000000	-1.095492	-137.448457	26.324067	3953.466254	0.176194	379	-435
6.719896	92.750000	-88.600000	-0.674149	-99.794175	26.279736	2348.548763	0.172907	371	-443
6.735878	91.000000	-89.400000	-0.252806	-50.056313	26.363597	3112.117455	0.169619	364	-447
6.751856	89.500000	-89.200000	0.084269	12.517211	21.096158	3916.230099	0.166990	358	-446
6.767867	88.250000	-88.800000	0.084269	24.982824	0.000000	778.565558	0.166990	353	-444
6.783874	87.500000	-87.800000	-0.252806	62.472668	-21.057938	2342.090579	0.169619	350	-439
6.799842	86.750000	-85.800000	-0.674149	125.250501	-26.386712	3931.477505	0.172907	347	-429
6.815844	86.000000	-83.400000	-1.095492	149.981252	-26.330647	1545.478774	0.176194	344	-417
6.831843	85.250000	-80.000000	-1.516835	212.513282	-26.335584	3908.496140	0.179481	341	-400
6.847889	84.500000	-76.000000	-1.938178	249.283310	-26.258445	2291.538602	0.182768	338	-380
6.863888	83.750000	-71.000000	-2.190984	312.519532	-15.801351	3952.510906	0.184740	335	-355
6.879904	82.750000	-65.400000	-1.938178	349.650350	15.784578	2318.357716	0.182768	331	-327
6.895864	82.000000	-59.000000	-1.516835	401.002506	26.399938	3217.553673	0.179481	328	-295
6.911894	81.250000	-51.800000	-1.095492	449.157829	26.284655	3004.075035	0.176194	325	-259
6.927872	81.000000	-43.800000	-0.674149	500.688447	26.370197	3225.098106	0.172907	324	-219
6.943895	81.000000	-35.000000	-0.252806	549.210510	26.296138	3028.275808	0.169619	324	-175
6.959896	81.000000	-25.800000	0.084269	574.964065	21.065834	1609.496585	0.166990	324	-129
6.975848	81.750000	-15.800000	0.505612	626.880642	26.413178	3254.549723	0.163702	327	-79
6.991900	82.750000	-5.400000	0.926955	647.894343	26.248630	1309.101760	0.160415	331	-27
7.007850	83.750000	5.000000	1.348298	652.037618	26.416490	259.766406	0.157128	335	25
7.023867	84.000000	15.000000	1.769641	624.336642	26.305988	-1729.473387	0.153841	336	75
7.039894	84.500000	25.000000	2.190984	623.947089	26.289575	-24.306048	0.150554	338	125
7.055907	84.750000	34.200000	2.612327	574.533192	26.312559	-3085.861332	0.147266	339	171
7.071897	85.250000	42.800000	3.033670	537.836148	26.350407	-2294.999637	0.143979	341	214
7.087849	85.750000	51.000000	3.455013	514.042126	26.413178	-1491.601129	0.140692	343	255
7.103881	86.250000	58.400000	3.370744	461.576846	-5.256275	-3272.534935	0.141349	345	292
7.119891	87.000000	65.000000	3.033670	412.242349	-21.053992	-3081.480186	0.143979	348	325
7.135869	88.000000	70.800000	2.696595	362.999124	-21.096158	-3081.939212	0.146609	352	354
7.151893	89.250000	76.000000	2.443789	324.513230	-15.776698	-2401.765704	0.148581	357	380
7.167910	90.500000	80.400000	2.106715	274.708123	-21.044791	-3109.515361	0.151211	362	402
7.183847	92.000000	83.800000	1.685372	213.340026	-26.438038	-3850.668022	0.154498	368	419
7.199865	93.500000	86.600000	1.264029	174.803346	-26.304346	-2405.835942	0.157785	374	433
7.215853	95.250000	88.400000	0.842686	112.584438	-26.353704	-3891.600445	0.161073	381	442
7.231836	96.750000	89.800000	0.421343	87.593068	-26.361948	-1563.622017	0.164360	387	449
7.247895	98.250000	90.200000	0.000000	24.908151	-26.237189	-3903.413441	0.167647	393	451
7.263881	99.500000	89.800000	-0.337074	-25.021894	-21.085601	-3123.360775	0.170277	398	449
7.279886	100.250000	89.200000	-0.168537	-37.488285	10.530285	-778.906014	0.168962	401	446
7.295890	101.000000	87.800000	0.168537	-87.478130	21.061885	-3123.584451	0.166332	404	439
7.311863	101.250000	85.600000	0.589880	-137.732423	26.378452	-3146.202529	0.163045	405	428
7.327841	101.750000	82.800000	1.011223	-175.240956	26.370197	-2347.511131	0.159758	407	414
7.343895	102.000000	79.400000	1.432566	-211.785225	26.245360	-2276.334157	0.156471	408	397
7.359874	102.250000	75.000000	1.853909	-275.361412	26.368547	-3978.733775	0.153183	409	375
7.375853	102.750000	70.000000	2.190984	-312.910695	21.094838	-2349.914477	0.150554	411	350
7.391847	103.500000	64.000000	1.853909	-375.140678	-21.075054	-3890.832967	0.153183	414	320
7.407910	104.000000	57.400000	1.432566	-410.882152	-26.230655	-2225.080855	0.156471	416	287
7.423893	104.500000	50.000000	1.011223	-462.991929	-26.361948	-3260.325183	0.159758	418	250
7.439828	104.500000	42.000000	0.589880	-502.039536	-26.441356	-2450.430291	0.163045	418	210
7.455888	104.500000	33.000000	0.168537	-560.398506	-26.235555	-3633.808841	0.166332	418	165
7.471876	104.500000	23.600000	-0.168537	-587.940956	-21.082963	-1722.695153	0.168962	418	118
7.487840	103.750000	13.600000	-0.589880	-626.409421	-26.393323	-2409.700920	0.172249	415	68
7.503895	102.750000	3.400000	-1.011223	-635.316101	-26.243726	-554.760492	0.175536	411	17
7.519849	102.000000	-7.200000	-1.432566	-664.410179	-26.409867	-1823.622813	0.178824	408	-36
7.535909	101.500000	-17.200000	-1.853909	-622.665006	-26.235555	2599.325843	0.182111	406	-86
7.551889	101.000000	-27.000000	-2.275252	-613.266583	-26.366897	588.136608	0.185398	404	-135
7.567856	100.750000	-36.200000	-2.696595	-576.188389	-26.388364	2322.176657	0.188685	403	-181
7.583884	100.250000	-45.000000	-3.117938	-549.039181	-26.287935	1693.861188	0.191972	401	-225
7.599917	99.750000	-53.000000	-3.539281	-498.970873	-26.279736	3122.828470	0.195260	399	-265
7.615885	99.250000	-60.600000	-3.286476	-475.951904	15.832027	1441.568685	0.193287	397	-303
7.631877	98.250000	-67.200000	-2.949401	-412.706353	21.077690	3954.824327	0.190657	393	-336
7.647856	97.250000	-73.200000	-2.612327	-375.492834	21.094838	2328.901610	0.188028	389	-366
7.663894	95.750000	-78.200000	-2.275252	-311.759571	21.017235	3973.890967	0.185398	383	-391
7.679848	94.250000	-82.600000	-1.853909	-275.792905	26.409867	2254.398046	0.182111	377	-413
7.695886	92.500000	-86.000000	-1.432566	-211.996508	26.271544	3977.827429	0.178824	370	-430
7.711888	90.750000	-88.800000	-1.011223	-174.978128	26.330647	2313.359615	0.175536	363	-444
7.727849	88.750000	-90.800000	-0.589880	-125.305432	26.398284	3112.129299	0.172249	355	-454
7.743981	87.250000	-92.000000	-0.168537	-74.386313	26.118461	3156.404604	0.168962	349	-460
7.759837	85.750000	-92.600000	0.168537	-37.840565	21.258477	2304.852916	0.166332	343	-463
7.775841	84.750000	-92.400000	0.589880	12.496876	26.327357	3145.303728	0.163045	339	-462
7.791910	84.250000	-91.800000	0.421343	37.338976	-10.488344	1545.964272	0.164360	337	-459
7.807855	84.000000	-90.600000	0.000000	75.258702	-26.424774	2378.157800	0.167647	336	-453
7.823845	83.750000	-88.800000	-0.337074	112.570356	-21.080326	2333.436816	0.170277	335	-444
7.839843	83.750000	-86.200000	-0.758417	162.520315	-26.337231	3122.262693	0.173564	335	-431
7.855852	83.750000	-82.800000	-1.179760	212.380536	-26.319134	3114.511894	0.176851	335	-414
7.871874	83.500000	-78.800000	-1.601103	249.656722	-26.297779	2326.562605	0.180138	334	-394
7.887844	83.250000	-74.000000	-2.022446	300.563557	-26.383407	3187.654018	0.183426	333	-370
7.903849	82.750000	-68.200000	-2.275252	362.386754	-15.795427	3862.742735	0.185398	331	-341
7.919842	82.000000	-61.800000	-1.938178	400.175077	21.076372	2362.803880	0.182768	328	-309
7.935880	81.500000	-54.600000	-1.516835	448.933782	26.271544	3040.198633	0.179481	326	-273
7.951873	81.250000	-46.800000	-1.095492	487.713375	26.345465	2424.785364	0.176194	325	-234
7.967834	81.250000	-38.200000	-0.674149	538.813358	26.398284	3201.552720	0.172907	325	-191
7.983868	81.250000	-28.800000	-0.252806	586.254210	26.278097	2958.765888	0.169619	325	-144
7.999820	81.500000	-19.000000	0.084269	614.343029	21.130542	1760.833706	0.166990	326	-95
8.015839	82.000000	-8.800000	0.505612	636.743867	26.302704	1398.391758	0.163702	328	-44
8.031938	82.500000	1.600000	0.926955	646.002857	26.171999	575.128310	0.160415	330	8
8.047852	82.750000	11.800000	1.348298	640.945080	26.476248	-317.819374	0.157128	331	59
8.063878	82.750000	21.600000	1.769641	611.506302	26.291215	-1836.938571	0.153841	331	108
8.079901	82.750000	31.000000	2.190984	586.656681	26.296138	-1550.871949	0.150554	331	155
8.095849	82.750000	40.000000	2.612327	564.334086	26.419803	-1399.711264	0.147266	331	200
8.111871	82.750000	48.200000	3.033670	511.796280	26.297779	-3279.104086	0.143979	331	241
8.127887	83.250000	55.800000	3.455013	474.525475	26.307631	-2327.098251	0.140692	333	279
8.143872	83.500000	62.600000	3.202207	425.398811	-15.815190	-3073.297663	0.142664	334	313
8.159880	84.250000	68.800000	2.865133	387.306347	-21.056622	-2379.589240	0.145294	337	344
8.175870	85.250000	74.200000	2.528058	337.711069	-21.080326	-3101.643365	0.147924	341	371
8.191867	86.500000	78.800000	2.190984	287.553916	-21.071102	-3135.409956	0.150554	346	394
8.207878	88.000000	82.600000	1.769641	237.336831	-26.315846	-3136.411556	0.153841	352	413
8.223869	89.250000	85.600000	1.348298	187.605528	-26.348760	-3109.955776	0.157128	357	428
8.239874	90.750000	87.800000	0.926955	137.457045	-26.325712	-3133.301058	0.160415	363	439
8.255881	92.500000	89.200000	0.505612	87.461735	-26.322422	-3123.340363	0.163702	370	446
8.271826	94.000000	90.000000	0.084269	50.172468	-26.424774	-2338.618227	0.166990	376	450
8.287816	95.000000	89.800000	-0.252806	-12.507817	-21.080326	-3919.967808	0.169619	380	449
8.303841	95.750000	89.400000	-0.084269	-24.960998	10.517142	-777.109582	0.168304	383	447
8.319852	96.250000	88.200000	0.252806	-74.948473	21.052677	-3122.070732	0.165675	385	441
8.335834	96.500000	86.400000	0.674149	-112.626705	26.363597	-2357.541742	0.162388	386	432
8.351840	97.000000	83.800000	1.095492	-162.439085	26.324067	-3112.106729	0.159100	388	419
8.367826	97.250000	80.600000	1.516835	-200.175153	26.357001	-2360.569743	0.155813	389	403
8.383938	97.750000	76.600000	1.938178	-248.262165	26.150882	-2984.546399	0.152526	391	383
8.399877	98.250000	71.600000	2.190984	-313.695966	15.860832	-4105.263883	0.150554	393	358
8.415818	99.000000	66.000000	1.853909	-351.295402	-21.145123	-2358.662313	0.153183	396	330
8.431830	99.750000	59.600000	1.432566	-399.700225	-26.314203	-3023.034164	0.156471	399	298
8.447881	100.500000	52.400000	1.011223	-448.570183	-26.250266	-3044.667479	0.159758	402	262
8.463868	100.750000	44.600000	0.589880	-487.896416	-26.355352	-2459.888240	0.163045	403	223
