0.015981	0.250000	0.000000	1.095492	0.000000	26.365247	0.000000	0.159100	1	0
0.032020	0.500000	0.200000	1.516835	12.469605	26.269906	777.455286	0.155813	2	1
0.047971	1.250000	0.600000	1.938178	25.076798	26.414834	790.370030	0.152526	5	3
0.064005	2.250000	1.000000	2.359521	24.946988	26.278097	-8.095924	0.149239	9	5
0.080021	3.750000	1.600000	2.780864	37.462537	26.307631	781.440423	0.145952	15	8
0.096028	5.750000	2.400000	3.202207	49.978135	26.322422	781.882745	0.142664	23	12
0.111964	8.250000	3.800000	3.623550	87.851406	26.439697	2376.585784	0.139377	33	19
0.128024	11.250000	5.200000	4.044893	87.173101	26.235555	-42.235663	0.136090	45	26
0.143972	14.750000	6.800000	4.466236	100.326060	26.419803	824.740332	0.132803	59	34
0.159980	18.750000	8.800000	4.803310	124.937531	21.056622	1537.448247	0.130173	75	44
0.176004	23.500000	11.000000	4.803310	137.294059	0.000000	771.126290	0.130173	94	55
0.191983	28.750000	13.200000	4.803310	137.680706	0.000000	24.197197	0.130173	115	66
0.207964	34.000000	15.400000	4.719042	137.663475	-5.273049	-1.078190	0.130830	136	77
0.224013	39.500000	17.800000	4.719042	149.542028	0.000000	740.142823	0.130830	158	89
0.239984	45.250000	20.000000	4.634773	137.749671	-5.276351	-738.360545	0.131488	181	100
0.255995	51.000000	22.000000	4.634773	124.914122	0.000000	-801.670710	0.131488	204	110
0.272022	56.750000	23.600000	4.550505	99.831534	-5.257915	-1565.020731	0.132145	227	118
0.287973	62.500000	25.000000	4.550505	87.768792	0.000000	-756.237374	0.132145	250	125
0.303990	68.250000	26.200000	4.466236	74.920397	-5.261198	-802.172370	0.132803	273	131
0.319974	73.500000	27.000000	4.466236	50.050050	0.000000	-1555.952642	0.132803	294	135
0.336015	79.000000	27.400000	4.381967	24.936101	-5.253326	-1565.609925	0.133460	316	137
0.351972	84.250000	27.400000	4.466236	0.000000	5.280980	-1562.706100	0.132803	337	137
0.368013	89.500000	27.000000	4.381967	-24.936101	-5.253326	-1554.522863	0.133460	358	135
0.384019	95.000000	26.600000	4.044893	-24.990629	-21.059254	-3.406677	0.136090	380	133
0.399973	100.250000	25.600000	3.623550	-62.680206	-26.409867	-2362.390440	0.139377	401	128
0.416022	104.750000	24.400000	3.202207	-74.771014	-26.253537	-753.368321	0.142664	419	122
0.432047	109.250000	22.400000	2.780864	-124.804992	-26.292856	-3122.245144	0.145952	437	112
0.448011	113.750000	20.000000	2.359521	-150.338261	-26.393323	-1599.428019	0.149239	455	100
0.463999	117.750000	17.400000	1.938178	-162.621966	-26.353704	-768.307818	0.152526	471	87
0.480029	121.000000	14.000000	1.516835	-212.102308	-26.284655	-3086.733730	0.155813	484	70
0.496028	123.750000	10.200000	1.095492	-237.514845	-26.335584	-1588.382806	0.159100	495	51
0.511937	126.250000	6.000000	0.674149	-264.001509	-26.484569	-1664.885530	0.162388	505	30
0.527985	127.750000	1.400000	0.252806	-286.640080	-26.255173	-1410.678663	0.165675	511	7
0.543975	129.000000	-3.600000	-0.084269	-312.695435	-21.080326	-1629.478104	0.168304	516	-18
0.559973	129.750000	-8.800000	-0.505612	-325.040630	-26.337231	-771.671173	0.171592	519	-44
0.575983	130.000000	-14.400000	-0.926955	-349.781387	-26.317490	-1545.331453	0.174879	520	-72
0.592022	130.000000	-19.800000	-1.348298	-336.679344	-26.269906	816.886498	0.178166	520	-99
0.607982	130.000000	-25.000000	-1.769641	-325.814536	-26.399938	680.752366	0.181453	520	-125
0.623981	129.500000	-29.800000	-2.190984	-300.018751	-26.335584	1612.337344	0.184740	518	-149
0.639975	128.750000	-34.400000	-2.612327	-287.607853	-26.343817	775.972129	0.188028	515	-172
0.656021	127.750000	-38.600000	-3.033670	-261.747476	-26.258445	1611.640093	0.191315	511	-193
0.671965	126.250000	-42.400000	-3.455013	-238.334170	-26.426431	1468.471300	0.194602	505	-212
0.688019	124.750000	-45.600000	-3.876356	-199.327270	-26.245360	2429.730854	0.197889	499	-228
0.704036	122.750000	-48.400000	-3.707819	-174.814260	10.522395	1530.437074	0.196574	491	-242
0.719980	120.500000	-50.400000	-3.623550	-125.439037	5.285286	3096.790217	0.195917	482	-252
0.736055	118.000000	-52.000000	-3.455013	-99.533437	10.484430	1611.545855	0.194602	472	-260
0.752010	115.250000	-52.800000	-3.455013	-50.141022	0.000000	3095.732710	0.194602	461	-264
0.767983	112.500000	-53.200000	-3.370744	-25.042259	5.275690	1571.324285	0.193945	450	-266
0.783982	109.500000	-52.800000	-3.370744	25.001563	0.000000	3127.934334	0.193945	438	-264
0.799965	106.250000	-51.800000	-3.033670	62.566477	21.089558	2350.304341	0.191315	425	-259
0.816019	103.250000	-50.000000	-2.612327	112.121590	26.245360	3086.776676	0.188028	413	-250
0.831961	100.250000	-47.800000	-2.190984	138.000251	26.429746	1623.300795	0.184740	401	-239
0.848046	97.250000	-44.800000	-1.769641	186.509170	26.194779	3015.786082	0.181453	389	-224
0.864011	94.500000	-41.000000	-1.348298	238.020670	26.391670	3226.526789	0.178166	378	-205
0.879962	91.750000	-36.800000	-0.926955	263.306376	26.414834	1585.211307	0.174879	367	-184
0.896014	89.500000	-31.800000	-0.505612	311.487665	26.248630	3001.575462	0.171592	358	-159
0.911968	88.250000	-26.200000	-0.084269	351.009151	26.409867	2477.214882	0.168304	353	-131
0.928029	87.500000	-19.800000	0.252806	398.480792	20.987137	2955.708902	0.165675	350	-99
0.944213	87.250000	-12.800000	0.674149	432.525952	26.034541	2103.630720	0.162388	349	-64
0.959995	87.250000	-5.200000	1.095492	481.561272	26.697695	3107.040982	0.159100	349	-26
0.975966	87.750000	2.600000	1.516835	488.385198	26.381755	427.269791	0.155813	351	13
0.992010	88.500000	10.600000	1.938178	498.628771	26.261719	638.467509	0.152526	354	53
1.007974	89.250000	18.400000	2.359521	488.599349	26.393323	-628.252465	0.149239	357	92
1.023964	90.000000	25.800000	2.780864	462.789243	26.350407	-1614.140416	0.145952	360	129
1.039936	91.250000	32.800000	3.202207	438.266967	26.380104	-1535.329081	0.142664	365	164
1.056030	92.250000	39.400000	3.623550	410.090717	26.180130	-1750.730095	0.139377	369	197
1.071932	93.500000	45.600000	3.960624	389.888064	21.196982	-1270.447280	0.136747	374	228
1.087965	95.250000	51.000000	3.623550	336.805339	-21.023789	-3310.841727	0.139377	381	255
1.104003	97.000000	55.800000	3.455013	299.289188	-10.508617	-2339.203817	0.140692	388	279
1.120005	99.000000	60.000000	3.202207	262.467192	-15.798388	-2301.087150	0.142664	396	300
1.136003	101.000000	63.400000	3.033670	212.526566	-10.534892	-3121.679321	0.143979	404	317
1.151994	103.250000	66.000000	2.865133	162.591458	-10.539504	-3122.700777	0.145294	413	330
1.168009	106.000000	68.000000	2.696595	124.882922	-10.523709	-2354.576050	0.146609	424	340
1.184009	108.750000	69.200000	2.612327	75.000000	-5.266788	-3117.682641	0.147266	435	346
1.199969	111.750000	69.600000	2.528058	25.062657	-5.279988	-3128.906225	0.147924	447	348
1.215962	114.750000	69.000000	2.528058	-37.516413	0.000000	-3912.903775	0.147924	459	345
1.232016	118.000000	68.000000	2.190984	-62.289772	-20.996288	-1543.126859	0.150554	472	340
1.247968	120.750000	66.000000	1.769641	-125.376128	-26.413178	-3954.761558	0.153841	483	330
1.264010	123.750000	63.200000	1.348298	-174.541828	-26.264993	-3064.811078	0.157128	495	316
1.279976	126.250000	59.600000	0.926955	-225.479143	-26.390017	-3190.361736	0.160415	505	298
1.296016	128.250000	55.400000	0.505612	-261.845387	-26.268268	-2267.222154	0.163702	513	277
1.311979	129.750000	50.200000	0.084269	-325.753305	-26.394977	-4003.502975	0.166990	519	251
1.328011	130.500000	44.200000	-0.252806	-374.251497	-21.025101	-3025.086857	0.169619	522	221
1.344009	130.750000	37.400000	-0.674149	-425.053132	-26.337231	-3175.499102	0.172907	523	187
1.360006	130.500000	29.800000	-1.095492	-475.089079	-26.338877	-3127.833191	0.176194	522	149
1.375986	129.250000	21.400000	-1.516835	-525.657071	-26.366897	-3164.455077	0.179481	517	107
1.391972	127.250000	12.200000	-1.938178	-575.503566	-26.357001	-3118.134260	0.182768	509	61
1.408037	125.000000	2.400000	-2.359521	-610.021786	-26.227390	-2148.659874	0.186055	500	12
1.423963	122.750000	-7.200000	-2.780864	-602.787894	-26.456299	454.219043	0.189343	491	-36
1.439964	120.250000	-17.000000	-3.202207	-612.461721	-26.332293	-604.576410	0.192630	481	-85
1.455956	118.000000	-26.400000	-3.623550	-587.793897	-26.347112	1542.510267	0.195917	472	-132
1.472007	116.000000	-35.400000	-4.044893	-560.712728	-26.250266	1687.195114	0.199204	464	-177
1.488008	113.750000	-43.800000	-4.044893	-524.967190	0.000000	2233.956542	0.199204	455	-219
1.503974	111.500000	-51.600000	-3.707819	-488.538144	21.112014	2281.663911	0.196574	446	-258
1.520024	109.500000	-58.800000	-3.370744	-448.598131	21.001521	2488.474312	0.193945	438	-294
1.536022	107.250000	-65.200000	-3.033670	-400.050006	21.069784	3034.637117	0.191315	429	-326
1.551961	105.000000	-70.800000	-2.696595	-351.339482	21.147777	3056.059005	0.188685	420	-354
1.568014	102.750000	-75.600000	-2.443789	-299.009531	15.748197	3259.823762	0.186713	411	-378
1.583962	100.250000	-79.600000	-2.106715	-250.815149	21.135842	3021.970259	0.184083	401	-398
1.599977	98.000000	-83.000000	-1.685372	-212.300968	26.309273	2404.881760	0.180796	392	-415
1.615970	95.500000	-85.400000	-1.264029	-150.065654	26.345465	3891.409624	0.177509	382	-427
1.632003	93.000000	-87.000000	-0.842686	-99.794175	26.279736	3135.500481	0.174221	372	-435
1.647964	90.500000	-88.000000	-0.421343	-62.652716	26.398284	2327.013252	0.170934	362	-440
1.663988	88.750000	-88.000000	-0.000000	0.000000	26.294497	3909.929855	0.167647	355	-440
1.680061	87.250000	-87.600000	0.337074	24.886456	20.971468	1548.339174	0.165017	349	-438
1.696022	86.250000	-86.600000	0.252806	62.652716	-5.279657	2366.158790	0.165675	345	-433
1.711969	85.500000	-84.800000	-0.084269	112.873895	-21.137168	3149.255583	0.168304	342	-424
1.727977	84.750000	-82.400000	-0.505612	149.925037	-26.320778	2314.539149	0.171592	339	-412
1.743952	84.250000	-79.200000	-0.926955	200.312989	-26.375150	3154.175372	0.174879	337	-396
1.759999	84.000000	-75.200000	-1.348298	249.267776	-26.256809	3050.712710	0.178166	336	-376
1.775980	83.500000	-70.400000	-1.769641	300.356674	-26.365247	3196.852365	0.181453	334	-352
1.792010	83.000000	-65.000000	-1.601103	336.868372	10.513862	2277.710434	0.180138	332	-325
1.807982	82.250000	-58.800000	-1.179760	388.179314	26.380104	3212.555848	0.176851	329	-294
1.824002	82.000000	-51.600000	-0.758417	449.438202	26.301062	3823.900652	0.173564	328	-258
1.839967	82.000000	-43.800000	-0.337074	488.568744	26.391670	2451.020475	0.170277	328	-219
1.856296	82.000000	-35.400000	0.000000	514.422194	20.642686	1583.284311	0.167647	328	-177
1.872003	82.500000	-26.200000	0.421343	585.726109	26.825174	4539.626646	0.164360	330	-131
1.887957	83.750000	-16.400000	0.842686	614.266015	26.409867	1788.887139	0.161073	335	-82
1.903963	84.750000	-6.200000	1.264029	637.261027	26.324067	1436.649527	0.157785	339	-31
1.920005	86.000000	4.200000	1.685372	648.298217	26.264993	688.018331	0.154498	344	21
1.936002	86.750000	14.200000	2.106715	625.117209	26.338877	-1449.084685	0.151211	347	71
1.951959	87.750000	24.000000	2.528058	614.150530	26.404902	-687.264519	0.147924	351	120
1.967989	88.500000	33.200000	2.949401	573.923893	26.284655	-2509.459566	0.144637	354	166
1.983993	89.500000	42.000000	3.370744	549.862534	26.327357	-1503.459031	0.141349	358	210
1.999989	90.250000	50.000000	3.792087	500.125031	26.340524	-3109.371287	0.138062	361	250
2.015955	91.000000	57.600000	3.455013	476.011524	-21.112014	-1510.303568	0.140692	364	288
2.032030	92.000000	64.200000	3.117938	410.575428	-20.968859	-4070.674762	0.143322	368	321
2.048053	93.500000	70.000000	2.780864	361.979654	-21.036910	-3032.876080	0.145952	374	350
2.063999	95.000000	75.200000	2.443789	326.100589	-21.138493	-2250.035417	0.148581	380	376
2.079986	97.000000	79.600000	2.106715	275.223619	-21.084282	-3182.396341	0.151211	388	398
2.096011	98.750000	83.200000	1.685372	224.648986	-26.292856	-3155.983353	0.154498	395	416
2.111969	100.500000	86.000000	1.264029	175.460584	-26.403247	-3082.366332	0.157785	402	430
2.127959	102.500000	88.000000	0.842686	125.078174	-26.350407	-3150.869930	0.161073	410	440
2.143958	104.500000	89.200000	0.421343	75.004688	-26.335584	-3129.788491	0.164360	418	446
2.160000	106.000000	89.800000	0.000000	37.401820	-26.264993	-2344.026155	0.167647	424	449
2.175990	107.500000	89.400000	-0.337074	-25.015635	-21.080326	-3903.530644	0.170277	430	447
2.192021	108.250000	89.000000	-0.168537	-24.951656	10.513206	3.990930	0.168962	433	445
2.207966	108.750000	87.600000	0.168537	-87.801819	21.139819	-3941.684703	0.166332	435	438
2.223964	109.250000	85.600000	0.589880	-125.015627	26.337231	-2326.153782	0.163045	437	428
2.239962	109.500000	83.000000	1.011223	-162.520315	26.337231	-2344.336047	0.159758	438	415
2.256004	110.000000	79.400000	1.432566	-224.410921	26.264993	-3858.035550	0.156471	440	397
2.271999	110.500000	75.200000	1.853909	-262.582057	26.342170	-2386.441736	0.153183	442	376
2.287951	111.250000	70.200000	2.190984	-313.440321	21.130542	-3188.206123	0.150554	445	351
2.303962	111.750000	64.400000	1.853909	-362.250952	-21.052677	-3048.568578	0.153183	447	322
2.319954	112.500000	58.000000	1.432566	-400.200100	-26.347112	-2373.008228	0.156471	450	290
2.335996	113.000000	50.600000	1.011223	-461.289116	-26.264993	-3808.067325	0.159758	452	253
2.351995	113.250000	42.600000	0.589880	-500.031252	-26.335584	-2421.534839	0.163045	453	213
2.367997	113.250000	33.800000	0.168537	-549.931259	-26.330647	-3118.360620	0.166332	453	169
2.383989	113.000000	24.400000	-0.168537	-587.793897	-21.077690	-2367.598697	0.168962	452	122
2.399953	112.250000	14.400000	-0.589880	-626.409421	-26.393323	-2418.912819	0.172249	449	72
2.415946	111.000000	4.000000	-1.011223	-650.284499	-26.345465	-1492.845512	0.175536	444	20
2.431953	110.250000	-6.600000	-1.432566	-662.210283	-26.322422	-745.035518	0.178824	441	-33
2.447953	109.500000	-16.800000	-1.853909	-637.500000	-26.333938	1544.392688	0.182111	438	-84
2.463985	108.750000	-26.600000	-2.275252	-611.277445	-26.281376	1635.638404	0.185398	435	-133
2.480010	108.250000	-36.000000	-2.696595	-586.583463	-26.292856	1540.966101	0.188685	433	-180
2.495993	107.750000	-45.000000	-3.117938	-563.098292	-26.361948	1469.384434	0.191972	431	-225
2.511999	107.250000	-53.200000	-3.539281	-512.307885	-26.324067	3173.210508	0.195260	429	-266
2.527944	106.500000	-60.600000	-3.286476	-464.095328	15.854864	3023.678699	0.193287	426	-303
2.543947	105.750000	-67.400000	-2.949401	-424.920327	21.063201	2447.978520	0.190657	423	-337
2.559982	104.500000	-73.600000	-2.612327	-386.654194	21.021167	2386.413064	0.188028	418	-368
2.575948	103.000000	-78.800000	-2.275252	-325.692096	21.112014	3818.244911	0.185398	412	-394
2.591937	101.500000	-83.200000	-1.853909	-275.189193	26.352055	3158.602985	0.182111	406	-416
2.608003	100.000000	-86.800000	-1.432566	-224.075688	26.225757	3181.470483	0.178824	400	-434
2.624017	98.250000	-89.600000	-1.011223	-174.847009	26.310916	3074.102593	0.175536	393	-448
2.639955	96.250000	-91.800000	-0.589880	-138.034885	26.436379	2309.707848	0.172249	385	-459
2.656044	94.500000	-93.000000	-0.168537	-74.585120	26.188266	3943.673622	0.168962	378	-465
2.671958	93.250000	-93.600000	0.168537	-37.702652	21.180999	2317.611444	0.166332	373	-468
2.687950	92.250000	-93.600000	0.589880	0.000000	26.347112	2357.594532	0.163045	369	-468
2.703964	91.500000	-93.200000	1.011223	24.978144	26.310916	1559.769210	0.159758	366	-466
2.719988	91.250000	-92.000000	0.842686	74.887668	-10.517799	3114.673263	0.161073	365	-460
2.735988	91.500000	-90.400000	0.421343	100.000000	-26.333938	1569.520719	0.164360	366	-452
2.751956	91.500000	-88.000000	0.000000	150.300601	-26.386712	3150.087751	0.167647	366	-440
2.768007	91.500000	-85.000000	-0.337074	186.904243	-21.000213	2280.458633	0.170277	366	-425
2.783961	91.750000	-81.200000	-0.758417	238.184781	-26.409867	3214.274697	0.173564	367	-406
2.799938	91.750000	-76.600000	-1.179760	287.913876	-26.371848	3112.542715	0.176851	367	-383
2.815951	91.750000	-71.200000	-1.601103	337.226004	-26.312559	3079.505881	0.180138	367	-356
2.831944	91.750000	-65.000000	-1.432566	387.669605	10.538186	3154.105020	0.178824	367	-325
2.847971	91.750000	-58.000000	-1.011223	436.762963	26.289575	3063.165723	0.175536	367	-290
2.863956	91.750000	-50.200000	-0.589880	487.957460	26.358650	3202.658594	0.172249	367	-251
2.879966	91.750000	-41.800000	-0.168537	524.672080	26.317490	2293.230470	0.168962	367	-209
2.895951	92.000000	-32.800000	0.168537	563.027839	21.086920	2399.484432	0.166332	368	-164
2.911953	93.000000	-23.000000	0.589880	612.423447	26.330647	3086.839674	0.163045	372	-115
2.927989	94.250000	-12.600000	1.011223	648.540783	26.274820	2252.265912	0.159758	377	-63
2.943943	95.500000	-2.000000	1.432566	664.410179	26.409867	994.697006	0.156471	382	-10
2.959948	96.750000	8.600000	1.853909	662.293033	26.325712	-132.280277	0.153183	387	43
2.976016	97.500000	18.800000	2.275252	634.802091	26.222493	-1710.912516	0.149896	390	94
2.991949	98.250000	28.600000	2.696595	615.075629	26.444675	-1238.088365	0.146609	393	143
3.007947	99.000000	38.000000	3.117938	587.573447	26.337231	-1719.101295	0.143322	396	190
3.023959	100.000000	46.800000	3.539281	549.587809	26.314203	-2372.323104	0.140035	400	234
3.039990	100.750000	54.800000	3.539281	499.033123	0.000000	-3153.557845	0.140035	403	274
3.056023	101.750000	62.000000	3.202207	449.073785	-21.023789	-3116.031810	0.142664	407	310
3.071981	102.750000	68.600000	2.865133	413.585662	-21.122598	-2223.845278	0.145294	411	343
3.087959	104.000000	74.400000	2.528058	362.999124	-21.096158	-3166.011927	0.147924	416	372
3.103924	105.500000	79.400000	2.190984	313.185092	-21.113336	-3120.202406	0.150554	422	397
3.119978	107.250000	83.600000	1.769641	261.617042	-26.245360	-3212.162072	0.153841	429	418
3.135929	109.000000	87.000000	1.348298	213.152780	-26.414834	-3038.321240	0.157128	436	435
3.151938	111.000000	89.600000	0.926955	162.408645	-26.319134	-3169.725483	0.160415	444	448
3.167976	112.750000	91.400000	0.505612	112.233446	-26.271544	-3128.519739	0.163702	451	457
3.183985	114.500000	92.600000	0.084269	74.957836	-26.319134	-2328.415850	0.166990	458	463
3.199929	115.750000	93.200000	-0.252806	37.631711	-21.141145	-2341.076595	0.169619	463	466
3.215979	116.750000	92.800000	-0.674149	-24.922118	-26.251901	-3897.434852	0.172907	467	464
3.231979	117.250000	92.400000	-0.505612	-25.000000	10.533575	-4.867601	0.171592	469	462
3.247976	117.500000	91.200000	-0.084269	-75.014065	26.338877	-3126.465283	0.168304	470	456
3.263931	117.750000	89.400000	0.252806	-112.817299	21.126569	-2369.365936	0.165675	471	447
3.279945	117.750000	86.800000	0.674149	-162.357937	26.310916	-3093.582999	0.162388	471	434
3.295935	117.750000	83.600000	1.095492	-200.125078	26.350407	-2361.922537	0.159100	471	418
3.311949	118.000000	79.600000	1.516835	-249.781441	26.310916	-3100.809483	0.155813	472	398
3.327954	118.250000	74.800000	1.938178	-299.906279	26.325712	-3131.823683	0.152526	473	374
3.343944	118.750000	69.200000	2.275252	-350.218887	21.080326	-3146.504535	0.149896	475	346
3.360000	119.000000	62.800000	1.938178	-398.604883	-20.993673	-3013.577236	0.152526	476	314
3.375977	119.500000	55.800000	1.516835	-438.129812	-26.371848	-2473.864223	0.155813	478	279
3.391971	119.750000	48.000000	1.095492	-487.682881	-26.343817	-3098.228678	0.159100	479	240
3.407942	119.750000	39.400000	0.674149	-538.475988	-26.381755	-3180.333520	0.162388	479	197
3.424023	119.750000	30.200000	0.252806	-572.103725	-26.201294	-2091.147140	0.165675	479	151
3.440029	119.250000	20.400000	-0.084269	-612.270399	-21.059254	-2509.476053	0.168304	477	102
3.455928	118.750000	10.000000	-0.505612	-654.129191	-26.501227	-2632.794007	0.171592	475	50
3.471911	118.000000	-0.600000	-0.926955	-663.204655	-26.361948	-567.819835	0.174879	472	-3
3.487958	117.500000	-11.000000	-1.348298	-648.096217	-26.256809	941.511659	0.178166	470	-55
3.503961	117.000000	-21.200000	-1.769641	-637.380491	-26.329002	669.607336	0.181453	468	-106
3.519970	116.750000	-30.800000	-2.190984	-599.662690	-26.319134	2356.037318	0.184740	467	-154
3.535923	116.750000	-40.000000	-2.612327	-576.694039	-26.411522	1439.770012	0.188028	467	-200
3.551965	116.500000	-48.600000	-3.033670	-536.092757	-26.264993	2530.936431	0.191315	466	-243
3.567969	116.500000	-56.600000	-3.455013	-499.875031	-26.327357	2263.042069	0.194602	466	-283
3.583986	116.250000	-63.600000	-3.202207	-437.035650	15.783593	3923.292853	0.192630	465	-318
3.599930	115.500000	-70.200000	-2.780864	-413.948821	26.426431	1447.994779	0.189343	462	-351
3.615928	114.250000	-75.800000	-2.443789	-350.043755	21.069784	3994.565908	0.186713	457	-379
3.631926	113.250000	-80.600000	-2.106715	-300.037505	21.069784	3125.781397	0.184083	453	-403
3.647968	111.750000	-84.600000	-1.685372	-249.345468	26.264993	3159.957396	0.180796	447	-423
3.663917	110.250000	-88.000000	-1.264029	-213.179510	26.418146	2267.600380	0.177509	441	-440
3.679925	108.750000	-90.400000	-0.842686	-149.925037	26.320778	3951.428798	0.174221	435	-452
3.695924	107.000000	-92.200000	-0.421343	-112.507032	26.335584	2338.771535	0.170934	428	-461
3.711979	105.500000	-93.000000	-0.000000	-49.828714	26.243726	3903.974954	0.167647	422	-465
3.727966	104.500000	-93.400000	0.337074	-25.020329	21.084282	1551.784874	0.165017	418	-467
3.743918	103.750000	-93.000000	0.758417	25.075226	26.413178	3140.393348	0.161730	415	-465
3.759924	103.250000	-92.400000	0.589880	37.485943	-10.529627	775.379051	0.163045	413	-462
3.775998	103.000000	-90.800000	0.168537	99.539629	-26.212705	3860.500587	0.166332	412	-454
3.791954	103.000000	-88.800000	-0.168537	125.344698	-21.125245	1617.264271	0.168962	412	-444
3.807932	103.000000	-86.000000	-0.589880	175.240956	-26.370197	3122.810013	0.172249	412	-430
3.823919	103.000000	-82.400000	-1.011223	225.182961	-26.355352	3123.913482	0.175536	412	-412
3.839933	103.000000	-78.000000	-1.432566	274.759585	-26.310916	3095.830162	0.178824	412	-390
3.855924	103.000000	-73.000000	-1.853909	312.675880	-26.348760	2371.102171	0.182111	412	-365
3.871958	102.500000	-67.000000	-2.275252	374.204815	-26.278097	3837.403928	0.185398	410	-335
3.887937	102.250000	-60.400000	-2.022446	413.042118	15.821128	2430.521498	0.183426	409	-302
3.903993	101.750000	-53.000000	-1.601103	460.886896	26.242091	2979.869088	0.180138	407	-265
3.919929	101.500000	-44.800000	-1.179760	514.558233	26.439697	3367.930288	0.176851	406	-224
3.935971	101.500000	-36.000000	-0.758417	548.560030	26.264993	2119.548497	0.173564	406	-180
3.951941	101.500000	-26.600000	-0.337074	588.603632	26.383407	2507.426543	0.170277	406	-133
3.967930	101.750000	-16.600000	0.000000	625.429983	21.081644	2303.230427	0.167647	407	-83
3.983950	102.000000	-6.400000	0.421343	636.704120	26.301062	703.753854	0.164360	408	-32
3.999969	102.000000	3.800000	0.842686	636.743867	26.302704	2.481229	0.161073	408	19
4.015940	102.000000	13.800000	1.264029	626.134869	26.381755	-664.266308	0.157785	408	69
4.031941	102.000000	23.400000	1.685372	599.962502	26.332293	-1635.670715	0.154498	408	117
4.047955	102.000000	32.800000	2.106715	586.986387	26.310916	-810.298204	0.151211	408	164
4.064023	102.000000	41.600000	2.528058	547.672392	26.222493	-2446.726075	0.147924	408	208
4.079936	102.000000	49.600000	2.949401	502.733614	26.477912	-2824.029303	0.144637	408	248
4.095985	102.500000	57.000000	3.370744	461.087918	26.253537	-2594.909077	0.141349	410	285
4.111925	103.250000	63.800000	3.117938	426.599749	-15.859837	-2163.624165	0.143322	413	319
4.127940	104.250000	70.000000	2.780864	387.137059	-21.047419	-2464.108027	0.145952	417	350
4.143930	105.750000	75.200000	2.443789	325.203252	-21.080326	-3873.283738	0.148581	423	376
4.159970	107.500000	79.600000	2.106715	274.314214	-21.014614	-3172.633265	0.151211	430	398
4.175927	109.000000	83.400000	1.685372	238.140001	-26.404902	-2266.980837	0.154498	436	417
4.191972	111.000000	86.200000	1.264029	174.509193	-26.260082	-3965.771789	0.157785	444	431
4.207951	113.000000	88.200000	0.842686	125.164278	-26.368547	-3088.110319	0.161073	452	441
4.223994	114.750000	89.600000	0.421343	87.265474	-26.263356	-2362.326502	0.164360	459	448
4.239967	116.000000	90.400000	0.000000	50.084518	-26.378452	-2327.737834	0.167647	464	452
4.255929	117.500000	90.200000	-0.337074	-12.529758	-21.117304	-3922.708671	0.170277	470	451
4.271980	118.250000	89.800000	-0.168537	-24.920566	10.500106	-771.964832	0.168962	473	449
4.287969	119.000000	88.600000	0.168537	-75.051598	21.081644	-3135.345067	0.166332	476	443
4.303968	119.500000	86.800000	0.589880	-112.507032	26.335584	-2341.110927	0.163045	478	434
4.319984	120.000000	84.200000	1.011223	-162.337662	26.307631	-3111.303112	0.159758	480	421
4.335947	120.250000	80.800000	1.432566	-212.992545	26.394977	-3173.268366	0.156471	481	404
4.351973	121.000000	76.800000	1.853909	-249.594409	26.291215	-2283.905143	0.153183	484	384
4.367969	121.500000	71.800000	2.106715	-312.578145	15.804314	-3937.467833	0.151211	486	359
4.383963	122.250000	66.200000	1.769641	-350.131299	-21.075054	-2347.952651	0.153841	489	331
4.399963	123.000000	59.800000	1.348298	-400.000000	-26.333938	-3116.793798	0.157128	492	299
4.415931	123.500000	52.600000	0.926955	-450.901804	-26.386712	-3187.738202	0.160415	494	263
4.431968	123.750000	44.800000	0.505612	-486.375257	-26.273182	-2211.975657	0.163702	495	224
4.447947	123.750000	36.000000	0.084269	-550.722824	-26.368547	-4027.008354	0.166990	495	180
4.463975	123.500000	26.600000	-0.252806	-586.473671	-21.030348	-2230.524543	0.169619	494	133
4.479977	122.750000	16.600000	-0.674149	-624.921885	-26.330647	-2402.713016	0.172907	491	83
4.495969	121.500000	6.200000	-1.095492	-650.325163	-26.347112	-1588.499113	0.176194	486	31
4.511952	120.250000	-4.400000	-1.516835	-663.204655	-26.361948	-805.824461	0.179481	481	-22
4.527974	119.500000	-14.800000	-1.938178	-649.107477	-26.297779	879.863795	0.182768	478	-74
4.543947	118.750000	-24.800000	-2.359521	-626.056470	-26.378452	1443.123203	0.186055	475	-124
4.559924	118.250000	-34.400000	-2.780864	-600.863742	-26.371848	1576.812209	0.189343	473	-172
4.575922	117.500000	-43.600000	-3.202207	-575.071884	-26.337231	1612.192627	0.192630	470	-218
4.591923	116.750000	-52.000000	-3.623550	-524.967190	-26.332293	3131.347693	0.195917	467	-260
4.607931	116.250000	-59.800000	-3.370744	-487.256372	15.792467	2355.748234	0.193945	465	-299
4.623968	115.250000	-66.800000	-3.033670	-436.490615	21.018545	3165.539463	0.191315	461	-334
4.639968	114.000000	-73.000000	-2.612327	-387.500000	26.333938	3061.913466	0.188028	456	-365
4.655956	112.500000	-78.400000	-2.275252	-337.753315	21.082963	3111.501439	0.185398	450	-392
4.671962	110.750000	-83.200000	-1.853909	-299.887542	26.324067	2365.723655	0.182111	443	-416
4.687956	109.000000	-87.000000	-1.432566	-237.589096	26.343817	3895.113559	0.178824	436	-435
4.703970	107.250000	-90.000000	-1.011223	-187.336081	26.310916	3138.067627	0.175536	429	-450
4.719971	105.250000	-92.400000	-0.589880	-149.990626	26.332293	2333.945087	0.172249	421	-462
4.735948	103.750000	-94.000000	-0.168537	-100.143957	26.371848	3119.901649	0.168962	415	-470
4.751959	102.250000	-95.000000	0.168537	-62.457061	21.052677	2353.812764	0.166332	409	-475
4.767929	101.250000	-95.200000	0.589880	-12.523482	26.383407	3126.711286	0.163045	405	-476
4.783961	100.500000	-94.800000	1.011223	24.950100	26.281376	2337.423985	0.159758	402	-474
4.799961	100.500000	-94.200000	0.842686	37.500000	-10.533575	784.368762	0.161073	402	-471
4.815961	100.500000	-92.800000	0.421343	87.500000	-26.333938	3125.000000	0.164360	402	-464
4.831963	100.500000	-90.800000	0.000000	124.984377	-26.330647	2342.480749	0.167647	402	-454
4.847962	100.500000	-88.200000	-0.337074	162.510157	-21.068468	2345.507840	0.170277	402	-441
4.863988	100.500000	-84.800000	-0.758417	212.155248	-26.291215	3097.784278	0.173564	402	-424
4.879926	100.500000	-80.400000	-1.179760	276.069770	-26.436379	4010.197179	0.176851	402	-402
4.895973	100.500000	-75.400000	-1.601103	311.584720	-26.256809	2213.183120	0.180138	402	-377
4.911924	100.500000	-69.600000	-2.022446	363.613567	-26.414834	3261.792155	0.183426	402	-348
4.927913	100.500000	-63.200000	-1.853909	400.275189	10.540822	2292.927803	0.182111	402	-316
4.943922	100.000000	-55.800000	-1.432566	462.239990	26.319134	3870.622825	0.178824	400	-279
4.959934	100.000000	-47.800000	-1.011223	499.625281	26.314203	2334.829567	0.175536	400	-239
4.975930	100.000000	-39.000000	-0.589880	550.137534	26.340524	3157.805285	0.172249	400	-195
4.991959	100.000000	-29.600000	-0.168537	586.437083	26.286295	2264.617157	0.168962	400	-148
5.007922	100.000000	-19.800000	0.168537	613.919689	21.115981	1721.644208	0.166332	400	-99
5.023952	100.750000	-9.400000	0.589880	648.783531	26.284655	2174.912140	0.163045	403	-47
5.039970	101.250000	1.200000	1.011223	661.755525	26.304346	809.838566	0.159758	405	6
5.055919	101.500000	11.600000	1.432566	652.078500	26.418146	-606.748060	0.156471	406	58
5.071931	101.500000	21.600000	1.853909	624.531601	26.314203	-1720.390889	0.153183	406	108
5.087918	101.750000	31.200000	2.275252	600.487896	26.355352	-1503.953517	0.149896	407	156
5.103915	101.750000	40.200000	2.696595	562.605489	26.338877	-2368.094511	0.146609	407	201
5.119947	101.750000	48.600000	3.117938	523.952096	26.281376	-2411.015015	0.143322	407	243
5.135960	102.250000	56.200000	3.539281	474.614376	26.312559	-3081.104102	0.140035	409	281
5.151954	102.500000	63.200000	3.202207	437.664124	-21.075054	-2310.257082	0.142664	410	316
5.167960	103.500000	69.600000	2.780864	399.850056	-26.324067	-2362.493304	0.145952	414	348
5.183912	104.500000	75.200000	2.528058	351.053159	-15.847907	-3058.982996	0.147924	418	376
5.199957	106.250000	79.800000	2.190984	286.693674	-21.008066	-4011.186378	0.150554	425	399
5.215968	107.750000	83.600000	1.769641	237.336831	-26.315846	-3082.683350	0.153841	431	418
5.231992	109.500000	86.600000	1.348298	187.219171	-26.294497	-3127.662237	0.157128	438	433
5.247956	111.250000	89.000000	0.926955	150.338261	-26.393323	-2310.254958	0.160415	445	445
5.263964	113.250000	90.600000	0.505612	99.950025	-26.320778	-3147.690911	0.163702	453	453
5.279921	114.750000	91.600000	0.084269	62.668421	-26.404902	-2336.379245	0.166990	459	458
5.295984	116.000000	91.600000	-0.252806	0.000000	-20.984524	-3901.414517	0.169619	464	458
5.311940	117.000000	91.200000	-0.084269	-25.068940	10.562623	-1571.129330	0.168304	468	456
5.327952	117.750000	90.400000	0.252806	-49.962528	21.051362	-1554.683270	0.165675	471	452
5.343920	118.500000	88.800000	0.674149	-100.200401	26.386712	-3146.159362	0.162388	474	444
5.359957	119.250000	86.400000	1.095492	-149.653925	26.273182	-3083.714192	0.159100	477	432
5.375915	119.750000	83.200000	1.516835	-200.526382	26.403247	-3187.896757	0.155813	479	416
5.391958	120.500000	79.400000	1.853909	-236.863430	21.010685	-2264.978357	0.153183	482	397
5.407924	121.500000	74.800000	2.022446	-288.112239	10.556007	-3209.871538	0.151869	486	374
5.423926	122.500000	69.400000	2.275252	-337.457818	15.798388	-3083.713240	0.149896	490	347
5.439915	123.500000	63.200000	1.938178	-387.766590	-21.081644	-3146.461427	0.152526	494	316
5.455903	124.500000	56.200000	1.516835	-437.828371	-26.353704	-3131.209767	0.155813	498	281
5.471933	125.000000	48.600000	1.095492	-474.111042	-26.284655	-2263.422989	0.159100	500	243
5.487933	125.500000	40.200000	0.674149	-525.000000	-26.333938	-3180.559888	0.162388	502	201
5.503919	125.250000	31.000000	0.252806	-575.503566	-26.357001	-3159.237184	0.165675	501	155
5.519974	125.250000	21.000000	-0.084269	-622.858922	-20.994980	-2949.570653	0.168304	501	105
5.535958	124.500000	10.800000	-0.505612	-638.138138	-26.360299	-955.906887	0.171592	498	54
5.551927	123.750000	0.200000	-0.926955	-663.786086	-26.385059	-1606.108548	0.174879	495	1
5.567952	123.250000	-10.400000	-1.348298	-661.466459	-26.292856	144.750507	0.178166	493	-52
5.583958	123.000000	-20.600000	-1.769641	-637.261027	-26.324067	1512.272369	0.181453	492	-103
5.599950	122.750000	-30.400000	-2.190984	-612.806403	-26.347112	1529.178584	0.184740	491	-152
5.615906	122.750000	-39.800000	-2.612327	-589.120080	-26.406556	1484.477499	0.188028	491	-199
5.631936	122.500000	-48.600000	-3.033670	-548.970680	-26.284655	2504.641313	0.191315	490	-243
5.647956	122.000000	-56.600000	-3.455013	-499.375780	-26.301062	3095.811467	0.194602	488	-283
5.663919	121.500000	-64.000000	-3.117938	-463.572010	21.115981	2242.922383	0.191972	486	-320
5.679956	120.500000	-70.600000	-2.780864	-411.548295	21.018545	3243.980527	0.189343	482	-353
5.695950	119.250000	-76.400000	-2.443789	-362.635988	21.075054	3058.165942	0.186713	477	-382
5.711907	117.750000	-81.600000	-2.106715	-325.875791	21.123921	2303.703535	0.184083	471	-408
5.727915	116.250000	-85.800000	-1.685372	-262.368816	26.320778	3967.202374	0.180796	465	-429
5.743911	114.500000	-89.200000	-1.264029	-212.553138	26.340524	3114.258396	0.177509	458	-446
5.759941	112.750000	-92.000000	-0.842686	-174.672489	26.284655	2363.109744	0.174221	451	-460
5.775954	110.750000	-93.800000	-0.421343	-112.408668	26.312559	3888.329553	0.170934	443	-469
5.791938	109.000000	-95.000000	-0.000000	-75.075075	26.360299	2335.685240	0.167647	436	-475
5.807955	107.750000	-95.600000	0.337074	-37.460199	21.044791	2348.434572	0.165017	431	-478
5.823933	107.000000	-95.600000	0.758417	0.000000	26.370197	2344.486077	0.161730	428	-478
5.839909	106.750000	-95.200000	1.179760	25.037556	26.373499	1567.198068	0.158443	427	-476
5.855918	106.750000	-94.200000	0.926955	62.464864	-15.791480	2337.891635	0.160415	427	-471
5.871940	106.750000	-92.600000	0.505612	99.862689	-26.297779	2334.154618	0.163702	427	-463
5.887948	106.750000	-90.200000	0.084269	149.925037	-26.320778	3127.333126	0.166990	427	-451
5.903950	106.750000	-87.200000	-0.252806	187.476565	-21.064518	2346.677162	0.169619	427	-436
5.919910	107.000000	-83.400000	-0.674149	238.095238	-26.399938	3171.596032	0.172907	428	-417
5.935934	107.250000	-78.800000	-1.095492	287.069396	-26.294497	3056.300413	0.176194	429	-394
5.951906	107.250000	-73.600000	-1.516835	325.569747	-26.380104	2410.490305	0.179481	429	-368
5.967943	107.250000	-67.400000	-1.938178	386.605974	-26.273182	3805.962875	0.182768	429	-337
5.983930	107.250000	-60.600000	-1.769641	425.345593	10.542141	2423.195072	0.181453	429	-303
5.999920	107.250000	-52.800000	-1.348298	487.804878	26.350407	3906.146639	0.178166	429	-264
6.015887	107.250000	-44.600000	-0.926955	513.559216	26.388364	1612.972871	0.174879	429	-223
6.031927	107.250000	-35.600000	-0.505612	561.097257	26.268268	2963.718265	0.171592	429	-178
6.047974	107.250000	-26.000000	-0.084269	598.242662	26.256809	2314.788142	0.168304	429	-130
6.063878	107.750000	-15.800000	0.252806	641.348089	21.194317	2710.351254	0.165675	431	-79
6.079929	108.250000	-5.400000	0.674149	647.934708	26.250266	410.355715	0.162388	433	-27
6.095924	108.750000	5.000000	1.095492	650.203188	26.342170	141.824344	0.159100	435	25
6.111964	108.750000	15.200000	1.516835	635.910224	26.268268	-891.082547	0.155813	435	76
6.127925	109.000000	25.000000	1.938178	613.996617	26.398284	-1372.947039	0.152526	436	125
6.143920	109.000000	34.400000	2.359521	587.683651	26.342170	-1645.074437	0.149239	436	172
6.159928	109.000000	43.200000	2.780864	549.725137	26.320778	-2371.221496	0.145952	436	216
6.175938	109.250000	51.400000	3.202207	512.179888	26.317490	-2345.112421	0.142664	437	257
6.191946	109.750000	58.800000	3.370744	462.268866	10.528311	-3117.879935	0.141349	439	294
6.207898	110.500000	65.600000	3.033670	426.278837	-21.130542	-2256.145252	0.143979	442	328
6.223944	111.500000	71.600000	2.696595	373.924966	-21.006756	-3262.736557	0.146609	446	358
6.239931	112.750000	76.800000	2.359521	325.264277	-21.084282	-3043.766091	0.149239	451	384
6.255900	114.250000	81.200000	2.022446	275.533847	-21.108048	-3114.185634	0.151869	457	406
6.271933	115.750000	84.800000	1.601103	224.536893	-26.279736	-3180.749340	0.155156	463	424
6.287907	117.750000	87.600000	1.179760	175.284838	-26.376801	-3083.263728	0.158443	471	438
6.303889	119.500000	89.600000	0.758417	125.140783	-26.363597	-3137.533130	0.161730	478	448
6.319937	121.250000	91.000000	0.337074	87.238285	-26.255173	-2361.820678	0.165017	485	455
6.335926	122.750000	91.800000	-0.000000	50.034399	-21.081644	-2326.842610	0.167647	491	459
6.351877	124.000000	91.400000	-0.421343	-25.076798	-26.414834	-4708.870688	0.170934	496	457
6.367882	124.750000	91.000000	-0.252806	-24.992190	10.530285	5.286333	0.169619	499	455
6.383931	125.500000	89.800000	0.084269	-74.771014	21.002830	-3101.677602	0.166990	502	449
6.399898	126.000000	88.000000	0.505612	-112.732511	26.388364	-2377.497152	0.163702	504	440
6.415928	126.500000	85.400000	0.926955	-162.195883	26.284655	-3085.675104	0.160415	506	427
6.431928	126.750000	82.200000	1.348298	-200.000000	26.333938	-2362.757330	0.157128	507	411
6.447908	127.250000	78.000000	1.769641	-262.828536	26.366897	-3931.698102	0.153841	509	390
6.463923	128.000000	73.200000	2.106715	-299.719013	21.047419	-2303.495333	0.151211	512	366
6.479922	128.500000	67.600000	2.359521	-350.021876	15.801351	-3144.125442	0.149239	514	338
6.496087	129.250000	61.200000	2.022446	-395.917105	-20.852113	-2839.172811	0.151869	517	306
6.511887	130.000000	54.000000	1.601103	-455.696203	-26.667279	-3783.487195	0.155156	520	270
6.527888	130.250000	46.200000	1.179760	-487.469533	-26.332293	-1985.709057	0.158443	521	231
6.543886	130.500000	37.600000	0.758417	-537.567196	-26.337231	-3131.495359	0.161730	522	188
6.559939	130.500000	28.200000	0.337074	-585.560331	-26.246995	-2989.667695	0.165017	522	141
6.575883	130.000000	18.400000	-0.000000	-614.651279	-21.141145	-1824.570251	0.167647	520	92
6.591918	129.500000	8.200000	-0.421343	-636.108513	-26.276459	-1338.149869	0.170934	518	41
6.607944	129.000000	-2.400000	-0.842686	-661.425184	-26.291215	-1579.724912	0.174221	516	-12
6.623888	128.750000	-12.600000	-1.264029	-639.739087	-26.426431	1360.141575	0.177509	515	-63
6.639925	128.500000	-22.600000	-1.685372	-623.558022	-26.273182	1008.983272	0.180796	514	-113
6.655897	128.500000	-32.000000	-2.106715	-588.529927	-26.380104	2193.093833	0.184083	514	-160
6.671927	128.500000	-41.200000	-2.528058	-573.923893	-26.284655	911.168726	0.187370	514	-206
6.687926	128.250000	-49.600000	-2.949401	-525.032815	-26.335584	3055.883377	0.190657	513	-248
6.703896	127.750000	-57.400000	-3.370744	-488.415780	-26.383407	2292.863805	0.193945	511	-287
6.719909	127.250000	-64.600000	-3.117938	-449.634672	15.787536	2421.851481	0.191972	509	-323
6.735923	126.500000	-71.000000	-2.780864	-399.650306	21.048733	3121.291735	0.189343	506	-355
6.751931	125.500000	-76.600000	-2.443789	-349.825087	21.056622	3112.519898	0.186713	502	-383
6.767921	124.250000	-81.200000	-2.106715	-287.679800	21.080326	3886.509542	0.184083	497	-406
6.783914	122.750000	-85.200000	-1.685372	-250.109423	26.345465	2349.176327	0.180796	491	-426
6.799904	121.000000	-88.400000	-1.264029	-200.125078	26.350407	3125.975278	0.177509	484	-442
6.815923	119.250000	-90.800000	-0.842686	-149.822086	26.302704	3140.207997	0.174221	477	-454
6.831922	117.500000	-92.400000	-0.421343	-100.006250	26.335584	3113.684348	0.170934	470	-462
6.847882	116.000000	-93.200000	-0.000000	-50.125313	26.399938	3125.371999	0.167647	464	-466
6.863886	114.750000	-93.400000	0.337074	-12.496876	21.061885	2351.189546	0.165017	459	-467
6.879911	113.750000	-93.000000	0.758417	24.960998	26.292856	2337.464850	0.161730	455	-465
6.895930	113.500000	-92.200000	0.589880	49.940695	-10.521082	1559.379299	0.163045	454	-461
6.911905	113.250000	-90.800000	0.168537	87.636933	-26.375150	2359.701864	0.166332	453	-454
6.927931	113.000000	-88.600000	-0.168537	137.276925	-21.032972	3097.466136	0.168962	452	-443
6.943912	113.000000	-85.600000	-0.589880	187.722921	-26.365247	3156.623238	0.172249	452	-428
6.959908	113.000000	-82.000000	-1.011223	225.056264	-26.340524	2333.917423	0.175536	452	-410
6.975916	113.000000	-77.600000	-1.432566	274.862569	-26.320778	3111.338371	0.178824	452	-388
6.991921	113.000000	-72.400000	-1.853909	324.898469	-26.325712	3126.266824	0.182111	452	-362
7.007891	112.750000	-66.400000	-2.275252	375.704446	-26.383407	3181.338548	0.185398	451	-332
7.023876	112.500000	-59.600000	-2.022446	425.398811	15.815190	3108.812358	0.183426	450	-298
7.039926	112.250000	-52.200000	-1.601103	461.059190	26.251901	2221.830445	0.180138	449	-261
7.055925	112.000000	-44.000000	-1.179760	512.532033	26.335584	3217.253780	0.176851	448	-220
7.071939	112.000000	-35.200000	-0.758417	549.519171	26.310916	2309.675126	0.173564	448	-176
7.087903	112.250000	-25.600000	-0.337074	601.353044	26.393323	3246.922678	0.170277	449	-128
7.103897	112.250000	-15.800000	0.000000	612.729774	21.075054	711.312324	0.167647	449	-79
7.119934	112.500000	-5.600000	0.421343	636.029183	26.273182	1452.853330	0.164360	450	-28
7.135928	112.750000	4.800000	0.842686	650.243841	26.343817	888.749464	0.161073	451	24
7.151921	112.750000	14.600000	1.264029	612.768086	26.345465	-2343.259889	0.157785	451	73
7.167912	112.750000	24.200000	1.685372	600.337690	26.348760	-777.337008	0.154498	451	121
7.183863	112.750000	33.400000	2.106715	576.766347	26.414834	-1477.734500	0.151211	451	167
7.199917	112.750000	42.200000	2.528058	548.149994	26.245360	-1782.506115	0.147924	451	211
7.215900	112.750000	50.200000	2.949401	500.531815	26.361948	-2979.301678	0.144637	451	251
7.231880	112.750000	57.600000	3.370744	463.078849	26.366897	-2343.740081	0.141349	451	288
7.247935	113.250000	64.200000	3.117938	411.086889	-15.746235	-3238.365602	0.143322	453	321
7.263892	114.000000	70.000000	2.780864	363.476844	-21.123921	-2983.646350	0.145952	456	350
7.279890	115.000000	75.200000	2.443789	325.040630	-21.069784	-2402.563692	0.148581	460	376
7.295870	116.250000	79.400000	2.106715	262.828536	-21.093518	-3893.122303	0.151211	465	397
7.311941	117.750000	83.000000	1.685372	224.005973	-26.217598	-2415.690509	0.154498	471	415
7.327928	119.250000	85.800000	1.264029	175.142303	-26.355352	-3056.462774	0.157785	477	429
7.343885	121.000000	87.600000	0.842686	112.803158	-26.404902	-3906.695784	0.161073	484	438
7.359862	122.500000	88.800000	0.421343	75.107968	-26.371848	-2359.340977	0.164360	490	444
7.375944	124.000000	89.400000	0.000000	37.308792	-26.199665	-2350.402641	0.167647	496	447
7.391929	125.250000	89.000000	-0.337074	-25.023459	-21.086920	-3899.421453	0.170277	501	445
7.407869	126.000000	88.200000	-0.168537	-50.188206	10.573225	-1578.716831	0.168962	504	441
7.423876	126.500000	86.800000	0.168537	-87.461735	21.057938	-2328.576855	0.166332	506	434
7.439874	127.000000	84.600000	0.589880	-137.517190	26.337231	-3128.856992	0.163045	508	423
7.455894	127.500000	81.800000	1.011223	-174.781523	26.301062	-2326.113199	0.159758	510	409
7.471926	127.750000	78.200000	1.432566	-224.550898	26.281376	-3104.377190	0.156471	511	391
7.487953	128.250000	73.800000	1.853909	-274.536719	26.289575	-3118.850757	0.153183	513	369
7.503936	128.750000	68.600000	2.275252	-325.345680	26.361948	-3178.937652	0.149896	515	343
7.519918	129.250000	62.800000	1.938178	-362.908272	-21.090878	-2350.306096	0.152526	517	314
7.535957	130.000000	56.000000	1.516835	-423.966581	-26.269906	-3806.865120	0.155813	520	280
7.551938	130.500000	48.600000	1.095492	-463.049872	-26.365247	-2445.609803	0.159100	522	243
7.567891	130.500000	40.400000	0.674149	-514.009904	-26.411522	-3194.385531	0.162388	522	202
7.583928	130.500000	31.600000	0.252806	-548.731059	-26.273182	-2165.065494	0.165675	522	158
7.599921	130.000000	22.000000	-0.084269	-600.262615	-21.076372	-3222.131900	0.168304	520	110
7.615872	129.500000	12.000000	-0.505612	-626.919942	-26.414834	-1671.201017	0.171592	518	60
7.631929	128.500000	1.600000	-0.926955	-647.692595	-26.240457	-1293.682058	0.174879	514	8
7.647917	128.000000	-8.600000	-1.348298	-637.978484	-26.353704	607.587645	0.178166	512	-43
7.663907	127.500000	-18.600000	-1.769641	-625.390869	-26.350407	787.217922	0.181453	510	-93
7.679871	127.250000	-28.200000	-2.190984	-601.353044	-26.393323	1505.752001	0.184740	509	-141
7.695919	126.750000	-37.600000	-2.612327	-585.742772	-26.255173	972.723870	0.188028	507	-188
7.711903	126.500000	-46.200000	-3.033670	-538.038038	-26.360299	2984.530383	0.191315	506	-231
7.727875	125.750000	-54.200000	-3.455013	-500.876534	-26.380104	2326.665671	0.194602	503	-271
7.743940	125.000000	-61.600000	-3.286476	-460.628696	10.490956	2505.312046	0.193287	500	-308
7.759899	124.250000	-68.200000	-2.865133	-413.559747	26.401593	2949.367070	0.190000	497	-341
7.775886	123.000000	-74.000000	-2.528058	-362.794771	21.084282	3175.391011	0.187370	492	-370
7.792017	121.750000	-79.000000	-2.190984	-309.962185	20.896064	3275.220764	0.184740	487	-395
7.807897	120.000000	-83.200000	-1.769641	-264.483627	26.532935	2863.889006	0.181453	480	-416
7.823925	118.250000	-86.800000	-1.348298	-224.606938	26.287935	2487.939190	0.178166	473	-434
7.839943	116.500000	-89.400000	-0.926955	-162.317393	26.304346	3888.721746	0.174879	466	-447
7.855887	114.750000	-91.200000	-0.505612	-112.895133	26.426431	3099.740339	0.171592	459	-456
7.871926	113.000000	-92.400000	-0.084269	-74.817632	26.269906	2374.057045	0.168304	452	-462
7.887907	111.750000	-93.000000	0.252806	-37.544584	21.092198	2332.335137	0.165675	447	-465
7.903885	111.000000	-92.600000	0.674149	25.034422	26.370197	3916.573196	0.162388	444	-463
7.919897	110.500000	-92.000000	0.505612	37.471896	-10.525681	776.759540	0.163702	442	-460
7.936087	110.250000	-90.800000	0.084269	74.119827	-26.024893	2263.615255	0.166990	441	-454
7.951879	110.250000	-88.800000	-0.252806	126.646403	-21.344631	3326.150974	0.169619	441	-444
7.967899	110.250000	-86.400000	-0.674149	149.812734	-26.301062	1446.088067	0.172907	441	-432
7.983889	110.250000	-83.000000	-1.095492	212.632896	-26.350407	3928.715540	0.176194	441	-415
7.999882	110.250000	-78.800000	-1.516835	262.614894	-26.345465	3125.242197	0.179481	441	-394
8.015947	110.000000	-73.800000	-1.938178	311.235605	-26.227390	3026.499305	0.182768	440	-369
8.031915	109.500000	-68.000000	-2.275252	363.226453	-21.109369	3255.939852	0.185398	438	-340
8.047960	109.250000	-61.600000	-1.938178	398.878155	21.008066	2221.982068	0.182768	437	-308
8.063922	108.750000	-54.400000	-1.516835	451.071294	26.396630	3269.837059	0.179481	435	-272
8.079897	108.500000	-46.400000	-1.095492	500.782473	26.375150	3111.810848	0.176194	434	-232
8.095918	108.500000	-37.800000	-0.674149	536.795456	26.299420	2247.861142	0.172907	434	-189
8.111874	108.500000	-28.400000	-0.252806	589.120080	26.406556	3279.307111	0.169619	434	-142
8.127993	108.500000	-18.600000	0.084269	607.978162	20.911621	1169.928792	0.166990	434	-93
8.143894	109.000000	-8.400000	0.505612	641.469090	26.497894	2106.215180	0.163702	436	-42
8.159880	109.250000	1.800000	0.926955	638.058301	26.357001	-213.361002	0.160415	437	9
8.176011	109.250000	12.000000	1.348298	632.322857	26.120080	-355.554175	0.157128	437	60
8.191885	109.500000	21.800000	1.769641	617.361724	26.542964	-942.492947	0.153841	438	109
8.207888	109.500000	31.200000	2.190984	587.389864	26.329002	-1872.890031	0.150554	438	156
8.223879	109.500000	40.000000	2.612327	550.309549	26.348760	-2318.824043	0.147266	438	200
8.239894	109.750000	48.400000	3.033670	524.508273	26.309273	-1611.069349	0.143979	439	242
8.255917	110.250000	56.000000	3.455013	474.318168	26.296138	-3132.378822	0.140692	441	280
8.271888	111.000000	63.000000	3.202207	438.294409	-15.829053	-2255.573165	0.142664	444	315
8.287868	111.750000	69.200000	2.865133	387.984981	-21.093518	-3148.274555	0.145294	447	346
8.303923	113.000000	74.600000	2.528058	336.343818	-20.994980	-3216.515920	0.147924	452	373
8.319918	114.500000	79.200000	2.190984	287.589872	-21.073736	-3048.074166	0.150554	458	396
8.335915	116.250000	83.000000	1.769641	237.544540	-26.338877	-3128.419843	0.153841	465	415
8.351864	118.000000	86.000000	1.348298	188.099567	-26.418146	-3100.192628	0.157128	472	430
8.367914	119.750000	88.200000	0.926955	137.071651	-26.251901	-3179.309426	0.160415	479	441
8.383917	121.500000	89.600000	0.505612	87.483597	-26.329002	-3098.672390	0.163702	486	448
8.399920	123.250000	90.400000	0.084269	49.990627	-26.329002	-2342.871341	0.166990	493	452
8.415899	124.750000	90.400000	-0.252806	0.000000	-21.094838	-3128.520355	0.169619	499	452
8.431907	125.750000	90.000000	-0.084269	-24.987506	10.528311	-1560.938671	0.168304	503	450
8.447875	126.500000	88.800000	0.252806	-75.150301	21.109369	-3141.457562	0.165675	506	444
8.463913	127.000000	87.000000	0.674149	-112.233446	26.271544	-2312.205073	0.162388	508	435
8.479903	127.750000	84.400000	1.095492	-162.601626	26.350407	-3149.980016	0.159100	511	422
8.495914	128.250000	81.200000	1.516835	-199.862594	26.315846	-2327.210571	0.155813	513	406
8.511869	129.000000	77.200000	1.938178	-250.705108	26.408212	-3186.619470	0.152526	516	386
8.527867	130.000000	72.400000	2.106715	-300.037505	10.534892	-3083.660243	0.151211	520	362
8.543866	130.750000	66.800000	2.359521	-350.021876	15.801351	-3124.218494	0.149239	523	334
8.559902	131.750000	60.400000	2.022446	-399.102020	-21.019856	-3060.622605	0.151869	527	302
8.575943	132.250000	53.400000	1.601103	-436.381772	-26.266630	-2324.029129	0.155156	529	267
8.591894	132.750000	45.600000	1.179760	-488.997555	-26.414834	-3298.588383	0.158443	531	228
8.608030	132.750000	36.800000	0.758417	-545.364403	-26.111987	-3493.235471	0.161730	531	184
8.623913	132.750000	27.600000	0.337074	-579.235661	-26.527924	-2132.547893	0.165017	531	138
8.639917	132.500000	17.800000	-0.000000	-612.346913	-21.061885	-2068.936047	0.167647	530	89
8.655911	132.000000	7.600000	-0.421343	-637.739152	-26.343817	-1587.610286	0.170934	528	38
8.671877	131.500000	-2.800000	-0.842686	-651.384191	-26.390017	-854.631043	0.174221	526	-14
8.687883	131.250000	-13.200000	-1.264029	-649.756341	-26.324067	101.702489	0.177509	525	-66
8.703866	131.250000	-23.000000	-1.685372	-613.151473	-26.361948	2290.237623	0.180796	525	-115
8.719908	131.250000	-32.400000	-2.106715	-585.961850	-26.264993	1694.902337	0.184083	525	-162
8.735923	131.250000	-41.400000	-2.528058	-561.973150	-26.309273	1497.889477	0.187370	525	-207
8.751863	131.000000	-49.800000	-2.949401	-526.976161	-26.433062	2195.545142	0.190657	524	-249
8.767866	130.750000	-57.600000	-3.370744	-487.408611	-26.329002	2472.508262	0.193945	523	-288
8.783869	130.250000	-64.600000	-3.117938	-437.417984	15.797401	3123.828455	0.191972	521	-323
8.799865	129.250000	-70.800000	-2.780864	-387.596899	21.072419	3114.596456	0.189343	517	-354
8.815933	128.250000	-76.400000	-2.443789	-348.518795	20.977994	2432.045314	0.186713	513	-382
8.831906	126.750000	-81.000000	-2.106715	-287.985976	21.102762	3789.696287	0.184083	507	-405
8.847857	125.500000	-85.000000	-1.685372	-250.767977	26.414834	2333.270604	0.180796	502	-425
8.863902	123.750000	-88.000000	-1.264029	-186.974135	26.260082	3975.932794	0.177509	495	-440
8.879874	122.000000	-90.400000	-0.842686	-150.262960	26.380104	2298.470765	0.174221	488	-452
8.895866	120.250000	-92.000000	-0.421343	-100.050025	26.347112	3139.878387	0.170934	481	-460
8.911895	118.750000	-92.800000	-0.000000	-49.909539	26.286295	3128.110678	0.167647	475	-464
8.927907	117.500000	-92.800000	0.337074	0.000000	21.051362	3117.008429	0.165017	470	-464
8.943862	116.750000	-92.400000	0.758417	25.070511	26.408212	1571.326281	0.161730	467	-462
8.959908	116.250000	-91.600000	0.589880	49.856662	-10.503378	1544.693462	0.163045	465	-458
8.975853	116.250000	-90.000000	0.168537	100.344936	-26.424774	3166.401607	0.166332	465	-450
8.991907	116.250000	-87.800000	-0.168537	137.037498	-20.996288	2285.571367	0.168962	465	-439
9.007874	116.250000	-84.800000	-0.589880	187.887518	-26.388364	3184.694655	0.172249	465	-424
9.023887	116.250000	-81.000000	-1.011223	237.307188	-26.312559	3086.221814	0.175536	465	-405
9.039908	116.250000	-76.600000	-1.432566	274.639536	-26.299420	2330.213326	0.178824	465	-383
9.055901	116.250000	-71.200000	-1.853909	337.647721	-26.345465	3939.735213	0.182111	465	-356
9.071854	116.250000	-65.200000	-1.685372	376.104808	10.564609	2410.649219	0.180796	465	-326
9.087881	116.000000	-58.400000	-1.264029	424.284021	26.289575	3006.127962	0.177509	464	-292
9.103859	116.000000	-50.800000	-0.842686	475.654024	26.370197	3215.045911	0.174221	464	-254
9.119889	116.000000	-42.600000	-0.421343	511.540861	26.284655	2238.729670	0.170934	464	-213
9.135913	116.000000	-33.600000	-0.000000	561.657514	26.294497	3127.599404	0.167647	464	-168
9.151913	116.750000	-24.000000	0.337074	600.000000	21.067151	2396.405392	0.165017	467	-120
9.167862	117.750000	-13.800000	0.758417	639.538529	26.418146	2479.060070	0.161730	471	-69
9.183903	119.000000	-3.400000	1.179760	648.338632	26.266630	548.600660	0.158443	476	-17
9.199916	120.000000	7.200000	1.601103	661.962156	26.312559	850.778960	0.155156	480	36
9.215885	120.500000	17.200000	2.022446	626.213288	26.385059	-2238.641587	0.151869	482	86
9.231917	121.250000	27.000000	2.443789	611.277445	26.281376	-931.626942	0.148581	485	135
9.247899	121.750000	36.200000	2.865133	575.647604	26.363597	-2229.373142	0.145294	487	181
9.263894	122.250000	44.800000	3.286476	537.668021	26.342170	-2374.465914	0.142007	489	224
9.279856	123.000000	52.800000	3.623550	501.190327	21.117304	-2285.283438	0.139377	492	264
9.295888	123.750000	60.000000	3.286476	449.101796	-21.025101	-3249.035094	0.142007	495	300
9.312090	124.500000	66.600000	2.949401	407.357116	-20.804494	-2576.514011	0.144637	498	333
9.327937	125.750000	72.400000	2.696595	365.999874	-15.952913	-2609.783720	0.146609	503	362
9.343911	127.250000	77.400000	2.359521	313.008639	-21.101441	-3317.342854	0.149239	509	387
9.359908	128.750000	81.600000	1.938178	262.549228	-26.338877	-3154.304623	0.152526	515	408
9.375908	130.500000	84.800000	1.516835	200.000000	-26.333938	-3909.326749	0.155813	522	424
9.391871	132.500000	87.400000	1.095492	162.876652	-26.394977	-2325.587154	0.159100	530	437
9.407867	134.250000	89.200000	0.674149	112.528132	-26.340524	-3147.569406	0.162388	537	446
9.423848	136.250000	90.400000	0.252806	75.089168	-26.365247	-2342.717205	0.165675	545	452
9.439901	137.750000	90.800000	-0.084269	24.917461	-20.997596	-3125.378900	0.168304	551	454
9.455898	138.750000	90.400000	-0.505612	-25.004688	-26.338877	-3120.719466	0.171592	555	452
9.471898	139.500000	89.600000	-0.337074	-50.000000	10.533575	-1562.206976	0.170277	558	448
9.487903	139.750000	88.200000	0.000000	-87.472665	21.060569	-2341.309890	0.167647	559	441
9.503854	140.000000	86.200000	0.421343	-125.383988	26.414834	-2376.736485	0.164360	560	431
9.519897	140.250000	83.400000	0.842686	-174.530948	26.263356	-3063.451949	0.161073	561	417
9.535842	140.500000	79.800000	1.264029	-225.776105	26.424774	-3213.870008	0.157785	562	399
9.551860	140.750000	75.600000	1.685372	-262.205019	26.304346	-2274.248595	0.154498	563	378
9.567876	141.000000	70.400000	2.106715	-324.675325	26.307631	-3900.493589	0.151211	564	352
9.583889	141.500000	64.600000	1.853909	-362.205708	-15.787536	-2343.744657	0.153183	566	323
9.599895	142.000000	58.000000	1.432566	-412.345370	-26.324067	-3132.554206	0.156471	568	290
9.615851	142.250000	50.600000	1.011223	-463.775382	-26.406556	-3223.239647	0.159758	569	253
9.631878	142.250000	42.600000	0.589880	-499.157671	-26.289575	-2207.667631	0.163045	569	213
9.647878	142.250000	33.800000	0.168537	-550.000000	-26.333938	-3177.645536	0.166332	569	169
9.663896	141.750000	24.400000	-0.168537	-586.839805	-21.043477	-2299.900438	0.168962	567	122
9.679862	141.000000	14.400000	-0.589880	-626.330953	-26.390017	-2473.452841	0.172249	564	72
9.695898	140.250000	4.000000	-1.011223	-648.540783	-26.274820	-1384.998127	0.175536	561	20
9.711907	139.250000	-6.400000	-1.432566	-649.634581	-26.319134	-68.323900	0.178824	557	-32
9.727895	138.750000	-16.600000	-1.853909	-637.978484	-26.353704	729.052832	0.182111	555	-83
9.743852	138.250000	-26.400000	-2.275252	-614.150530	-26.404902	1493.260282	0.185398	553	-132
9.759925	138.000000	-35.800000	-2.696595	-584.831705	-26.214336	1824.104038	0.188685	552	-179
9.775847	137.500000	-44.800000	-3.117938	-565.255621	-26.462945	1229.499070	0.191972	550	-224
9.791896	137.000000	-53.000000	-3.539281	-510.935261	-26.253537	3384.657012	0.195260	548	-265
9.807881	136.250000	-60.400000	-3.286476	-462.934001	15.815190	3002.893972	0.193287	545	-302
9.823908	135.750000	-67.200000	-2.949401	-424.284021	21.031660	2411.554247	0.190657	543	-336
9.839908	134.500000	-73.200000	-2.612327	-375.000000	21.067151	3080.251295	0.188028	538	-366
9.855862	133.000000	-78.400000	-2.275252	-325.937069	21.127893	3075.274597	0.185398	532	-392
9.871879	131.500000	-83.000000	-1.853909	-287.194855	26.305988	2418.818356	0.182111	526	-415
9.887840	130.000000	-86.600000	-1.432566	-225.549778	26.398284	3862.231557	0.178824	520	-433
9.903868	128.250000	-89.400000	-1.011223	-174.694285	26.287935	3172.915684	0.175536	513	-447
9.919889	126.500000	-91.400000	-0.589880	-124.836153	26.299420	3112.048714	0.172249	506	-457
9.935896	124.750000	-92.800000	-0.168537	-87.461735	26.322422	2334.879556	0.168962	499	-464
9.951890	123.500000	-93.400000	0.168537	-37.514068	21.075054	3122.900320	0.166332	494	-467
9.967875	122.500000	-93.400000	0.589880	0.000000	26.358650	2346.829389	0.163045	490	-467
9.983890	122.000000	-92.800000	1.011223	37.464877	26.309273	2339.361641	0.159758	488	-464
9.999890	121.750000	-91.800000	0.842686	62.500000	-10.533575	1564.695208	0.161073	487	-459
10.015892	121.750000	-90.000000	0.421343	112.485939	-26.330647	3123.730737	0.164360	487	-450
10.031861	121.750000	-87.600000	0.000000	150.291189	-26.385059	2367.414987	0.167647	487	-438
10.047874	121.750000	-84.400000	-0.337074	199.837632	-21.050048	3094.138684	0.170277	487	-422
10.063885	121.750000	-80.600000	-0.758417	237.336831	-26.315846	2342.089751	0.173564	487	-403
10.079845	122.000000	-75.800000	-1.179760	300.751880	-26.399938	3973.373983	0.176851	488	-379
10.095876	122.000000	-70.400000	-1.601103	336.847358	-26.283015	2251.604924	0.180138	488	-352
10.111823	122.000000	-64.200000	-1.432566	388.787860	10.568584	3257.070392	0.178824	488	-321
10.127872	122.000000	-57.200000	-1.011223	436.164247	26.253537	2951.983750	0.175536	488	-286
10.143823	122.000000	-49.400000	-0.589880	488.997555	26.414834	3312.225442	0.172249	488	-247
10.159882	122.250000	-41.000000	-0.168537	523.071175	26.237189	2121.777198	0.168962	489	-205
10.175847	123.000000	-31.800000	0.168537	576.260570	21.113336	3331.625115	0.166332	492	-159
10.191886	124.000000	-22.000000	0.589880	611.010662	26.269906	2166.599633	0.163045	496	-110
10.207837	125.500000	-11.800000	1.011223	639.458341	26.414834	1783.441769	0.159758	502	-59
10.223889	126.750000	-1.200000	1.432566	660.353850	26.248630	1301.738650	0.156471	507	-6
10.239899	128.000000	9.400000	1.853909	662.086196	26.317490	108.204006	0.153183	512	47
10.255884	128.750000	19.400000	2.275252	625.586487	26.358650	-2283.372461	0.149896	515	97
10.271857	129.750000	29.200000	2.696595	613.535341	26.378452	-754.469821	0.146609	519	146
10.287838	130.500000	38.400000	3.117938	575.683624	26.365247	-2368.544934	0.143322	522	192
10.303891	131.250000	47.000000	3.539281	535.725410	26.246995	-2489.143134	0.140035	525	235
10.319844	132.250000	54.800000	3.539281	488.936250	0.000000	-2932.937964	0.140035	529	274
10.335863	133.000000	62.000000	3.202207	449.466259	-21.042163	-2463.948525	0.142664	532	310
10.351830	134.000000	68.400000	2.865133	400.826705	-21.110692	-3046.255010	0.145294	536	342
10.367872	135.500000	74.000000	2.528058	349.083655	-21.011994	-3225.473736	0.147924	542	370
10.383871	137.250000	78.800000	2.190984	300.018751	-21.068468	-3066.748186	0.150554	549	394
10.399872	138.750000	82.800000	1.769641	249.984376	-26.332293	-3126.953015	0.153841	555	414
10.415861	140.500000	86.000000	1.348298	200.137595	-26.352055	-3117.567164	0.157128	562	430
10.431929	142.500000	88.400000	0.926955	149.365198	-26.222493	-3159.845450	0.160415	570	442
10.447885	144.500000	90.200000	0.505612	112.810228	-26.406556	-2290.985822	0.163702	578	451
10.463893	146.250000	91.200000	0.084269	62.468766	-26.320778	-3144.769022	0.166990	585	456
10.479836	147.500000	91.600000	-0.252806	25.089381	-21.142471	-2344.564053	0.169619	590	458
10.495886	148.500000	91.200000	-0.674149	-24.922118	-26.251901	-3115.981265	0.172907	594	456
10.511941	149.000000	90.400000	-0.505612	-49.828714	10.497490	-1551.329518	0.171592	596	452
10.527888	149.250000	89.000000	-0.084269	-87.790807	26.421460	-2380.516288	0.168304	597	445
10.543834	149.500000	86.800000	0.252806	-137.965634	21.138493	-3146.546279	0.165675	598	434
10.559928	149.750000	84.000000	0.674149	-173.977880	26.180130	-2237.619358	0.162388	599	420
10.575849	149.750000	80.600000	1.095492	-213.554425	26.464607	-2485.807739	0.159100	599	403
10.591895	149.500000	76.200000	1.516835	-274.211642	26.258445	-3780.207937	0.155813	598	381
10.607861	149.750000	71.200000	1.938178	-313.165477	26.390017	-2439.799268	0.152526	599	356
10.623878	150.000000	65.200000	1.853909	-374.601985	-5.261198	-3835.706359	0.153183	600	326
10.639878	150.000000	58.600000	1.432566	-412.500000	-26.333938	-2368.625913	0.156471	600	293
10.655839	150.000000	51.200000	1.011223	-463.630098	-26.398284	-3203.439532	0.159758	600	256
10.671833	150.000000	43.200000	0.589880	-500.187570	-26.343817	-2285.699136	0.163045	600	216
10.687884	149.500000	34.400000	0.168537	-548.252445	-26.250266	-2994.509687	0.166332	598	172
10.703882	148.750000	24.800000	-0.168537	-600.075009	-21.069784	-3239.315167	0.168962	595	124
10.719857	147.750000	14.800000	-0.589880	-625.978091	-26.375150	-1621.476143	0.172249	591	74
10.735872	146.250000	4.400000	-1.011223	-649.391196	-26.309273	-1461.948485	0.175536	585	22
10.751879	145.250000	-6.000000	-1.432566	-649.715749	-26.322422	-20.275730	0.178824	581	-30
10.767889	144.750000	-16.200000	-1.853909	-637.101811	-26.317490	787.878700	0.182111	579	-81
10.783883	144.000000	-26.000000	-2.275252	-612.729774	-26.343817	1523.823790	0.185398	576	-130
10.799837	143.250000	-35.400000	-2.696595	-589.193933	-26.409867	1475.231359	0.188685	573	-177
10.815917	142.750000	-44.400000	-3.117938	-559.701493	-26.202924	1834.106966	0.191972	571	-222
10.831881	142.000000	-52.600000	-3.539281	-513.655725	-26.393323	2884.350235	0.195260	568	-263
10.847825	141.500000	-60.000000	-3.370744	-464.124436	10.570572	3106.578641	0.193945	566	-300
10.863884	140.500000	-66.800000	-2.949401	-423.438570	26.237189	2533.524208	0.190657	562	-334
10.879856	139.250000	-72.800000	-2.612327	-375.657400	21.104083	2991.558341	0.188028	557	-364
10.895877	138.000000	-78.200000	-2.275252	-337.057612	21.039536	2409.324547	0.185398	552	-391
10.911879	136.500000	-82.600000	-1.853909	-274.965629	26.330647	3880.263879	0.182111	546	-413
10.927836	134.750000	-86.200000	-1.432566	-225.606317	26.404902	3093.270184	0.178824	539	-431
10.943847	133.000000	-89.000000	-1.011223	-174.879770	26.315846	3168.231017	0.175536	532	-445
10.959848	131.000000	-91.000000	-0.589880	-124.992188	26.332293	3117.779024	0.172249	524	-455
10.975871	129.250000	-92.400000	-0.168537	-87.374399	26.296138	2347.736921	0.168962	517	-462
10.991878	127.750000	-93.000000	0.168537	-37.483601	21.057938	3116.811294	0.166332	511	-465
11.007835	126.750000	-92.800000	0.589880	12.533684	26.404902	3134.504305	0.163045	507	-464
11.023909	126.000000	-92.400000	0.421343	24.884907	-10.485082	768.397600	0.164360	504	-462
11.039857	125.750000	-91.200000	0.000000	75.244545	-26.419803	3157.739997	0.167647	503	-456
11.055845	125.500000	-89.400000	-0.337074	112.584438	-21.082963	2335.494969	0.170277	502	-447
11.071807	125.250000	-87.000000	-0.758417	150.357098	-26.396630	2366.411463	0.173564	501	-435
11.087832	125.000000	-83.600000	-1.179760	212.168487	-26.292856	3857.184938	0.176851	500	-418
11.103808	125.000000	-79.600000	-1.601103	250.375563	-26.373499	2391.529582	0.180138	500	-398
11.119848	124.500000	-74.800000	-2.022446	299.251870	-26.268268	3047.151308	0.183426	498	-374
11.135917	124.000000	-69.200000	-2.275252	348.497106	-15.732517	3064.611109	0.185398	496	-346
11.151871	123.250000	-62.800000	-1.938178	401.153316	21.127893	3300.502040	0.182768	493	-314
11.167895	122.750000	-55.800000	-1.516835	436.844733	26.294497	2227.372511	0.179481	491	-279
11.183848	122.500000	-47.800000	-1.095492	501.473077	26.411522	4051.171834	0.176194	490	-239
11.199872	122.500000	-39.200000	-0.674149	536.694958	26.294497	2198.070419	0.172907	490	-196
11.215825	122.500000	-30.000000	-0.252806	576.694039	26.411522	2507.307790	0.169619	490	-150
11.231877	122.750000	-20.000000	0.084269	622.975330	20.998904	2883.210281	0.166990	491	-100
11.247879	123.500000	-9.800000	0.505612	637.420322	26.330647	902.699180	0.163702	494	-49
11.263886	124.250000	0.800000	0.926955	662.210283	26.322422	1548.694980	0.160415	497	4
11.279885	124.750000	11.200000	1.348298	650.040628	26.335584	-760.651007	0.157128	499	56
11.295834	125.000000	21.000000	1.769641	614.458587	26.418146	-2230.988827	0.153841	500	105
11.311843	125.250000	30.600000	2.190984	599.662690	26.319134	-924.223687	0.150554	501	153
11.327854	125.250000	39.400000	2.612327	549.622135	26.315846	-3125.385982	0.147266	501	197
11.343876	125.500000	47.800000	3.033670	524.279116	26.297779	-1581.763735	0.143979	502	239
11.359848	125.750000	55.600000	3.455013	488.354621	26.380104	-2249.217107	0.140692	503	278
11.375876	126.250000	62.600000	3.202207	436.735713	-15.772761	-3220.545800	0.142664	505	313
11.391873	127.000000	68.800000	2.865133	387.572670	-21.071102	-3073.266402	0.145294	508	344
11.407840	128.250000	74.200000	2.528058	338.197532	-21.110692	-3092.324010	0.147924	513	371
11.423911	129.750000	79.000000	2.190984	298.674631	-20.974078	-2459.268315	0.150554	519	395
11.439898	131.250000	82.800000	1.769641	237.693126	-26.355352	-3814.443339	0.153841	525	414
11.455877	133.000000	85.800000	1.348298	187.746417	-26.368547	-3125.771856	0.157128	532	429
11.471848	134.750000	88.200000	0.926955	150.272369	-26.381755	-2346.380847	0.160415	539	441
11.487876	136.750000	89.600000	0.505612	87.347143	-26.287935	-3925.956212	0.163702	547	448
11.503837	138.500000	90.400000	0.084269	50.122173	-26.398284	-2332.245455	0.166990	554	452
11.519871	139.750000	90.400000	-0.252806	0.000000	-21.022478	-3125.993064	0.169619	559	452
11.535843	140.750000	90.000000	-0.084269	-25.043827	10.552041	-1567.983139	0.168304	563	450
11.551871	141.750000	89.000000	0.252806	-62.390816	21.030348	-2330.109145	0.165675	567	445
11.567872	142.500000	87.200000	0.674149	-112.492969	26.332293	-3131.188871	0.162388	570	436
11.583865	143.250000	84.800000	1.095492	-150.065654	26.345465	-2349.320611	0.159100	573	424
11.599883	143.750000	81.600000	1.516835	-199.775253	26.304346	-3103.358666	0.155813	575	408
11.615838	144.500000	77.600000	1.938178	-250.705108	26.408212	-3192.093718	0.152526	578	388
11.631879	145.250000	72.800000	2.106715	-299.233215	10.506652	-3025.254459	0.151211	581	364
11.647823	146.000000	67.400000	2.359521	-338.685399	15.855859	-2474.421978	0.149239	584	337
11.663833	147.000000	61.000000	2.022446	-399.750156	-21.053992	-3814.163476	0.151869	588	305
11.679900	147.750000	54.000000	1.601103	-435.675608	-26.224125	-2235.977609	0.155156	591	270
11.695874	148.500000	46.400000	1.179760	-475.773131	-26.376801	-2510.174217	0.158443	594	232
11.711837	148.750000	37.800000	0.758417	-538.745850	-26.394977	-3944.917524	0.161730	595	189
11.727869	148.750000	28.600000	0.337074	-573.852295	-26.281376	-2189.773305	0.165017	595	143
11.743864	148.500000	18.800000	-0.000000	-612.691466	-21.073736	-2428.206982	0.167647	594	94
11.759850	148.000000	8.600000	-0.421343	-638.058301	-26.357001	-1586.815647	0.170934	592	43
11.775843	147.500000	-1.800000	-0.842686	-650.284499	-26.345465	-764.471860	0.174221	590	-9
11.791832	147.500000	-12.000000	-1.264029	-637.938583	-26.352055	772.150647	0.177509	590	-60
11.807841	147.500000	-22.000000	-1.685372	-624.648635	-26.319134	830.154765	0.180796	590	-110
11.823849	147.500000	-31.600000	-2.106715	-599.700150	-26.320778	1558.501076	0.184083	590	-158
11.839846	147.500000	-40.800000	-2.528058	-575.107833	-26.338877	1537.308071	0.187370	590	-204
11.855874	147.250000	-49.200000	-2.949401	-524.082855	-26.287935	3183.490000	0.190657	589	-246
11.871871	147.000000	-57.000000	-3.370744	-487.591423	-26.338877	2281.142190	0.193945	588	-285
11.887856	146.500000	-64.200000	-3.117938	-450.422271	15.815190	2325.251956	0.191972	586	-321
11.903831	145.750000	-70.600000	-2.780864	-400.625978	21.100120	3117.138829	0.189343	583	-353
11.919838	144.500000	-76.200000	-2.443789	-349.846942	21.057938	3172.301876	0.186713	578	-381
11.935819	143.250000	-81.000000	-2.106715	-300.356674	21.092198	3096.819249	0.184083	573	-405
11.951830	141.500000	-85.000000	-1.685372	-249.828243	26.315846	3155.857252	0.180796	566	-425
11.967869	140.000000	-88.200000	-1.264029	-199.513685	26.269906	3137.013386	0.177509	560	-441
11.983863	138.250000	-90.800000	-0.842686	-162.560960	26.343817	2310.411719	0.174221	553	-454
11.999866	136.250000	-92.400000	-0.421343	-99.981254	26.329002	3910.498459	0.170934	545	-462
12.015823	134.750000	-93.400000	-0.000000	-62.668421	26.404902	2338.336287	0.167647	539	-467
12.031874	133.500000	-93.800000	0.337074	-24.920566	21.000213	2351.744794	0.165017	534	-469
12.047850	132.750000	-93.400000	0.758417	25.037556	26.373499	3127.073237	0.161730	531	-467
12.063907	132.250000	-92.600000	0.674149	49.822507	-5.248091	1543.560502	0.162388	529	-463
12.079825	132.000000	-91.200000	0.252806	87.950748	-26.469595	2395.290882	0.165675	528	-456
12.095873	132.000000	-89.200000	-0.084269	124.626122	-21.004138	2285.354814	0.168304	528	-446
12.111886	132.000000	-86.400000	-0.505612	174.857928	-26.312559	3136.939131	0.171592	528	-432
12.127827	132.000000	-82.800000	-0.926955	225.832758	-26.431404	3197.718485	0.174879	528	-414
12.143837	132.000000	-78.400000	-1.348298	274.828232	-26.317490	3060.304438	0.178166	528	-392
12.159823	132.000000	-73.400000	-1.769641	312.773677	-26.357001	2373.667247	0.181453	528	-367
12.175820	131.750000	-67.600000	-2.190984	362.567981	-26.338877	3112.727670	0.184740	527	-338
12.191859	131.500000	-60.800000	-1.938178	423.966581	15.761943	3828.081549	0.182768	526	-304
12.207869	131.250000	-53.600000	-1.516835	449.718926	26.317490	1608.516191	0.179481	525	-268
12.223814	131.000000	-45.400000	-1.095492	514.267796	26.424774	4048.220124	0.176194	524	-227
12.239833	131.000000	-36.600000	-0.674149	549.347650	26.302704	2189.890388	0.172907	524	-183
12.255861	131.250000	-27.200000	-0.252806	586.473671	26.287935	2316.322773	0.169619	525	-136
12.271830	131.500000	-17.400000	0.084269	613.689022	21.108048	1704.261469	0.166990	526	-87
12.287815	132.000000	-7.000000	0.505612	650.609947	26.358650	2309.723137	0.163702	528	-35
12.303874	132.500000	3.200000	0.926955	635.157855	26.237189	-962.207573	0.160415	530	16
12.319856	132.500000	13.200000	1.348298	625.703917	26.363597	-591.536635	0.157128	530	66
12.335856	132.500000	23.000000	1.769641	612.500000	26.333938	-825.244807	0.153841	530	115
12.351816	132.500000	32.200000	2.190984	576.441103	26.399938	-2259.329401	0.150554	530	161
12.367859	132.500000	41.000000	2.612327	548.525837	26.263356	-1740.027797	0.147266	530	205
12.383852	132.500000	49.000000	3.033670	500.218846	26.345465	-3020.508414	0.143979	530	245
12.399860	132.500000	56.400000	3.455013	462.268866	26.320778	-2370.688417	0.140692	530	282
12.415869	132.750000	63.200000	3.117938	424.761072	-21.055307	-2342.919212	0.143322	531	316
12.431850	133.500000	69.000000	2.780864	362.930981	-21.092198	-3868.975118	0.145952	534	345
12.447874	134.500000	74.400000	2.528058	336.994508	-15.776698	-1618.601616	0.147924	538	372
12.463815	136.000000	78.600000	2.190984	263.471551	-21.145123	-4612.192265	0.150554	544	393
12.479814	137.500000	82.200000	1.769641	225.014063	-26.335584	-2403.743232	0.153841	550	411
12.495857	139.250000	85.000000	1.348298	174.530948	-26.263356	-3146.737848	0.157128	557	425
12.511832	141.000000	87.000000	0.926955	125.195618	-26.375150	-3088.283563	0.160415	564	435
12.527810	143.000000	88.200000	0.505612	75.103267	-26.370197	-3135.082686	0.163702	572	441
12.543870	144.750000	88.800000	0.084269	37.359900	-26.235555	-2350.147361	0.166990	579	444
12.559838	145.750000	88.400000	-0.252806	-25.050100	-21.109369	-3908.441920	0.169619	583	442
12.576053	146.500000	87.800000	-0.168537	-37.002775	5.196954	-737.136911	0.168962	586	439
12.591856	147.250000	86.200000	0.168537	-101.246599	21.329774	-4065.292890	0.166332	589	431
12.607838	147.750000	84.200000	0.589880	-125.140783	26.363597	-1495.068492	0.163045	591	421
12.623835	148.250000	81.400000	1.011223	-175.032819	26.338877	-3118.836986	0.159758	593	407
12.639817	148.500000	77.800000	1.432566	-225.253410	26.363597	-3142.322077	0.156471	594	389
12.655815	149.000000	73.600000	1.853909	-262.532817	26.337231	-2330.254189	0.153183	596	368
12.671827	149.500000	68.400000	2.275252	-324.756433	26.314203	-3886.061458	0.149896	598	342
12.687820	150.250000	62.400000	1.938178	-375.164134	-21.076372	-3151.860291	0.152526	601	312
12.703819	150.750000	55.800000	1.516835	-412.525783	-26.335584	-2335.248988	0.155813	603	279
12.719816	151.250000	48.400000	1.095492	-462.586735	-26.338877	-3129.396271	0.159100	605	242
12.735810	151.250000	40.200000	0.674149	-512.692260	-26.343817	-3132.770075	0.162388	605	201
12.751862	151.250000	31.400000	0.252806	-548.218291	-26.248630	-2213.184087	0.165675	605	157
12.767856	151.000000	22.000000	-0.084269	-587.720395	-21.075054	-2469.807715	0.168304	604	110
12.783826	150.250000	12.000000	-0.505612	-626.174076	-26.383407	-2407.869834	0.171592	601	60
12.799830	149.500000	1.800000	-0.926955	-637.340665	-26.327357	-697.737343	0.174879	598	9
12.815849	148.750000	-8.400000	-1.348298	-636.743867	-26.302704	37.255645	0.178166	595	-42
12.831856	148.500000	-18.400000	-1.769641	-624.726682	-26.322422	750.745585	0.181453	594	-92
12.847896	148.250000	-28.000000	-2.190984	-598.503741	-26.268268	1634.846722	0.184740	593	-140
12.863868	148.000000	-37.200000	-2.612327	-576.008014	-26.380104	1408.447697	0.188028	592	-186
12.879839	147.750000	-45.800000	-3.033670	-538.475988	-26.381755	2350.011039	0.191315	591	-229
12.895846	147.250000	-53.800000	-3.455013	-499.781346	-26.322422	2417.357535	0.194602	589	-269
12.911888	146.750000	-61.000000	-3.286476	-448.821843	10.505997	3176.630283	0.193287	587	-305
12.927820	146.000000	-67.400000	-2.949401	-401.707256	21.157068	2957.229904	0.190657	584	-337
12.943819	145.000000	-73.200000	-2.612327	-362.522658	21.068468	2449.190460	0.188028	580	-366
12.959861	143.750000	-78.200000	-2.275252	-311.681835	21.011994	3169.232171	0.185398	575	-391
12.975861	142.250000	-82.400000	-1.853909	-262.500000	26.333938	3073.864699	0.182111	569	-412
12.991814	140.500000	-85.600000	-1.432566	-200.589231	26.411522	3880.822988	0.178824	562	-428
13.007876	138.750000	-88.200000	-1.011223	-161.872743	26.232288	2410.440029	0.175536	555	-441
13.023847	137.000000	-90.000000	-0.589880	-112.704277	26.381755	3078.609143	0.172249	548	-450
13.039910	135.000000	-91.200000	-0.168537	-74.705846	26.230655	2365.587423	0.168962	540	-456
13.055833	133.750000	-91.400000	0.168537	-12.560447	21.169027	3902.869973	0.166332	535	-457
13.071812	132.750000	-91.000000	0.589880	25.032856	26.368547	2352.669302	0.163045	531	-455
13.087825	132.000000	-90.400000	0.421343	37.469556	-10.525024	776.662734	0.164360	528	-452
13.103821	131.500000	-88.800000	0.000000	100.025006	-26.340524	3910.693315	0.167647	526	-444
13.119812	131.250000	-86.600000	-0.337074	137.577387	-21.079008	2348.344758	0.170277	525	-433
13.135822	131.000000	-83.800000	-0.758417	174.890693	-26.317490	2330.624987	0.173564	524	-419
13.151849	131.000000	-80.000000	-1.179760	237.099894	-26.289575	3881.524965	0.176851	524	-400
13.167848	131.000000	-75.600000	-1.601103	275.017189	-26.335584	2369.979039	0.180138	524	-378
13.183852	130.500000	-70.400000	-2.022446	324.918770	-26.327357	3118.069341	0.183426	522	-352
13.199850	130.000000	-64.400000	-1.853909	375.046881	10.534892	3133.398584	0.182111	520	-322
13.215829	129.750000	-57.600000	-1.432566	425.558546	26.368547	3161.128026	0.178824	519	-288
13.231847	129.500000	-50.200000	-1.011223	461.980272	26.304346	2273.799888	0.175536	518	-251
13.247921	129.500000	-41.800000	-0.589880	522.583053	26.212705	3770.236480	0.172249	518	-209
13.263896	129.500000	-33.000000	-0.168537	550.860720	26.375150	1770.119968	0.168962	518	-165
13.279838	130.000000	-23.400000	0.168537	602.182913	21.143797	3219.307062	0.166332	520	-117
13.295806	130.750000	-13.400000	0.589880	626.252505	26.386712	1507.364225	0.163045	523	-67
13.311829	131.750000	-3.200000	1.011223	636.584909	26.296138	644.848292	0.159758	527	-16
13.327855	132.500000	7.200000	1.432566	648.945464	26.291215	771.281320	0.156471	530	36
13.343803	132.750000	17.200000	1.853909	627.037873	26.419803	-1373.688897	0.153183	531	86
13.359814	133.000000	26.800000	2.275252	599.587783	26.315846	-1714.451920	0.149896	532	134
13.375823	133.250000	35.800000	2.696595	562.183772	26.319134	-2336.436490	0.146609	533	179
13.391806	133.750000	44.400000	3.117938	538.071701	26.361948	-1508.607298	0.143322	535	222
13.407806	134.250000	52.200000	3.539281	487.500000	26.333938	-3160.731324	0.140035	537	261
13.423831	134.750000	59.400000	3.370744	449.297972	-10.517142	-2383.901908	0.141349	539	297
13.439816	135.750000	65.800000	3.033670	400.375352	-21.086920	-3060.533001	0.143979	543	329
13.455825	136.750000	71.400000	2.696595	349.803236	-21.055307	-3158.980337	0.146609	547	357
13.471832	138.250000	76.400000	2.443789	312.363341	-15.793453	-2338.970116	0.148581	553	382
13.487786	140.000000	80.400000	2.106715	250.720822	-21.127893	-3863.765744	0.151211	560	402
13.503780	141.750000	83.800000	1.685372	212.579717	-26.343817	-2384.713328	0.154498	567	419
13.519827	143.750000	86.200000	1.264029	149.560666	-26.256809	-3927.154724	0.157785	575	431
13.535813	145.750000	88.000000	0.842686	112.598524	-26.357001	-2312.157002	0.161073	583	440
13.551823	147.750000	89.000000	0.421343	62.460962	-26.317490	-3131.640338	0.164360	591	445
13.567830	149.250000	89.200000	0.000000	12.494534	-26.322422	-3121.536094	0.167647	597	446
13.583841	150.500000	88.800000	-0.337074	-24.982824	-21.052677	-2340.725623	0.170277	602	444
13.599842	151.500000	87.800000	-0.168537	-62.496094	10.532917	-2344.432828	0.168962	606	439
13.615788	152.000000	86.200000	0.168537	-100.338643	21.138493	-2373.168752	0.166332	608	431
13.631794	152.500000	84.000000	0.589880	-137.448457	26.324067	-2318.493934	0.163045	610	420
13.647819	153.000000	81.000000	1.011223	-187.207488	26.292856	-3105.087767	0.159758	612	405
13.663842	153.250000	77.200000	1.432566	-237.159084	26.296138	-3117.493323	0.156471	613	386
13.679807	153.750000	72.600000	1.853909	-288.130285	26.391670	-3192.684070	0.153183	615	363
13.695806	154.250000	67.200000	2.275252	-337.521095	26.335584	-3087.118574	0.149896	617	336
13.711791	154.750000	61.200000	2.022446	-375.351892	-15.815190	-2366.643562	0.151869	619	306
13.727885	155.250000	54.400000	1.601103	-422.517708	-26.180130	-2930.645959	0.155156	621	272
13.743827	155.750000	46.800000	1.179760	-476.728140	-26.429746	-3400.478675	0.158443	623	234
13.759792	155.750000	38.600000	0.758417	-513.623552	-26.391670	-2311.018604	0.161730	623	193
13.775861	155.500000	29.600000	0.337074	-560.084635	-26.220861	-2891.348777	0.165017	622	148
13.791789	155.250000	20.000000	-0.000000	-602.712205	-21.162381	-2676.266318	0.167647	621	100
13.807834	154.750000	10.000000	-0.421343	-623.247117	-26.260082	-1279.832506	0.170934	619	50
13.823905	154.000000	-0.200000	-0.842686	-634.683592	-26.217598	-711.621808	0.174221	616	-1
13.839787	153.750000	-10.400000	-1.264029	-642.236494	-26.529594	-475.563694	0.177509	615	-52
13.855801	153.500000	-20.200000	-1.685372	-611.964531	-26.310916	1890.343644	0.180796	614	-101
13.871839	153.250000	-29.800000	-2.106715	-598.578376	-26.271544	834.652368	0.184083	613	-149
13.887843	153.250000	-38.800000	-2.528058	-562.359410	-26.327357	2263.119608	0.187370	613	-194
13.903801	153.000000	-47.200000	-2.949401	-526.381752	-26.403247	2254.521748	0.190657	612	-236
13.919838	152.500000	-55.000000	-3.370744	-486.375257	-26.273182	2494.637082	0.193945	610	-275
13.935836	152.000000	-62.200000	-3.202207	-450.056257	10.534892	2270.221289	0.192630	608	-311
13.951852	151.000000	-68.600000	-2.865133	-399.600400	21.046105	3150.340749	0.190000	604	-343
13.967798	149.750000	-74.200000	-2.528058	-351.185250	21.138493	3036.193991	0.187370	599	-371
13.983842	148.250000	-79.000000	-2.190984	-299.177263	21.009375	3241.584872	0.184740	593	-395
13.999859	146.500000	-83.000000	-1.769641	-249.734657	26.305988	3086.883037	0.181453	586	-415
14.015828	145.000000	-86.200000	-1.348298	-200.388252	26.385059	3090.137434	0.178166	580	-431
14.031884	143.250000	-88.800000	-0.926955	-161.933234	26.242091	2395.055964	0.174879	573	-444
14.047835	141.250000	-90.400000	-0.505612	-100.307191	26.414834	3863.459527	0.171592	565	-452
14.063839	139.500000	-91.400000	-0.084269	-62.484379	26.327357	2363.334908	0.168304	558	-457
14.079810	138.250000	-91.600000	0.252806	-12.522697	21.105404	3128.275093	0.165675	553	-458
14.095835	137.250000	-91.200000	0.674149	24.960998	26.292856	2339.076183	0.162388	549	-456
14.111809	136.500000	-90.200000	0.505612	62.601728	-10.550720	2356.374694	0.163702	546	-451
14.127806	136.250000	-88.600000	0.084269	100.018754	-26.338877	2339.002670	0.166990	545	-443
14.143841	136.000000	-86.400000	-0.252806	137.199875	-21.021167	2318.747849	0.169619	544	-432
14.159835	136.000000	-83.200000	-0.674149	200.075028	-26.343817	3931.171243	0.172907	544	-416
14.175800	136.000000	-79.600000	-1.095492	225.493267	-26.391670	1592.122667	0.176194	544	-398
14.191802	136.000000	-75.000000	-1.516835	287.464067	-26.330647	3872.690943	0.179481	544	-375
14.207849	135.750000	-69.800000	-1.938178	324.048109	-26.256809	2279.805676	0.182768	543	-349
14.223843	135.250000	-63.600000	-1.769641	387.645367	10.537527	3976.319766	0.181453	541	-318
