0.016121,0.013963,0.008727,0.866115,0.541322,53.725863, 33.578664, 12.713999
0.032096,0.048869,0.030543,2.185076,1.365672,82.564076, 51.602547, 12.714110
0.048111,0.094248,0.069813,2.833504,2.452070,40.488784, 67.836285, 12.714079
0.063967,0.146608,0.113446,3.302212,2.751844,29.560333, 18.905973, 12.714200
0.080004,0.209440,0.161443,3.917931,2.992864,38.393611, 15.029002, 12.714063
0.095999,0.279253,0.218166,4.364687,3.546308,27.931009, 34.601101, 12.714095
0.112024,0.349066,0.274889,4.356516,3.539669,-0.509892, -0.414287, 12.714072
0.128122,0.429351,0.331613,4.987275,3.523618,39.182412, -0.997107, 12.714016
0.144115,0.509636,0.383972,5.020018,3.273925,2.047353, -15.612655, 12.714096
0.160134,0.593412,0.440696,5.229777,3.540995,13.094422, 16.672103, 12.714076
0.176002,0.677188,0.488692,5.279544,3.024739,3.136287, -32.534432, 12.714191
0.192004,0.760964,0.532325,5.235333,2.726736,-2.762821, -18.622837, 12.714089
0.208002,0.848230,0.575959,5.454836,2.727418,13.720617, 0.042616, 12.714093
0.223979,0.932006,0.606502,5.243525,1.911702,-13.225915, -51.055639, 12.714109
0.240009,1.019272,0.637045,5.443947,1.905381,12.502881, -0.394302, 12.714068
0.256004,1.103048,0.654498,5.237625,1.091172,-12.899156, -50.904002, 12.714095
0.272014,1.190315,0.667588,5.450747,0.817612,13.311848, -17.086802, 12.714084
0.287995,1.277581,0.676315,5.460638,0.546064,0.618937, -16.991943, 12.714106
0.303996,1.361357,0.671952,5.235661,-0.272691,-14.060240, -51.168958, 12.738398
0.320118,1.448623,0.663225,5.412881,-0.541288,10.992443, -16.660304, 12.738490
0.336141,1.494002,0.637045,2.832089,-1.633897,-161.067952, -68.190063, 12.738415
0.352099,1.507964,0.575959,0.874961,-3.827956,-122.642406, -137.489577, 12.738366
0.367992,1.500983,0.484329,-0.439270,-5.765418,-82.692464, -121.906608, 12.738316
0.383938,1.473058,0.362156,-1.751240,-7.661674,-82.275790, -118.917333, 12.738357
0.399933,1.427679,0.222529,-2.837047,-8.729374,-67.884147, -66.752145, 12.738394
0.416121,1.368338,0.061087,-3.665752,-9.973002,-51.192579, -76.824053, 12.738541
0.432113,1.302016,-0.104720,-4.147231,-10.368076,-30.107461, -24.704509, 12.738392
0.448095,1.228712,-0.279253,-4.586649,-10.920593,-27.494599, -34.571206, 12.738384
0.463981,1.151917,-0.449422,-4.834098,-10.711923,-15.576553, 13.135523, 12.738311
0.479999,1.082104,-0.610865,-4.358420,-10.078846,29.696497, 39.522821, 12.738411
0.495985,1.012291,-0.767945,-4.367144,-9.826075,-0.545757, 15.812034, 12.738387
0.512123,0.945968,-0.911935,-4.109711,-8.922398,15.952018, 55.996814, 12.738502
0.528075,0.876155,-1.042834,-4.376452,-8.205848,-16.721525, 44.919123, 12.738360
0.544128,0.809833,-1.160644,-4.131471,-7.338798,15.260762, 54.011736, 12.738437
0.559944,0.740020,-1.265364,-4.414085,-6.621128,-17.868844, 45.376223, 12.738257
0.575994,0.673697,-1.356993,-4.132244,-5.709021,17.560212, 56.829081, 12.738434
0.591996,0.596903,-1.435533,-4.799056,-4.908125,-41.670532, 50.049738, 12.738398
0.607995,0.520108,-1.492257,-4.799955,-3.545422,-0.056246, 85.174284, 12.738395
0.623957,0.443314,-1.531526,-4.811082,-2.460212,-0.697051, 67.987055, 12.738367
0.639993,0.359538,-1.557706,-5.224233,-1.632573,-25.763998, 51.611336, 12.738423
0.656091,0.268781,-1.566433,-5.637789,-0.542095,-25.689861, 67.739957, 12.738470
0.671987,0.181514,-1.557706,-5.489838,0.548984,9.307420, 68.638579, 12.714172
0.687987,0.094248,-1.535890,-5.454154,1.363538,2.230247, 50.909668, 12.714093
0.704114,0.045379,-1.487893,-3.030273,2.976161,150.299530, 99.995219, 12.713996
0.720094,0.017453,-1.422443,-1.747514,4.095735,80.272826, 70.060934, 12.714108
0.735983,0.006981,-1.339540,-0.659071,5.217644,68.502918, 70.609133, 12.714177
0.751983,0.006981,-1.234820,0.000000,6.544985,41.191923, 82.958817, 12.714092
0.767986,0.038397,-1.112647,1.963127,7.634384,122.672457, 68.074694, 12.714090
0.783985,0.083776,-0.964294,2.836337,9.272641,54.579035, 102.397472, 12.714092
0.800100,0.143117,-0.794125,3.682358,10.559702,52.498939, 79.867271, 12.714004
0.816105,0.216421,-0.606502,4.580058,11.722768,56.088741, 72.668871, 12.714087
0.832079,0.307178,-0.401426,5.681553,12.838124,68.955463, 69.823219, 12.714111
0.848071,0.404916,-0.178896,6.111708,13.915050,26.898177, 67.341568, 12.714097
0.863989,0.502655,0.043633,6.140120,13.979739,1.784914, 4.063867, 12.714153
0.879972,0.589921,0.261799,5.459955,13.649888,-42.555552, -20.637606, 12.714104
0.896093,0.670206,0.462512,4.980159,12.450398,-29.762172, -74.405429, 12.713999
0.912104,0.743510,0.658862,4.578342,12.263415,-25.096338, -11.678387, 12.714083
0.927949,0.809833,0.837758,4.185706,11.290391,-24.779784, -61.408900, 12.714209
0.943992,0.876155,1.003564,4.134047,10.335117,-3.220051, -59.544622, 12.714059
0.959994,0.938987,1.160644,3.926500,9.816250,-12.970049, -32.425122, 12.714090
0.975990,1.001819,1.300270,3.927973,8.728828,0.092073, -67.980842, 12.714095
0.991925,1.064651,1.418080,3.943009,7.393142,0.943614, -83.820900, 12.714142
1.007979,1.127483,1.527163,3.913782,6.794760,-1.820574, -37.273100, 12.714052
1.023985,1.197296,1.614430,4.361687,5.452109,27.983612, -83.884212, 12.714089
1.039986,1.270600,1.684243,4.581203,4.363050,13.718859, -68.061929, 12.714093
1.055979,1.347394,1.736603,4.801756,3.273925,13.790612, -68.100153, 12.714099
1.072014,1.427679,1.771509,5.006869,2.176900,12.791572, -68.414412, 12.714067
1.088071,1.511455,1.784599,5.217401,0.815219,13.111521, -84.802935, 12.714050
1.104134,1.595231,1.775873,5.215452,-0.543276,-0.121326, -84.572938, 12.738443
1.119993,1.682497,1.758419,5.502646,-1.100529,18.109217, -35.137963, 12.738288
1.136139,1.741839,1.710423,3.675288,-2.972659,-113.177153, -115.950077, 12.738506
1.151969,1.769764,1.662426,1.764073,-3.032000,-120.733742, -3.748611, 12.738266
1.167990,1.776745,1.596976,0.435760,-4.085254,-82.910689, -65.742082, 12.738412
1.183971,1.773255,1.514073,-0.218426,-5.187606,-40.935230, -68.978973, 12.738381
1.200101,1.748820,1.413717,-1.514855,-6.221725,-80.373798, -64.111530, 12.738495
1.215987,1.710423,1.291544,-2.417049,-7.690611,-56.791785, -92.464157, 12.738310
1.232114,1.658063,1.156281,-3.246721,-8.387364,-51.446165, -43.204116, 12.738493
1.247993,1.595231,0.999201,-3.956915,-9.892287,-44.725328, -94.774457, 12.738305
1.264076,1.511455,0.824668,-5.208966,-10.852013,-77.849360, -59.673291, 12.738460
1.279979,1.417207,0.632682,-5.926415,-12.072327,-45.114059, -76.734835, 12.738324
1.295988,1.312488,0.418879,-6.541305,-13.355165,-38.409026, -80.132283, 12.738405
1.312093,1.200787,0.200713,-6.935801,-13.546486,-24.495225, -11.879613, 12.738478
1.328124,1.089085,-0.013090,-6.967817,-13.336837,-1.997134, 13.077725, 12.738421
1.344010,0.987856,-0.226893,-6.372221,-13.458569,37.491896, -7.662875, 12.738311
1.359994,0.904081,-0.427606,-5.241229,-12.557111,70.757734, 56.397540, 12.738386
1.375989,0.820305,-0.615229,-5.237625,-11.730097,0.225350, 51.704567, 12.738394
1.391994,0.750492,-0.789761,-4.361960,-10.904900,54.711934, 51.558671, 12.738401
1.407989,0.680678,-0.955568,-4.364687,-10.366132,-0.170496, 33.683538, 12.738393
1.423950,0.614356,-1.103921,-4.155285,-9.294718,13.119580, 67.127017, 12.738367
1.439991,0.544543,-1.239184,-4.352171,-8.432331,-12.273874, 53.761412, 12.738428
1.455992,0.474730,-1.356993,-4.363050,-7.362648,-0.679942, 66.851016, 12.738397
1.471975,0.408407,-1.461713,-4.149566,-6.551946,13.356976, 50.722735, 12.738383
1.487979,0.335103,-1.553343,-4.580344,-5.725430,-26.916915, 51.644332, 12.738399
1.504105,0.254818,-1.623156,-4.978615,-4.329230,-24.697433, 86.580665, 12.738491
1.520118,0.174533,-1.675516,-5.013748,-3.269836,-2.194025, 66.158423, 12.738405
1.535959,0.090757,-1.710423,-5.288543,-2.203559,-17.347056, 67.311165, 12.738275
1.552009,0.010472,-1.727876,-5.002190,-1.087433,17.841302, 69.540616, 12.738433
1.567951,-0.076794,-1.719149,-5.473997,0.547400,-29.595245, 102.548756, 12.714137
1.583960,-0.171042,-1.706059,-5.887175,0.817663,-25.809078, 16.881969, 12.714087
1.600101,-0.219911,-1.666789,-3.027645,2.432929,177.159384, 100.072234, 12.713986
1.615986,-0.244346,-1.610066,-1.538219,3.570866,93.763048, 71.635919, 12.714180
1.632016,-0.254818,-1.544616,-0.653274,4.082960,55.205581, 31.945992, 12.714070
1.647986,-0.251327,-1.457350,0.218576,5.464400,54.592960, 86.502178, 12.714115
1.663985,-0.223402,-1.356993,1.745438,6.272669,95.434862, 50.519994, 12.714093
1.679940,-0.185005,-1.230457,2.406596,7.930829,41.438918, 103.927270, 12.714126
1.695957,-0.132645,-1.090831,3.269019,8.717384,53.844212, 49.107536, 12.714079
1.712066,-0.066323,-0.929388,4.117109,10.021910,52.646977, 80.981218, 12.714009
1.728064,0.013963,-0.746128,5.018449,11.455155,56.340776, 89.588988, 12.714093
1.744121,0.108210,-0.545415,5.869576,12.500023,53.006599, 65.072402, 12.714048
1.760111,0.212930,-0.331613,6.549078,13.371034,42.495435, 54.472252, 12.714099
1.776109,0.321141,-0.113446,6.763996,13.637089,13.434084, 16.630544, 12.714092
1.791988,0.415388,0.100356,5.935372,13.464502,-52.183631, -10.868885, 12.714183
1.807990,0.506145,0.305433,5.671611,12.815660,-16.483025, -40.547597, 12.714089
1.823940,0.586431,0.501782,5.033551,12.310316,-40.003741, -31.682990, 12.714129
1.839982,0.663225,0.685042,4.787089,11.423736,-15.363553, -55.266184, 12.714059
1.856118,0.733038,0.855211,4.326547,10.545959,-28.541265, -54.398639, 12.713988
1.872076,0.795870,1.012291,3.937326,9.843316,-24.390348, -44.030814, 12.714124
1.887969,0.858702,1.156281,3.953429,9.059942,1.013218, -49.290469, 12.714173
1.903967,0.921534,1.282817,3.927482,7.909512,-1.621929, -71.910892, 12.714094
1.919901,0.984366,1.391900,3.943257,6.845932,0.990021, -66.749090, 12.714143
1.935992,1.047198,1.487893,3.904782,5.965640,-2.391050, -54.707112, 12.714024
1.951952,1.117011,1.566433,4.374259,4.921041,29.415815, -65.451040, 12.714123
1.967931,1.190315,1.627520,4.587510,3.822925,13.345742, -68.722435, 12.714109
1.984002,1.267109,1.671153,4.778451,2.715029,11.881070, -68.937609, 12.714039
2.000095,1.347394,1.697333,4.988824,1.626790,13.072329, -67.621858, 12.714023
2.015973,1.427679,1.701696,5.056376,0.274803,4.254466, -85.148469, 12.714186
2.032121,1.514946,1.692969,5.404165,-0.540417,21.537584, -50.484246, 12.738508
2.048001,1.602212,1.662426,5.495369,-1.923379,5.743312, -87.088330, 12.738304
2.064106,1.654572,1.605703,3.251157,-3.522086,-139.348808, -99.267752, 12.738475
2.079943,1.682497,1.544616,1.763293,-3.857203,-93.948591, -21.160361, 12.738272
2.096087,1.689479,1.466077,0.432440,-4.864954,-82.436351, -62.422630, 12.738505
2.111969,1.685988,1.370083,-0.219787,-6.044145,-41.067085, -74.247005, 12.738307
2.128121,1.661553,1.252274,-1.512792,-7.293817,-80.052284, -77.369468, 12.738512
2.143931,1.619666,1.112647,-2.649456,-8.831521,-71.895294, -97.261483, 12.738252
2.160069,1.563815,0.955568,-3.460809,-9.733525,-50.275924, -55.893222, 12.738502
2.176005,1.487021,0.776672,-4.818931,-11.225919,-85.223528, -93.649210, 12.738349
2.191972,1.396263,0.580322,-5.684043,-12.297209,-54.181264, -67.094013, 12.738373
2.208072,1.298525,0.366519,-6.070710,-13.279679,-24.016586, -61.022969, 12.738474
2.223979,1.190315,0.139626,-6.802691,-14.263708,-46.016286, -61.861374, 12.738327
2.239979,1.082104,-0.082903,-6.763151,-13.908092,2.471290, 22.225969, 12.738398
2.256106,0.987856,-0.301069,-5.844099,-13.528006,56.988414, 23.568317, 12.738494
2.271984,0.904081,-0.501782,-5.276219,-12.640941,35.765195, 55.867556, 12.738305
2.287971,0.823795,-0.698132,-5.021902,-12.281825,15.907739, 22.462994, 12.738388
2.303967,0.757473,-0.877028,-4.146194,-11.183811,54.745460, 68.643024, 12.738394
2.319977,0.687660,-1.042834,-4.360598,-10.356420,-13.391895, 51.679688, 12.738405
2.336117,0.617847,-1.195551,-4.325475,-9.461977,2.176117, 55.417759, 12.738503
2.351965,0.548033,-1.330814,-4.405172,-8.535021,-5.028839, 58.490395, 12.738281
2.367972,0.481711,-1.452987,-4.143344,-7.632476,16.357094, 56.384394, 12.738401
2.383924,0.411898,-1.562070,-4.376452,-6.838207,-14.613104, 49.791202, 12.738359
2.399920,0.338594,-1.649336,-4.582635,-5.455518,-12.889626, 86.439686, 12.738392
2.416080,0.254818,-1.719149,-5.184146,-4.320122,-37.222237, 70.259646, 12.738517
2.431922,0.174533,-1.771509,-5.067867,-3.305131,7.339951, 64.069650, 12.738275
2.447912,0.090757,-1.806416,-5.239262,-2.183026,-10.718919, 70.175394, 12.738387
2.463905,0.003491,-1.819506,-5.456541,-0.818481,-13.585872, 85.321377, 12.738390
2.479956,-0.087266,-1.810779,-5.654297,0.543682,-12.320469, 84.864717, 12.714055
2.495972,-0.181514,-1.788962,-5.884602,1.362176,-14.379660, 51.104764, 12.714082
2.512012,-0.230383,-1.745329,-3.046709,2.720276,176.925948, 84.669574, 12.714063
2.528006,-0.258309,-1.692969,-1.745984,3.273720,81.325836, 34.603209, 12.714098
2.544003,-0.268781,-1.627520,-0.654621,4.091383,68.222966, 51.113495, 12.714095
2.559977,-0.268781,-1.544616,0.000000,5.189880,40.980419, 68.767823, 12.714113
2.575947,-0.247837,-1.444260,1.311456,6.284060,82.119970, 68.514705, 12.714115
2.591963,-0.212930,-1.326450,2.179482,7.355752,54.197438, 66.913862, 12.714080
2.607975,-0.164061,-1.186824,3.052037,8.720106,54.493822, 85.208228, 12.714083
2.623931,-0.101229,-1.029744,3.937820,9.844550,55.514080, 70.471507, 12.714125
2.640024,-0.024435,-0.855211,4.771919,10.845270,51.829916, 62.183567, 12.714021
2.655972,0.069813,-0.658862,5.909693,12.311860,71.342743, 91.960757, 12.714131
2.671974,0.171042,-0.445059,6.326028,13.361007,26.017689, 65.563499, 12.714089
2.687969,0.272271,-0.226893,6.328796,13.639647,0.173085, 17.420457, 12.714095
2.703975,0.376991,-0.004363,6.542531,13.902879,13.353427, 16.445816, 12.714086
2.720097,0.474730,0.209440,6.062426,13.261558,-29.779485, -39.779257, 12.713998
2.736107,0.561996,0.414516,5.450747,12.809256,-38.206070, -28.251205, 12.714083
2.751958,0.642281,0.606502,5.064989,12.111931,-24.336501, -43.992489, 12.714204
2.767924,0.715585,0.785398,4.591246,11.204826,-29.672030, -56.814806, 12.714117
2.783978,0.781908,0.951204,4.131214,10.328035,-28.655261, -54.615078, 12.714051
2.800076,0.844739,1.103921,3.903084,9.486664,-14.171307, -52.265610, 12.714017
2.816000,0.911062,1.239184,4.164940,8.494286,16.444111, -62.319587, 12.714150
2.831939,0.973894,1.361357,3.942020,7.665038,-13.985863, -52.026350, 12.714139
2.848060,1.040216,1.470440,4.114045,6.766521,10.670848, -55.735864, 12.714001
2.863967,1.110029,1.557706,4.388833,5.486042,17.274704, -80.497834, 12.714164
2.879998,1.183333,1.631883,4.572630,4.627066,11.465073, -53.582162, 12.714070
2.895961,1.260128,1.684243,4.810780,3.280078,14.918910, -84.381906, 12.714121
2.911998,1.340413,1.719149,5.006245,2.176628,12.188332, -68.806473, 12.714065
2.928110,1.424189,1.736603,5.199591,1.083248,12.000122, -67.861226, 12.714008
2.944094,1.507964,1.732239,5.241229,-0.272981,2.605003, -84.849144, 12.738383
2.959912,1.595231,1.714786,5.516909,-1.103382,17.428231, -52.497223, 12.738257
2.975922,1.647591,1.671153,3.270448,-2.725374,-140.316079, -101.311171, 12.738403
2.992086,1.675516,1.623156,1.727621,-2.969349,-95.448353, -15.093741, 12.738520
3.008071,1.685988,1.553343,0.655113,-4.367418,-67.094682, -87.461292, 12.738384
3.023976,1.685988,1.474803,0.000000,-4.938058,-41.189100, -35.878067, 12.738324
3.039970,1.665044,1.374447,-1.309488,-6.274630,-81.873702, -83.567072, 12.738392
3.055993,1.630138,1.252274,-2.178530,-7.624855,-54.237155, -84.267913, 12.738414
3.071910,1.581268,1.112647,-3.070253,-8.772152,-56.023321, -72.079980, 12.738334
3.087960,1.514946,0.951204,-4.132244,-10.058751,-66.167638, -80.161953, 12.738435
3.103958,1.438151,0.776672,-4.800255,-10.909672,-41.755955, -53.189173, 12.738396
3.120074,1.343904,0.580322,-5.848088,-12.183516,-65.018126, -79.042211, 12.738486
3.136106,1.235693,0.366519,-6.749652,-13.336005,-56.235277, -71.886805, 12.738422
3.151935,1.123992,0.148353,-7.056736,-13.782687,-19.400109, -28.219229, 12.738268
3.167909,1.015782,-0.074176,-6.774159,-13.930730,17.689809, -9.267726, 12.738378
3.183959,0.921534,-0.283616,-5.872136,-13.049191,56.200814, 54.924563, 12.738436
3.199906,0.841249,-0.479966,-5.034498,-12.312632,52.526333, 46.187921, 12.738357
3.216053,0.760964,-0.667588,-4.972140,-11.619675,3.861913, 42.915511, 12.738509
3.231984,0.691150,-0.842121,-4.382221,-10.955554,37.029603, 41.687370, 12.738345
3.248093,0.621337,-1.003564,-4.333799,-10.021910,3.005918, 57.957861, 12.738480
3.264080,0.551524,-1.151917,-4.366871,-9.279601,-2.068686, 46.432048, 12.738387
3.280075,0.485202,-1.282817,-4.146453,-8.183788,13.780461, 68.509723, 12.738393
3.295995,0.415388,-1.400627,-4.385249,-7.400108,-14.999789, 49.226129, 12.738335
3.312097,0.345575,-1.505346,-4.335683,-6.503525,3.078265, 55.681505, 12.738473
3.328107,0.268781,-1.588250,-4.796658,-5.178210,-28.792903, 82.780443, 12.738403
3.344086,0.191986,-1.653699,-4.805963,-4.095991,-0.582373, 67.727543, 12.738379
3.359957,0.111701,-1.701696,-5.058607,-3.024167,-15.918552, 67.533516, 12.738297
3.375968,0.034907,-1.736603,-4.796358,-2.180163,16.379281, 52.714028, 12.738404
3.391971,-0.052360,-1.749693,-5.453131,-0.817970,-41.040649, 85.121101, 12.738397
3.407968,-0.143117,-1.740966,-5.673384,0.545518,-13.768355, 85.233943, 12.714096
3.423952,-0.230383,-1.719149,-5.459614,1.364903,13.374018, 51.262869, 12.714106
3.439970,-0.286234,-1.671153,-3.486736,2.996414,123.166288, 101.854807, 12.714080
3.455969,-0.310669,-1.614430,-1.527259,3.545422,122.474991, 34.315141, 12.714094
3.471959,-0.321141,-1.544616,-0.654908,4.366052,54.556020, 51.321468, 12.714101
3.487914,-0.317650,-1.457350,0.218781,5.469537,54.759590, 69.162336, 12.714127
3.503935,-0.293215,-1.348267,1.525161,6.808756,81.541717, 83.591468, 12.714076
3.519959,-0.254818,-1.221730,2.396233,7.896678,54.360462, 67.893301, 12.714074
3.536056,-0.202458,-1.073377,3.252772,9.216189,53.211098, 81.972439, 12.714018
3.552090,-0.136136,-0.907571,4.136367,10.340918,55.107570, 70.146531, 12.714066
3.568043,-0.055851,-0.719948,5.032605,11.760979,56.179884, 89.015283, 12.714127
3.583969,0.038397,-0.514872,5.917856,12.876817,55.585297, 70.063932, 12.714147
3.599947,0.139626,-0.301069,6.335530,13.381076,26.140542, 31.559588, 12.714108
3.615967,0.240855,-0.082903,6.318920,13.618362,-1.036829, 14.811845, 12.714076
3.631981,0.338594,0.135263,6.103312,13.623464,-13.463713, 0.318623, 12.714080
3.648034,0.415388,0.344703,4.783809,13.046752,-82.196655, -35.925511, 12.714051
3.663963,0.495674,0.541052,5.040187,12.326545,16.095069, -45.213552, 12.714145
3.680095,0.565487,0.724312,4.327620,11.360003,-44.171037, -59.914590, 12.713991
3.695974,0.635300,0.898845,4.396572,10.991431,4.342335, -23.211328, 12.714183
3.711973,0.698132,1.055924,3.927236,9.818091,-29.335330, -73.338324, 12.714093
3.728068,0.760964,1.195551,3.903812,8.675138,-1.455380, -71.012926, 12.714020
3.743970,0.820305,1.326450,3.731681,8.231650,-10.824470, -27.888813, 12.714167
3.759972,0.883137,1.439897,3.926500,7.089514,12.174653, -71.374567, 12.714091
3.775954,0.945968,1.531526,3.931414,5.733312,0.307449, -84.858110, 12.714107
3.792075,1.015782,1.610066,4.330573,4.871895,24.760220, -53.434450, 12.714001
3.808063,1.085595,1.666789,4.366598,3.547861,2.253247, -82.814228, 12.714102
3.823956,1.158899,1.710423,4.612334,2.745437,15.461914, -50.489138, 12.714175
3.839960,1.239184,1.736603,5.016567,1.635837,25.258260, -69.332658, 12.714090
3.856064,1.322960,1.736603,5.202174,0.000000,11.525470, -101.579559, 12.714015
3.871993,1.406735,1.723513,5.259326,-0.821770,3.587946, -51.589534, 12.738341
3.887960,1.490511,1.692969,5.246809,-1.912899,-0.783912, -68.336540, 12.738370
3.903951,1.542871,1.636246,3.274334,-3.547195,-123.349080, -102.200995, 12.738389
3.919951,1.570796,1.575160,1.745329,-3.817908,-95.562807, -16.919525, 12.738396
3.936100,1.577778,1.492257,0.432306,-5.133639,-81.306755, -81.474485, 12.738509
3.951955,1.574287,1.396263,-0.220161,-6.054438,-41.152181, -58.076218, 12.738286
3.967959,1.546362,1.278454,-1.744893,-7.361267,-95.271911, -81.656450, 12.738399
3.983955,1.504474,1.143191,-2.618649,-8.456053,-54.623375, -68.441180, 12.738394
3.999925,1.452114,0.986111,-3.278640,-9.835919,-41.326942, -86.403683, 12.738374
4.016094,1.382301,0.811578,-4.317717,-10.794293,-64.263556, -59.272293, 12.738526
4.032096,1.298525,0.610865,-5.235333,-12.542986,-57.343838, -109.279654, 12.738399
4.048068,1.193805,0.397062,-6.556458,-13.386103,-82.715074, -52.787168, 12.738376
4.063947,1.082104,0.170170,-7.034516,-14.288860,-30.106243, -56.852252, 12.738306
4.079900,0.973894,-0.056723,-6.783076,-14.222579,15.761261, 4.154747, 12.738362
4.096081,0.879646,-0.274889,-5.824595,-13.482860,59.234945, 45.715288, 12.738535
4.112077,0.795870,-0.484329,-5.237297,-13.093243,36.715329, 24.357166, 12.738395
4.128070,0.715585,-0.676315,-5.020018,-12.004391,13.585895, 68.083047, 12.738392
4.144057,0.642281,-0.863938,-4.585215,-11.735966,27.197291, 16.790151, 12.738387
4.159951,0.572468,-1.034108,-4.392423,-10.706531,12.129850, 64.768811, 12.738316
4.176056,0.506145,-1.191187,-4.118132,-9.753470,17.031431, 59.177957, 12.738476
4.191908,0.439823,-1.330814,-4.183858,-8.808121,-4.146223, 59.635914, 12.738284
4.207963,0.370010,-1.457350,-4.348376,-7.881431,-10.247146, 57.719753, 12.738438
4.223961,0.300197,-1.562070,-4.363869,-6.545803,-0.968435, 83.487176, 12.738394
4.239970,0.223402,-1.653699,-4.796957,-5.723642,-27.052817, 51.356166, 12.738402
4.255955,0.146608,-1.727876,-4.804159,-4.640381,-0.450559, 67.767337, 12.738384
4.271947,0.073304,-1.784599,-4.583781,-3.546974,13.780526, 68.372164, 12.738389
4.287939,-0.013963,-1.819506,-5.456882,-2.182753,-54.596122, 85.306440, 12.738389
4.304078,-0.101229,-1.836959,-5.407179,-1.081436,3.079702, 68.239490, 12.738500
4.319955,-0.191986,-1.828232,-5.716264,0.549641,-19.467456, 102.732038, 12.714187
4.336032,-0.279253,-1.810779,-5.428032,1.085606,17.928241, 33.337410, 12.714035
4.352073,-0.328122,-1.771509,-3.046519,2.448096,148.464062, 84.937954, 12.714062
4.367953,-0.356047,-1.719149,-1.758518,3.297222,81.108397, 53.471379, 12.714185
4.383955,-0.363028,-1.658063,-0.436278,3.817431,82.629694, 32.509002, 12.714092
4.399949,-0.363028,-1.583886,0.000000,4.637770,27.277590, 51.290448, 12.714098
4.415945,-0.338594,-1.492257,1.527545,5.728294,95.495435, 68.174774, 12.714096
4.432109,-0.307178,-1.378810,1.943574,7.018461,25.737985, 79.817321, 12.713968
4.447945,-0.258309,-1.243547,3.085957,8.541489,72.138386, 96.175042, 12.714217
4.463927,-0.198968,-1.095194,3.713002,9.282504,39.234422, 46.365639, 12.714106
4.480073,-0.125664,-0.925025,4.540061,10.539428,51.223798, 77.847354, 12.713981
4.496053,-0.034907,-0.737402,5.679419,11.741107,71.299006, 75.198964, 12.714106
4.512025,0.062832,-0.532325,6.119361,12.839731,27.544573, 68.784368, 12.714112
4.528065,0.167552,-0.322886,6.528663,13.057326,25.517567, 13.565764, 12.714061
4.543951,0.268781,-0.100356,6.372221,14.007899,-9.847817, 59.837132, 12.714177
4.559943,0.370010,0.113446,6.329984,13.369362,-2.641138, -39.928526, 12.714097
4.575983,0.460767,0.322886,5.658175,13.057326,-41.883348, -19.453597, 12.714061
4.591946,0.541052,0.514872,5.029452,12.026951,-39.386232, -64.547713, 12.714119
4.608050,0.614356,0.698132,4.551902,11.379755,-29.654141, -40.188532, 12.714012
4.623958,0.687660,0.872665,4.607985,10.971393,3.525476, -25.670196, 12.714161
4.639958,0.753982,1.025381,4.145157,9.544769,-28.926764, -89.163999, 12.714092
4.655922,0.816814,1.169371,3.935846,9.019648,-13.111407, -32.894086, 12.714119
4.671935,0.883137,1.300270,4.141792,8.174589,12.861131, -52.773318, 12.714082
4.687952,0.945968,1.409353,3.922823,6.810456,-13.671034, -85.167805, 12.714080
4.703950,1.015782,1.505346,4.363869,6.000319,27.568808, -50.639889, 12.714094
4.720068,1.082104,1.583886,4.114810,4.872802,-15.452188, -69.953948, 12.714003
4.736082,1.158899,1.644973,4.795459,3.814570,42.503383, -66.081655, 12.714083
4.751926,1.235693,1.688606,4.846913,2.753928,3.247502, -66.942833, 12.714212
4.767956,1.315978,1.710423,5.008431,1.360987,10.075979, -86.895890, 12.714071
4.783931,1.399754,1.714786,5.244182,0.273134,14.757496, -68.097162, 12.714112
4.799949,1.483530,1.706059,5.230104,-0.544802,-0.878880, -51.063613, 12.738409
4.815913,1.570796,1.675516,5.466453,-1.913259,14.805158, -85.721386, 12.738368
4.832044,1.623156,1.623156,3.245916,-3.245916,-137.656502, -82.614699, 12.738495
4.848061,1.654572,1.562070,1.961411,-3.813856,-80.196354, -35.458520, 12.738409
4.863941,1.665044,1.479167,0.659444,-5.220601,-81.987853, -88.585970, 12.738305
4.879942,1.661553,1.383173,-0.218153,-5.999194,-54.846374, -48.659061, 12.738397
4.895947,1.640609,1.269727,-1.308588,-7.088185,-68.130927, -68.040654, 12.738400
4.911942,1.602212,1.130101,-2.400578,-8.729374,-68.270703, -102.606387, 12.738393
4.927957,1.546362,0.973021,-3.487389,-9.808282,-67.862078, -67.368566, 12.738408
4.944103,1.473058,0.798488,-4.540061,-10.809670,-65.197086, -62.020798, 12.738508
4.959914,1.389282,0.602139,-5.298577,-12.418540,-47.973940, -101.756418, 12.738254
4.975943,1.291544,0.388336,-6.097600,-13.338501,-49.848605, -57.393521, 12.738420
4.991953,1.179843,0.161443,-6.976956,-14.171943,-54.925417, -52.057568, 12.738405
5.007955,1.071632,-0.065450,-6.762306,-14.179028,13.414001, -0.442763, 12.738399
5.023953,0.973894,-0.283616,-6.109416,-13.637089,40.810695, 33.875383, 12.738396
5.039963,0.897099,-0.493056,-4.796658,-13.081793,81.996160, 34.684332, 12.738405
5.055948,0.816814,-0.685042,-5.022530,-12.010398,-14.130290, 67.025018, 12.738386
5.071901,0.750492,-0.868301,-4.157369,-11.487468,54.231867, 32.779459, 12.738362
5.087936,0.680678,-1.034108,-4.353799,-10.340273,-12.250075, 71.543160, 12.738424
5.104078,0.617847,-1.186824,-3.892445,-9.460805,28.580958, 54.483235, 12.738504
5.120079,0.551524,-1.326450,-4.144898,-8.726101,-15.777298, 45.916119, 12.738397
5.136107,0.485202,-1.448623,-4.137916,-7.622476,0.435631, 68.856048, 12.738417
5.152046,0.418879,-1.553343,-4.161021,-6.570033,-1.449604, 66.029437, 12.738349
5.167939,0.342085,-1.640609,-4.831969,-5.490874,-42.216597, 67.901517, 12.738314
5.183939,0.265290,-1.714786,-4.799655,-4.636031,2.019612, 53.427707, 12.738395
5.199894,0.181514,-1.767146,-5.250756,-3.281722,-28.273273, 84.883023, 12.738361
5.215941,0.101229,-1.797689,-5.003125,-1.903363,15.431581, 85.895149, 12.738431
5.231946,0.017453,-1.815142,-5.234352,-1.090490,-14.447179, 50.788675, 12.738399
5.247903,-0.073304,-1.806416,-5.687606,0.546885,-28.404681, 102.611716, 12.714126
5.263931,-0.164061,-1.788962,-5.662411,1.088925,1.571915, 33.818319, 12.714072
5.279939,-0.216421,-1.745329,-3.270857,2.725714,149.397422, 102.248184, 12.714087
5.295952,-0.240855,-1.688606,-1.525923,3.542322,108.969814, 50.996553, 12.714083
5.311889,-0.251327,-1.623156,-0.657086,4.106786,54.517007, 35.418460, 12.714141
5.328048,-0.247837,-1.544616,0.216019,4.860438,54.032131, 46.639768, 12.713972
5.344021,-0.223402,-1.444260,1.529745,6.282879,82.246608, 89.052867, 12.714113
5.360077,-0.185005,-1.326450,2.391458,7.337427,53.669225, 65.679337, 12.714050
5.375929,-0.136136,-1.191187,3.082842,8.532868,43.614993, 75.412617, 12.714204
5.391939,-0.076794,-1.034108,3.706508,9.811345,38.954754, 79.854926, 12.714084
5.407924,0.090757,-0.667588,5.677643,12.010398,54.944471, 68.987942, 12.714103
5.423955,0.188496,-0.458149,6.096840,13.064657,26.149142, 65.763724, 12.714067
5.439930,0.293215,-0.239983,6.555227,13.656723,28.694052, 37.062084, 12.714110
5.455896,0.394444,-0.021817,6.340292,13.664422,-13.462081, 0.482166, 12.714117
5.472067,0.492183,0.191986,6.044057,13.221374,-18.318912, -27.397689, 12.713961
5.488070,0.575959,0.397062,5.235006,12.814859,-50.556167, -25.402409, 12.714089
5.504015,0.656244,0.589049,5.035130,12.040528,-12.535361, -48.562621, 12.714133
5.520075,0.729548,0.767945,4.564373,11.139243,-29.312389, -56.119836, 12.714046
5.536010,0.792379,0.933751,3.943009,10.405163,-38.993636, -46.067145, 12.714141
5.552058,0.858702,1.086467,4.132759,9.516221,11.823866, -55.392742, 12.714055
5.567972,0.921534,1.221730,3.948212,8.499624,-11.596471, -63.880649, 12.714157
5.583982,0.984366,1.348267,3.924538,7.903583,-1.478731, -37.229270, 12.714085
5.599933,1.047198,1.452987,3.939054,6.565090,0.910049, -83.912805, 12.714130
5.616056,1.110029,1.540253,3.897032,5.412545,-2.606326, -71.484544, 12.714000
5.631876,1.179843,1.614430,4.412969,4.688780,32.612936, -45.750024, 12.714230
5.647927,1.253146,1.666789,4.566932,3.262094,9.592123, -88.884504, 12.714055
5.663932,1.329941,1.701696,4.798156,2.180980,14.446975, -67.548542, 12.714090
5.679956,1.406735,1.719149,4.792467,1.089197,-0.355047, -68.134238, 12.714075
5.696062,1.490511,1.719149,5.201528,0.000000,25.398044, -67.626784, 12.714013
5.712067,1.570796,1.701696,5.016254,-1.090490,-11.575983, -68.134333, 12.738399
5.728062,1.654572,1.666789,5.237625,-2.182344,13.839981, -68.262178, 12.738392
5.744063,1.710423,1.605703,3.490440,-3.817669,-109.192186, -102.201462, 12.738396
5.759909,1.734857,1.535890,1.542005,-4.405728,-122.960713, -37.110888, 12.738279
5.775898,1.745329,1.448623,0.654949,-5.457906,-55.479151, -65.806364, 12.738388
5.791929,1.738348,1.343904,-0.435489,-6.532328,-68.020541, -67.021526, 12.738420
5.807915,1.713913,1.217367,-1.528501,-7.915449,-68.373075, -86.520761, 12.738386
5.823896,1.672025,1.073377,-2.621106,-9.010053,-68.369058, -68.494099, 12.738382
5.839914,1.616175,0.903208,-3.486736,-10.623649,-54.041047, -100.736367, 12.738411
5.855877,1.539380,0.719948,-4.810780,-11.480271,-82.944587, -53.663022, 12.738369
5.872058,1.445133,0.514872,-5.824595,-12.673888,-62.654664, -73.766577, 12.738535
5.888039,1.343904,0.287979,-6.334341,-14.197660,-31.896945, -95.348949, 12.738383
5.904013,1.235693,0.061087,-6.774159,-14.203881,-27.533385, -0.389482, 12.738378
5.920074,1.134464,-0.165806,-6.302789,-14.126941,29.348715, 4.790503, 12.738444
5.936044,1.043707,-0.383972,-5.682976,-13.660999,38.811115, 29.176084, 12.738375
5.952048,0.963422,-0.589049,-5.016567,-12.814058,41.640102, 52.920581, 12.738401
5.967905,0.886627,-0.781035,-4.842939,-12.107348,10.949628, 44.567708, 12.738289
5.984076,0.816814,-0.959931,-4.317183,-11.062782,32.512274, 64.595015, 12.738527
6.000057,0.757473,-1.121374,-3.713234,-10.102181,37.791697, 60.108939, 12.738382
6.016020,0.691150,-1.274090,-4.154765,-9.566893,-27.659634, 33.533063, 12.738368
6.032058,0.624828,-1.409353,-4.135336,-8.433908,1.211455, 70.643768, 12.738425
6.048033,0.558505,-1.527163,-4.151644,-7.374631,-1.020868, 66.308444, 12.738377
6.063877,0.488692,-1.627520,-4.406284,-6.334034,-16.071730, 65.677658, 12.738277
6.079959,0.415388,-1.710423,-4.558129,-5.155027,-9.441890, 73.312220, 12.738458
6.095888,0.335103,-1.775873,-5.040187,-4.108848,-30.262952, 65.677585, 12.738341
6.112080,0.247837,-1.819506,-5.389480,-2.694740,-21.571932, 87.333768, 12.738541
6.128074,0.164061,-1.845686,-5.237952,-1.636860,9.474063, 66.142308, 12.738390
6.143930,0.076794,-1.850049,-5.503687,-0.275184,-16.759278, 85.877626, 12.738285
6.160030,-0.013963,-1.841322,-5.637088,0.542028,-8.285787, 50.758514, 12.714018
6.175954,-0.108210,-1.810779,-5.918600,1.918065,-17.678429, 86.412771, 12.714151
6.192038,-0.157080,-1.762783,-3.038375,2.984118,179.073915, 66.280363, 12.714030
6.207950,-0.188496,-1.697333,-1.974354,4.113238,66.869053, 70.960295, 12.714160
6.223939,-0.195477,-1.627520,-0.436632,4.366325,96.173736, 15.828803, 12.714102
6.240064,-0.195477,-1.540253,0.000000,5.411874,27.077984, 64.840228, 12.713998
6.255884,-0.171042,-1.435533,1.544539,6.619454,97.632058, 76.332484, 12.714229
6.271941,-0.136136,-1.308997,2.173917,7.880449,39.196477, 78.532449, 12.714049
6.287880,-0.083776,-1.169371,3.285016,8.760044,69.709485, 55.185071, 12.714138
6.303923,-0.020944,-1.003564,3.916465,10.335117,39.359773, 98.178201, 12.714059
6.320040,0.055851,-0.820305,4.764813,11.370576,52.636808, 64.246390, 12.714003
6.335908,0.146608,-0.619592,5.719506,12.648907,60.164686, 80.560348, 12.714191
6.351907,0.244346,-0.405789,6.109034,13.363512,24.347034, 44.665593, 12.714092
6.367924,0.349066,-0.183260,6.538038,13.893331,26.784281, 33.078511, 12.714078
6.384030,0.450295,0.039270,6.285179,13.816558,-15.699665, -4.766735, 12.714010
6.399923,0.541052,0.257436,5.710509,13.727185,-36.158694, -5.623384, 12.714172
6.415945,0.628319,0.462512,5.446665,12.799662,-16.467629, -57.890599, 12.714074
6.432050,0.701622,0.658862,4.551619,12.191837,-55.575626, -37.741372, 12.714011
6.448048,0.771436,0.837758,4.363869,11.182413,-11.735884, -63.096890, 12.714093
6.463873,0.837758,1.003564,4.190996,10.477490,-10.924020, -44.544919, 12.714225
6.479956,0.904081,1.160644,4.123765,9.766812,-4.180256, -44.188166, 12.714029
6.496053,0.963422,1.295907,3.686475,8.402995,-27.165903, -84.724874, 12.714019
6.512050,1.026254,1.413717,3.927727,7.364489,15.081069, -64.918846, 12.714095
6.528024,1.089085,1.518436,3.933383,6.555638,0.354031, -50.635471, 12.714113
6.544025,1.155408,1.605703,4.144898,5.453813,13.218883, -68.859731, 12.714092
6.559907,1.228712,1.675516,4.615529,4.395742,29.632974, -66.620786, 12.714183
6.575939,1.302016,1.727876,4.572345,3.265960,-2.693626, -70.470390, 12.714069
6.591944,1.378810,1.758419,4.798156,1.908358,14.108805, -84.823675, 12.714090
6.607886,1.459095,1.775873,5.036077,1.094799,14.924185, -51.032372, 12.714138
6.623882,1.539380,1.767146,5.019076,-0.545552,-1.062829, -102.547587, 12.738392
6.639906,1.626647,1.749693,5.445985,-1.089197,26.641823, -33.926935, 12.738413
6.655920,1.682497,1.701696,3.487607,-2.997162,-122.291625, -119.143571, 12.738406
6.672047,1.710423,1.649336,1.731585,-3.246721,-108.887087, -15.474630, 12.738492
6.687874,1.720895,1.579523,0.661653,-4.411017,-67.601707, -73.563895, 12.738264
6.703938,1.717404,1.496620,-0.217297,-5.160803,-54.715485, -46.674910, 12.738444
6.719925,1.696460,1.396263,-1.310061,-6.277377,-68.353312, -69.842645, 12.738386
6.736040,1.658063,1.274090,-2.382702,-7.581325,-66.561631, -80.915131, 12.738484
6.751864,1.609194,1.134464,-3.088297,-8.823707,-44.590206, -78.512534, 12.738263
6.767878,1.539380,0.973021,-4.359509,-10.081364,-79.381235, -78.534814, 12.738408
6.784017,1.455605,0.794125,-5.190892,-11.084717,-51.513930, -62.169496, 12.738503
6.799864,1.361357,0.597775,-5.947358,-12.390329,-47.735594, -82.388577, 12.738281
6.815865,1.253146,0.383972,-6.762728,-13.361842,-50.957462, -60.715777, 12.738398
6.831867,1.141445,0.165806,-6.980444,-13.633681,-13.605566, -16.987789, 12.738399
6.847909,1.033235,-0.052360,-6.745444,-13.599686,14.649071, 2.119123, 12.738430
6.863878,0.935496,-0.261799,-6.120511,-13.115380,39.134147, 30.327833, 12.738374
6.879871,0.848230,-0.458149,-5.456541,-12.277218,41.516271, 52.408107, 12.738392
6.895866,0.771436,-0.645772,-4.801156,-11.730097,40.974389, 34.205753, 12.738394
6.911871,0.698132,-0.820305,-4.580058,-10.904900,13.814295, 51.558671, 12.738401
6.927871,0.631809,-0.977384,-4.145157,-9.817477,27.181315, 67.963938, 12.738397
6.943844,0.561996,-1.125737,-4.370699,-9.287735,-14.120185, 33.164862, 12.738376
6.959857,0.499164,-1.256637,-3.923803,-8.174589,27.908322, 69.515124, 12.738406
6.975931,0.432842,-1.374447,-4.126074,-7.329210,-12.583747, 52.592935, 12.738452
6.991929,0.363028,-1.474803,-4.363869,-6.273061,-14.864029, 66.017568, 12.738394
7.007907,0.289725,-1.557706,-4.587798,-5.188581,-14.014826, 67.873364, 12.738379
7.023872,0.212930,-1.623156,-4.810178,-4.099583,-13.929233, 68.211540, 12.738369
7.039896,0.132645,-1.675516,-5.010306,-3.267591,-12.489293, 51.921637, 12.738414
7.055912,0.055851,-1.706059,-4.794861,-1.907047,13.451895, 84.949060, 12.738407
7.071930,-0.031416,-1.719149,-5.448025,-0.817204,-40.776895, 68.038650, 12.738409
7.087938,-0.115192,-1.710423,-5.233371,0.545143,13.409159, 85.104107, 12.714087
7.104043,-0.202458,-1.688606,-5.418594,1.354649,-11.500982, 50.264252, 12.714014
7.120022,-0.254818,-1.644973,-3.276793,2.730661,134.038504, 86.113796, 12.714109
7.136045,-0.279253,-1.588250,-1.524971,3.540111,109.331722, 50.518017, 12.714076
7.151890,-0.286234,-1.518436,-0.440601,4.406006,68.436120, 54.647850, 12.714211
7.167952,-0.282743,-1.426807,0.217324,5.704756,40.961565, 80.858509, 12.714046
7.184061,-0.258309,-1.317724,1.516830,6.771561,80.669543, 66.224188, 12.714010
7.199932,-0.219911,-1.191187,2.419334,7.972804,56.864968, 75.687907, 12.714190
7.216061,-0.167552,-1.042834,3.246319,9.197904,51.273191, 75.956330, 12.713994
7.231918,-0.104720,-0.872665,3.962405,10.731513,45.158978, 96.714982, 12.714200
7.247935,-0.024435,-0.685042,5.012496,11.713985,65.561030, 61.339313, 12.714078
7.263913,0.066323,-0.479966,5.680130,12.834910,41.784605, 70.154268, 12.714108
7.279951,0.164061,-0.266163,6.094179,13.331016,25.816714, 30.933173, 12.714062
7.295932,0.261799,-0.043633,6.115915,13.924628,1.360135, 37.144863, 12.714105
7.311928,0.352557,0.170170,5.673739,13.366019,-27.642944, -34.921817, 12.714094
7.328037,0.436332,0.379609,5.200559,13.001397,-29.373614, -22.634628, 12.714008
7.343886,0.516617,0.575959,5.065628,12.388765,-8.513501, -38.654306, 12.714206
7.359927,0.586431,0.759218,4.352171,11.424448,-44.477138, -60.115779, 12.714060
7.375937,0.652753,0.933751,4.142568,10.901494,-13.091994, -32.664190, 12.714084
7.392018,0.712094,1.086467,3.690143,9.496692,-28.134106, -87.357879, 12.714030
7.407918,0.771436,1.230457,3.732151,9.055954,2.641968, -27.719414, 12.714168
7.423870,0.830777,1.352630,3.719985,7.658792,-0.762662, -87.585369, 12.714129
7.439857,0.890118,1.461713,3.711841,6.823236,-0.509419, -52.264689, 12.714103
7.455859,0.952950,1.553343,3.926500,5.726146,13.414540, -68.559582, 12.714091
7.472010,1.019272,1.627520,4.106403,4.592687,11.138802, -70.178843, 12.713978
7.488024,1.089085,1.684243,4.359509,3.542101,15.805281, -65.604261, 12.714083
7.503931,1.162389,1.723513,4.608275,2.468719,15.638796, -67.478595, 12.714164
7.520054,1.239184,1.745329,4.763040,1.353136,9.599001, -69.191989, 12.714000
7.536006,1.319469,1.740966,5.032920,-0.273528,16.918304, -101.972450, 12.738359
7.552041,1.403245,1.727876,5.224559,-0.816337,11.951274, -33.851517, 12.738422
7.567913,1.452114,1.688606,3.078958,-2.474163,-135.181526, -104.449673, 12.738298
7.583923,1.480039,1.640609,1.744239,-2.997911,-83.367817, -32.713829, 12.738403
7.599922,1.487021,1.579523,0.436360,-3.818146,-81.747579, -51.267918, 12.738395
7.616033,1.480039,1.500983,-0.433326,-4.874919,-53.980864, -65.593222, 12.738480
7.631928,1.459095,1.404990,-1.317644,-6.039202,-55.634971, -73.248367, 12.738316
7.647936,1.424189,1.287180,-2.180571,-7.359428,-53.906003, -82.472920, 12.738402
7.663940,1.375319,1.156281,-3.053563,-8.179186,-54.548333, -51.222070, 12.738400
7.680055,1.315978,1.003564,-3.682358,-9.476656,-39.019231, -80.513175, 12.738484
7.695959,1.235693,0.829031,-5.048110,-10.974153,-85.874783, -94.158505, 12.738324
7.712011,1.141445,0.641409,-5.871404,-11.688443,-51.289179, -44.498550, 12.738437
7.728037,1.029744,0.431969,-6.969991,-13.068733,-68.550269, -86.128119, 12.738417
7.743869,0.918043,0.218166,-7.055399,-13.504474,-5.394639, -27.522825, 12.738270
7.759954,0.813323,0.000000,-6.510398,-13.563330,33.882530, -3.659032, 12.738462
7.775907,0.715585,-0.213803,-6.126649,-13.402046,24.054961, 10.109948, 12.738362
7.791934,0.628319,-0.410152,-5.444966,-12.251172,42.533467, 71.808395, 12.738418
7.807937,0.544543,-0.597775,-5.235006,-11.724233,13.119999, 32.927566, 12.738400
7.823877,0.467748,-0.772308,-4.817722,-10.949368,26.178437, 48.611334, 12.738352
7.839861,0.397935,-0.933751,-4.367691,-10.100285,28.155098, 53.120804, 12.738385
7.855904,0.328122,-1.086467,-4.351628,-9.519187,1.001227, 36.221311, 12.738429
7.871915,0.258309,-1.221730,-4.360325,-8.448130,-0.543206, 66.895013, 12.738405
7.887928,0.188496,-1.339540,-4.359781,-7.357130,0.034010, 68.132165, 12.738406
7.903930,0.122173,-1.444260,-4.144639,-6.544167,13.444689, 50.803864, 12.738398
7.920022,0.052360,-1.531526,-4.338377,-5.422972,-12.039434, 69.674052, 12.738466
7.935894,-0.020944,-1.601340,-4.618437,-4.398511,-17.644867, 64.545149, 12.738298
7.952036,-0.101229,-1.658063,-4.973680,-3.514013,-22.007397, 54.794824, 12.738503
7.967920,-0.181514,-1.692969,-5.054466,-2.197594,-5.086017, 82.877049, 12.738307
7.983912,-0.265290,-1.710423,-5.238607,-1.091376,-11.514543, 69.173190, 12.738389
7.999866,-0.352557,-1.706059,-5.469880,0.273494,-14.496224, 85.550361, 12.714128
8.016050,-0.436332,-1.688606,-5.176458,1.078429,18.130334, 49.736459, 12.713954
8.032011,-0.485202,-1.649336,-3.061789,2.460366,132.489768, 86.582141, 12.714123
8.048021,-0.509636,-1.592613,-1.526209,3.542986,95.913809, 67.621441, 12.714085
8.063919,-0.513127,-1.527163,-0.219566,4.116860,82.189164, 36.097292, 12.714170
8.080013,-0.513127,-1.444260,0.000000,5.151183,13.642717, 64.267590, 12.714021
8.096059,-0.488692,-1.339540,1.522785,6.526222,94.901227, 85.693555, 12.714057
8.112027,-0.450295,-1.217367,2.404637,7.651118,55.226197, 70.446888, 12.714116
8.127997,-0.397935,-1.073377,3.278640,9.016259,54.727790, 85.481636, 12.714115
8.143950,-0.331613,-0.907571,4.157369,10.393423,55.082395, 86.326313, 12.714127
8.159922,-0.251327,-0.724312,5.026618,11.473802,54.423299, 67.642077, 12.714113
8.175920,-0.160570,-0.527962,5.673029,12.273380,40.405739, 49.979879, 12.714093
8.191930,-0.059341,-0.318523,6.322867,13.081793,40.589478, 50.494241, 12.714083
8.207911,0.041888,-0.100356,6.334341,13.651596,0.717966, 35.655014, 12.714105
8.223911,0.139626,0.113446,6.108652,13.362677,-14.105512, -18.057435, 12.714091
8.239853,0.223402,0.322886,5.255037,13.137593,-53.545046, -14.118926, 12.714135
8.255853,0.303687,0.514872,5.017822,11.999139,-14.825979, -71.153410, 12.714091
8.272025,0.376991,0.698132,4.532762,11.331905,-29.993786, -41.258556, 12.713961
8.287906,0.443314,0.872665,4.176218,10.990046,-22.451011, -21.526286, 12.714182
8.303914,0.513127,1.029744,4.361143,9.812571,11.552034, -73.555443, 12.714086
8.320053,0.575959,1.173734,3.893169,8.921845,-28.996446, -55.190863, 12.713986
8.335848,0.642281,1.300270,4.198956,8.011166,19.359746, -57.656169, 12.714248
8.351919,0.705113,1.413717,3.909642,7.059075,-18.002260, -59.242785, 12.714039
8.367912,0.771436,1.509710,4.146971,6.002195,14.839586, -66.083923, 12.714098
8.383922,0.841249,1.592613,4.360598,5.178210,13.343316, -51.466922, 12.714085
8.400024,0.914553,1.653699,4.552467,3.793723,11.915883, -85.982305, 12.714016
8.416018,0.994838,1.697333,5.019704,2.728100,29.213248, -66.626408, 12.714098
8.432014,1.075123,1.723513,5.019076,1.636655,-0.039236, -68.232349, 12.714096
8.448007,1.158899,1.723513,5.238280,0.000000,13.706192, -102.335730, 12.714099
8.463902,1.246165,1.714786,5.490183,-0.549018,15.847986, -34.540316, 12.738316
8.479914,1.333432,1.688606,5.450066,-1.635020,-2.505426, -67.824231, 12.738404
8.495924,1.385791,1.631883,3.270448,-3.542986,-136.141040, -119.173377, 12.738403
8.512011,1.413717,1.570796,1.735890,-3.797260,-95.391184, -15.806207, 12.738462
8.527920,1.424189,1.492257,0.658242,-4.936817,-67.738269, -71.629677, 12.738327
8.543847,1.417207,1.396263,-0.438332,-6.027068,-68.850030, -68.453013, 12.738341
8.559910,1.392773,1.282817,-1.521173,-7.062591,-67.412144, -64.466372, 12.738444
8.576022,1.354375,1.147554,-2.383146,-8.395172,-53.498773, -82.707375, 12.738482
8.591920,1.302016,0.994838,-3.293488,-9.606008,-57.261456, -76.162743, 12.738320
8.607911,1.235693,0.820305,-4.147490,-10.914447,-53.405140, -81.823498, 12.738390
8.623906,1.144936,0.628319,-5.674093,-12.002890,-95.442531, -68.048910, 12.738394
8.639902,1.043707,0.414516,-6.328401,-13.366019,-40.904440, -85.216872, 12.738395
8.655917,0.938987,0.187623,-6.538855,-14.167518,-13.141048, -50.046802, 12.738409
8.671848,0.834267,-0.034907,-6.573332,-13.968331,-2.164188, 12.503121, 12.738345
8.687899,0.740020,-0.253073,-5.871770,-13.592060,43.708319, 23.442204, 12.738437
8.703893,0.656244,-0.462512,-5.237952,-13.094880,39.628484, 31.085415, 12.738393
8.719860,0.579449,-0.654498,-4.809575,-12.023938,26.828884, 67.072211, 12.738372
8.735888,0.506145,-0.837758,-4.573486,-11.433714,14.729817, 36.824542, 12.738419
8.751912,0.439823,-1.003564,-4.138949,-10.347371,27.117894, 67.794735, 12.738415
8.768024,0.373500,-1.160644,-4.116343,-9.749232,1.403052, 37.123818, 12.738482
8.784027,0.307178,-1.295907,-4.144380,-8.452354,-1.752004, 81.039722, 12.738399
8.799897,0.240855,-1.422443,-4.179112,-7.973306,-2.188554, 30.185725, 12.738297
8.815898,0.174533,-1.527163,-4.144898,-6.544576,2.138263, 89.290084, 12.738397
8.832027,0.101229,-1.618793,-4.544846,-5.681058,-24.796859, 53.538197, 12.738494
8.847925,0.031416,-1.692969,-4.391318,-4.665775,9.657107, 63.862306, 12.738318
8.863851,-0.048869,-1.745329,-5.041137,-3.287698,-40.802403, 86.530026, 12.738339
8.879908,-0.132645,-1.780236,-5.217401,-2.173917,-10.977387, 69.364200, 12.738438
8.895920,-0.219911,-1.797689,-5.450066,-1.090013,-14.530702, 67.693212, 12.738404
8.912044,-0.307178,-1.788962,-5.412209,0.541221,2.347871, 101.168085, 12.714000
8.927910,-0.394444,-1.771509,-5.500218,1.100044,-5.547016, 35.221399, 12.714195
8.943910,-0.450295,-1.732239,-3.490659,2.454369,125.597484, 84.645351, 12.714093
8.959901,-0.474730,-1.679879,-1.528023,3.274334,122.733781, 51.276649, 12.714100
8.975921,-0.485202,-1.614430,-0.653681,4.085509,54.578105, 50.635105, 12.714078
8.991860,-0.485202,-1.531526,0.000000,5.201276,41.011442, 70.002355, 12.714139
9.007923,-0.467748,-1.435533,1.086552,5.976039,67.643185, 48.232744, 12.714045
9.023855,-0.432842,-1.317724,2.190973,7.394535,69.320909, 89.034390, 12.714144
9.039900,-0.383972,-1.178097,3.045760,8.702171,53.274340, 81.498090, 12.714058
9.056037,-0.324631,-1.025381,3.677337,9.463736,39.138469, 47.193698, 12.713988
9.071901,-0.247837,-0.846485,4.840802,11.276869,73.339940, 114.292284, 12.714195
9.087904,-0.160570,-0.654498,5.453131,11.996889,38.263400, 44.992832, 12.714089
9.103892,-0.062832,-0.449422,6.113237,12.826882,41.287582, 51.913477, 12.714100
9.120054,0.041888,-0.231256,6.479381,13.498710,22.654600, 41.568400, 12.713968
9.136029,0.139626,-0.013090,6.118212,13.656723,-22.608380, 9.891272, 12.714110
9.151839,0.233874,0.200713,5.961276,13.523266,-9.926357, -8.441337, 12.714235
9.167910,0.314159,0.401426,4.995653,12.489133,-60.084811, -64.347732, 12.714037
9.183904,0.390954,0.593412,4.801456,12.003640,-12.141891, -30.354727, 12.714096
9.200033,0.464258,0.772308,4.544846,11.091590,-15.909822, -56.547237, 12.713993
9.216019,0.530580,0.938114,4.148787,10.371968,-24.775385, -45.015743, 12.714102
9.231856,0.593412,1.090831,3.967409,9.643007,-11.452824, -46.028946, 12.714216
9.247907,0.656244,1.230457,3.914513,8.698918,-3.295464, -58.818082, 12.714053
9.264017,0.715585,1.348267,3.683501,7.312832,-14.339709, -86.038882, 12.714009
9.279915,0.778417,1.457350,3.952186,6.861434,16.900579, -28.393385, 12.714170
9.295974,0.844739,1.544616,4.129928,5.434116,11.068053, -88.879658, 12.714048
9.311967,0.914553,1.614430,4.365233,4.365233,14.713003, -66.834408, 12.714098
9.327908,0.984366,1.666789,4.379472,3.284604,0.893264, -67.789260, 12.714138
9.344020,1.057670,1.701696,4.549642,2.166496,10.561653, -69.395993, 12.714008
9.359832,1.137955,1.719149,5.077482,1.103800,33.382255, -67.208174, 12.714236
9.375837,1.218240,1.719149,5.016254,0.000000,-3.825554, -68.965975, 12.714090
9.391877,1.302016,1.701696,5.222930,-1.088111,12.885063, -67.837313, 12.738426
9.407954,1.385791,1.662426,5.210910,-2.442614,-0.747663, -84.251022, 12.738454
9.423861,1.438151,1.601340,3.291625,-3.840229,-120.656650, -87.861626, 12.738325
9.439838,1.462586,1.531526,1.529362,-4.369604,-110.300017, -33.133590, 12.738378
9.455837,1.469567,1.444260,0.436360,-5.454495,-68.316893, -67.809887, 12.738395
9.471846,1.459095,1.335177,-0.654131,-6.813860,-68.117316, -84.912535, 12.738403
9.487855,1.431170,1.213004,-1.744348,-7.631523,-68.100290, -51.075217, 12.738403
9.504017,1.385791,1.064651,-2.807732,-9.179123,-65.795303, -95.755493, 12.738520
9.519983,1.326450,0.898845,-3.716723,-10.384960,-56.932917, -75.525332, 12.738371
9.535898,1.246165,0.706858,-5.044621,-12.063224,-83.436912, -105.451713, 12.738333
9.551852,1.148427,0.501782,-6.126265,-12.854218,-67.797684, -49.579609, 12.738363
9.567896,1.040216,0.279253,-6.744603,-13.869950,-38.540127, -63.309184, 12.738431
9.584005,0.935496,0.052360,-6.500699,-14.084847,15.140884, -13.340185, 12.738481
9.599835,0.834267,-0.170170,-6.394763,-14.057453,6.692090, 1.730527, 12.738269
9.615870,0.747001,-0.383972,-5.442249,-13.333510,59.402177, 45.147670, 12.738424
9.631916,0.670206,-0.584685,-4.785896,-12.508592,40.904462, 51.409587, 12.738433
9.648031,0.596903,-0.776672,-4.548795,-11.913510,14.713073, 36.927182, 12.738485
9.663907,0.527089,-0.951204,-4.397403,-10.993508,9.535892, 57.949278, 12.738303
9.679898,0.464258,-1.108284,-3.929201,-9.823002,29.279095, 73.197738, 12.738390
9.695892,0.397935,-1.252274,-4.146712,-9.002730,-13.599537, 51.286264, 12.738392
9.712026,0.338594,-1.383173,-3.678021,-8.113282,29.049880, 55.128787, 12.738498
9.727981,0.268781,-1.496620,-4.375630,-7.110398,-43.723495, 62.857039, 12.738362
9.743896,0.198968,-1.592613,-4.386627,-6.031612,-0.691015, 67.784218, 12.738331
9.759900,0.132645,-1.671153,-4.144121,-4.907512,15.152846, 70.238728, 12.738398
9.775839,0.059341,-1.732239,-4.599023,-3.832519,-28.540192, 67.444157, 12.738349
9.791904,-0.020944,-1.771509,-4.997519,-2.444439,-24.805236, 86.404014, 12.738444
9.807911,-0.104720,-1.797689,-5.233698,-1.635531,-14.754722, 50.534647, 12.738400
9.823897,-0.191986,-1.797689,-5.458930,0.000000,-14.089357, 102.310186, 12.714104
9.840022,-0.279253,-1.788962,-5.411874,0.541187,2.918253, 33.562007, 12.713999
9.855874,-0.324631,-1.754056,-2.862639,2.202030,160.814673, 104.771826, 12.714206
9.871882,-0.349066,-1.706059,-1.526400,2.998286,83.473235, 49.741077, 12.714087
9.887883,-0.359538,-1.653699,-0.654458,3.272288,54.492990, 17.124075, 12.714092
9.903965,-0.356047,-1.583886,0.217054,4.341075,54.191725, 66.458605, 12.714031
9.919882,-0.335103,-1.492257,1.315823,5.756725,69.031163, 88.939467, 12.714156
9.935870,-0.300197,-1.387537,2.183299,6.549897,54.257960, 49.610489, 12.714102
9.951914,-0.254818,-1.261000,2.828382,7.886834,40.207114, 83.329423, 12.714059
9.967852,-0.195477,-1.117011,3.723252,9.034362,56.146962, 71.999481, 12.714139
9.983889,-0.122173,-0.951204,4.570919,10.338984,52.856942, 81.350716, 12.714064
10.000007,-0.034907,-0.772308,5.414224,11.099159,52.320696, 47.163152, 12.714002
10.015998,0.062832,-0.571595,6.112090,12.551614,43.641200, 90.829533, 12.714098
10.031905,0.160570,-0.366519,6.144367,12.892198,2.029049, 21.410908, 12.714162
10.047877,0.265290,-0.148353,6.556458,13.659289,25.800901, 48.027232, 12.714112
10.063852,0.366519,0.065450,6.336720,13.383589,-13.755170, -17.258190, 12.714110
10.079887,0.453786,0.270526,5.442249,12.789285,-55.782393, -37.062913, 12.714064
10.096018,0.537561,0.466876,5.193466,12.172187,-15.422648, -38.255446, 12.713991
10.112020,0.610865,0.645772,4.580917,11.179618,-38.279564, -62.027775, 12.714090
10.128020,0.684169,0.815941,4.581489,10.635600,0.035788, -34.001121, 12.714091
10.143823,0.747001,0.973021,3.975945,9.939862,-38.318335, -44.025726, 12.714241
10.159864,0.809833,1.117011,3.916954,8.976352,-3.677515, -60.065428, 12.714061
10.175893,0.869174,1.243547,3.702115,7.894215,-13.403147, -67.511207, 12.714070
10.191983,0.932006,1.352630,3.905025,6.779557,12.610968, -69.276416, 12.714024
10.207962,0.994838,1.448623,3.932152,6.007454,1.697648, -48.319876, 12.714109
10.223875,1.061160,1.527163,4.167819,4.935576,14.809761, -67.358661, 12.714159
10.240007,1.130973,1.588250,4.327620,3.786668,9.905825, -71.219191, 12.713993
10.255876,1.200787,1.631883,4.399343,2.749589,4.519660, -65.352480, 12.714193
10.271809,1.277581,1.662426,4.819839,1.916981,26.391500, -52.256825, 12.714144
10.287878,1.354375,1.666789,4.779046,0.271537,-2.538597, -102.398689, 12.714041
10.304024,1.434661,1.658063,4.972448,-0.540483,11.978335, -50.292343, 12.738506
10.320002,1.518436,1.631883,5.243197,-1.638499,16.945121, -68.720468, 12.738379
10.335865,1.563815,1.579523,2.860654,-3.300755,-150.194967, -104.788246, 12.738292
10.351978,1.588250,1.518436,1.516453,-3.791133,-83.423400, -30.433675, 12.738482
10.367950,1.595231,1.439897,0.437097,-4.917344,-67.578006, -70.511583, 12.738375
10.383958,1.588250,1.343904,-0.436114,-5.996571,-54.548444, -67.417988, 12.738402
10.399969,1.563815,1.226094,-1.526114,-7.358049,-68.078174, -85.033921, 12.738405
10.415881,1.518436,1.090831,-2.851845,-8.500692,-83.316446, -71.810159, 12.738330
10.431826,1.462586,0.933751,-3.502699,-9.851341,-40.818680, -84.706720, 12.738355
10.447880,1.392773,0.754855,-4.348646,-11.143407,-52.693872, -80.482465, 12.738438
10.463883,1.308997,0.558505,-5.235006,-12.269546,-55.387099, -70.370508, 12.738400
10.479881,1.200787,0.344703,-6.763996,-13.364348,-95.573832, -68.433671, 12.738396
10.495838,1.092576,0.117810,-6.781376,-14.219014,-1.089143, -53.560578, 12.738365
10.511834,0.987856,-0.104720,-6.546621,-13.911570,14.675822, 19.220018, 12.738395
10.528016,0.897099,-0.318523,-5.608523,-13.212386,57.971711, 43.207525, 12.738536
10.543822,0.809833,-0.519235,-5.521097,-12.698524,5.531185, 32.510603, 12.738250
10.559862,0.736529,-0.711222,-4.570064,-11.969216,59.291340, 45.468082, 12.738428
10.575865,0.666716,-0.890118,-4.362505,-11.178919,12.970003, 49.384246, 12.738399
10.591976,0.596903,-1.055924,-4.333261,-10.291495,1.815159, 55.081887, 12.738481
10.607869,0.530580,-1.204277,-4.173064,-9.334486,10.079707, 60.215765, 12.738315
10.623869,0.460767,-1.339540,-4.363323,-8.453939,-11.891174, 55.034216, 12.738396
10.640012,0.394444,-1.457350,-4.108438,-7.297883,15.789216, 71.613431, 12.738505
10.655853,0.328122,-1.562070,-4.186763,-6.610678,-4.944455, 43.381393, 12.738275
10.671943,0.247837,-1.649336,-4.989754,-5.423646,-49.906234, 73.774544, 12.738464
10.688000,0.171042,-1.714786,-4.782617,-4.076094,12.900097, 83.922997, 12.738439
10.703991,0.090757,-1.767146,-5.020646,-3.274334,-14.885144, 50.138214, 12.738388
10.720004,0.010472,-1.797689,-5.013748,-1.907404,0.430761, 85.363770, 12.738405
10.735970,-0.080285,-1.806416,-5.684399,-0.546577,-42.004979, 85.232822, 12.738369
10.751895,-0.174533,-1.797689,-5.918228,0.547984,-14.683108, 68.732241, 12.714151
10.767876,-0.265290,-1.771509,-5.679064,1.638192,14.965519, 68.218976, 12.714108
10.783879,-0.314159,-1.727876,-3.053754,2.726566,164.051137, 68.010635, 12.714091
10.799842,-0.342085,-1.671153,-1.749375,3.553417,81.712644, 51.798008, 12.714121
10.815883,-0.356047,-1.601340,-0.870434,4.352171,54.793376, 49.794487, 12.714062
10.831881,-0.352557,-1.514073,0.218193,5.454836,68.047729, 68.925183, 12.714094
10.847956,-0.331613,-1.409353,1.302890,6.514448,67.477214, 65.916793, 12.714036
10.863896,-0.296706,-1.287180,2.189874,7.664558,55.645166, 72.152406, 12.714138
10.879874,-0.247837,-1.143191,3.058532,9.011745,54.365883, 84.315154, 12.714109
10.895828,-0.185005,-0.981748,3.938313,10.119278,55.144904, 69.420368, 12.714127
10.911980,-0.104720,-0.798488,4.970601,11.345937,63.910811, 75.944722, 12.713976
10.928000,-0.010472,-0.597775,5.883132,12.528893,56.962011, 73.842451, 12.714076
10.943816,0.087266,-0.383972,6.179719,13.518136,18.752329, 62.546963, 12.714231
10.959824,0.188496,-0.161443,6.323657,13.901142,8.991602, 23.925928, 12.714085
10.975830,0.289725,0.061087,6.324447,13.902879,0.049367, 0.108521, 12.714086
10.991891,0.380482,0.270526,5.650776,13.040253,-41.944486, -53.709325, 12.714045
11.007891,0.460767,0.471239,5.017822,12.544554,-39.559680, -30.981214, 12.714091
11.023844,0.534071,0.663225,4.594987,12.034490,-26.505017, -31.972925, 12.714127
11.039869,0.603884,0.837758,4.356516,10.891290,-14.881185, -71.338517, 12.714072
11.055802,0.670206,0.999201,4.162588,10.132615,-12.171485, -47.616589, 12.714143
11.071850,0.733038,1.147554,3.915245,9.244329,-15.412682, -55.351844, 12.714056
11.087870,0.792379,1.282817,3.704194,8.443384,-13.174199, -49.996525, 12.714077
11.103968,0.855211,1.400627,3.903084,7.318283,12.354951, -69.890734, 12.714018
11.119988,0.918043,1.500983,3.922088,6.264446,1.186254, -65.782575, 12.714078
11.135864,0.984366,1.583886,4.177533,5.221916,16.089988, -65.667068, 12.714187
11.151889,1.050688,1.649336,4.138690,4.084234,-2.423874, -70.994212, 12.714074
11.167823,1.123992,1.701696,4.600466,3.286047,28.980541, -50.093293, 12.714144
11.183871,1.204277,1.727876,5.002813,1.631352,25.071470, -103.109121, 12.714057
11.199858,1.281072,1.740966,4.803558,0.818788,-12.463553, -50.826532, 12.714103
11.215853,1.364847,1.732239,5.237625,-0.545586,27.137617, -85.300046, 12.738391
11.231857,1.448623,1.706059,5.234679,-1.635837,-0.184043, -68.123677, 12.738398
11.247854,1.497492,1.658063,3.054899,-3.000347,-136.261805, -85.297869, 12.738393
11.263888,1.525418,1.601340,1.741628,-3.537682,-81.905369, -33.512240, 12.738421
11.279871,1.528908,1.527163,0.218398,-4.640962,-95.303140, -69.028304, 12.738383
11.295993,1.518436,1.439897,-0.649546,-5.412881,-53.835994, -47.879844, 12.738489
11.312009,1.494002,1.335177,-1.525637,-6.538446,-54.701035, -70.277569, 12.738408
11.327975,1.452114,1.204277,-2.623569,-8.198653,-68.766849, -103.983888, 12.738371
11.343828,1.399754,1.060288,-3.302837,-9.082802,-42.847928, -55.771727, 12.738285
11.359853,1.333432,0.894481,-4.138690,-10.346726,-52.159320, -78.871980, 12.738416
11.375989,1.246165,0.706858,-5.408184,-11.627596,-78.674645, -79.379689, 12.738501
11.391880,1.141445,0.501782,-6.589878,-12.905178,-74.362463, -80.396569, 12.738315
11.407886,1.029744,0.283616,-6.978700,-13.630273,-24.292250, -45.301462, 12.738402
11.423820,0.918043,0.065450,-7.010234,-13.691864,-1.979053, -3.865338, 12.738348
11.439858,0.816814,-0.148353,-6.311828,-13.331016,43.546968, 22.499551, 12.738427
11.455946,0.729548,-0.357792,-5.424320,-13.018368,55.165825, 19.433588, 12.738465
11.471885,0.645772,-0.549779,-5.256026,-12.045060,10.558617, 61.064556, 12.738351
11.487986,0.568977,-0.733038,-4.769548,-11.381875,30.214191, 41.189073, 12.738474
11.503938,0.499164,-0.903208,-4.376452,-10.667603,24.642376, 44.776341, 12.738361
11.519969,0.429351,-1.060288,-4.354886,-9.798492,1.345328, 54.214364, 12.738420
11.535802,0.359538,-1.204277,-4.409346,-9.094275,-3.439660, 44.477800, 12.738270
11.551988,0.293215,-1.330814,-4.097523,-7.817643,19.264946, 78.872630, 12.738538
11.567875,0.216421,-1.439897,-4.833794,-6.866185,-46.344234, 59.889108, 12.738310
11.583878,0.146608,-1.535890,-4.362505,-5.998445,29.450038, 54.223597, 12.738398
11.599879,0.076794,-1.614430,-4.363050,-4.908432,-0.034078, 68.121546, 12.738396
11.615944,-0.003491,-1.675516,-4.997519,-3.802460,-39.493852, 68.843542, 12.738445
11.631849,-0.083776,-1.719149,-5.047793,-2.743366,-3.160873, 66.588781, 12.738323
11.647872,-0.174533,-1.745329,-5.664178,-1.633897,-38.468760, 69.242230, 12.738413
11.663870,-0.261799,-1.745329,-5.454836,0.000000,13.085514, 102.131357, 12.714095
11.679830,-0.349066,-1.736603,-5.467823,0.546782,-0.813766, 34.259546, 12.714124
11.695931,-0.397935,-1.701696,-3.035167,2.167976,151.087309, 100.689017, 12.714017
11.712004,-0.422370,-1.658063,-1.520227,2.714691,94.253695, 34.014494, 12.714038
11.727871,-0.429351,-1.601340,-0.439990,3.574917,68.080755, 54.214745, 12.714194
11.743891,-0.429351,-1.527163,0.000000,4.630243,27.465027, 65.875561, 12.714078
11.759971,-0.408407,-1.435533,1.302485,5.698370,81.000281, 66.425792, 12.714032
11.775861,-0.373500,-1.326450,2.196764,6.864888,56.279409, 73.412130, 12.714176
11.791863,-0.328122,-1.195551,2.835806,8.180208,39.935086, 82.197216, 12.714091
11.807873,-0.268781,-1.047198,3.706508,9.266270,54.384918, 67.836470, 12.714084
11.823852,-0.195477,-0.881391,4.587510,10.376512,55.135009, 69.481280, 12.714107
11.839873,-0.108210,-0.693768,5.447005,11.711060,53.647982, 83.299953, 12.714075
11.855849,-0.010472,-0.493056,6.117829,12.563399,41.989510, 53.351211, 12.714109
11.871960,0.090757,-0.283616,6.283229,12.999783,10.266248, 27.086109, 12.714007
11.887987,0.191986,-0.069813,6.316160,13.340166,2.054744, 21.238046, 12.714070
11.903978,0.286234,0.143990,5.893801,13.370198,-26.412265, 1.878073, 12.714098
11.919936,0.373500,0.344703,5.468509,12.577570,-26.650755, -49.669614, 12.714123
11.935940,0.450295,0.536689,4.798456,11.996140,-41.867840, -36.330327, 12.714088
11.951985,0.523599,0.715585,4.568640,11.149657,-14.323206, -52.756775, 12.714057
11.967853,0.593412,0.881391,4.399620,10.449097,-10.651625, -44.149207, 12.714192
11.983864,0.659734,1.034108,4.142309,9.538212,-16.070880, -56.891241, 12.714083
11.999838,0.722566,1.169371,3.933383,8.467699,-13.079164, -67.015979, 12.714112
12.015841,0.785398,1.291544,3.926255,7.634384,-0.445411, -52.072395, 12.714090
12.031821,0.848230,1.400627,3.931906,6.826225,0.353633, -50.573145, 12.714108
12.047814,0.914553,1.492257,4.146971,5.729368,13.447482, -68.583566, 12.714098
12.063904,0.984366,1.566433,4.338917,4.610099,11.929487, -69.563032, 12.714025
12.079884,1.054179,1.623156,4.368784,3.549637,1.869048, -66.361823, 12.714108
12.095873,1.134464,1.662426,5.021274,2.456058,40.808657, -68.395728, 12.714102
12.111982,1.214749,1.679879,4.983869,1.083450,-2.321977, -85.207525, 12.714011
12.127868,1.298525,1.679879,5.273562,0.000000,18.235735, -68.201547, 12.714180
12.143858,1.382301,1.666789,5.239262,-0.818635,-2.145065, -51.196669, 12.738388
12.159893,1.466077,1.636246,5.224559,-1.904787,-0.916948, -67.736353, 12.738422
12.175987,1.521927,1.575160,3.470271,-3.795609,-109.002633, -117.486106, 12.738467
12.191900,1.546362,1.509710,1.535512,-4.112980,-121.583499, -19.944148, 12.738330
12.207867,1.553343,1.422443,0.437234,-5.465426,-68.784264, -84.702611, 12.738371
12.223823,1.542871,1.322087,-0.656303,-6.289573,-68.534558, -51.651227, 12.738363
12.239877,1.514946,1.195551,-1.739459,-7.881922,-67.469495, -99.187016, 12.738438
12.255992,1.469567,1.051561,-2.815921,-8.935133,-66.798761, -65.355942, 12.738484
12.271850,1.413717,0.890118,-3.521916,-10.180537,-44.519794, -78.534766, 12.738289
12.287849,1.343904,0.702495,-4.363596,-11.727164,-52.608310, -96.670220, 12.738397
12.303843,1.246165,0.497419,-6.110944,-12.822070,-109.250227, -68.457303, 12.738393
