0.015993,0.017453,0.008727,0.218262,0.545654,13.647324, 34.118309, 2.542819
0.032152,0.055851,0.034907,0.475243,1.620146,15.903284, 66.494948, 2.542796
0.048000,0.101229,0.074176,0.572672,2.477909,6.147752, 54.124396, 2.542847
0.063956,0.160570,0.122173,0.743810,3.008057,10.725621, 33.225583, 2.542837
0.079991,0.226893,0.174533,0.827222,3.265349,5.201836, 16.045687, 2.542836
0.095994,0.296706,0.231256,0.872501,3.544535,2.829419, 17.445857, 2.542855
0.112171,0.370010,0.287979,0.906272,3.506410,2.087605, -2.356745, 2.542847
0.128109,0.450295,0.349066,1.007468,3.832760,6.349356, 20.476177, 2.542906
0.144001,0.530580,0.405789,1.010384,3.569293,0.183498, -16.578588, 2.542938
0.160003,0.607375,0.458149,0.959811,3.272083,-3.160436, -18.573268, 2.542947
0.176177,0.691150,0.506145,1.035932,2.967513,4.706361, -18.830864, 2.542949
0.191994,0.774926,0.549779,1.059313,2.758629,1.478261, -13.206308, 2.543026
0.207990,0.858702,0.589049,1.047459,2.454983,-0.741062, -18.982606, 2.543026
0.223985,0.942478,0.623955,1.047525,2.182344,0.004094, -17.045293, 2.543050
0.239996,1.026254,0.650135,1.046478,1.635122,-0.065380, -34.177848, 2.543066
0.255993,1.113520,0.671952,1.091035,1.363794,2.785351, -16.961170, 2.543083
0.272009,1.197296,0.685042,1.046151,0.817306,-2.802445, -34.121404, 2.543090
0.288003,1.281072,0.693768,1.047590,0.545620,0.089971, -16.986731, 2.543100
0.304112,1.368338,0.689405,1.083450,-0.270862,2.226047, -50.684862, 2.547417
0.320013,1.455605,0.680678,1.097622,-0.548811,0.891299, -17.479952, 2.547395
0.336110,1.494002,0.645772,0.477073,-2.168515,-38.550602, -100.621469, 2.547446
0.351944,1.507964,0.584685,0.176363,-3.857934,-18.991449, -106.695646, 2.547449
0.368159,1.504474,0.488692,-0.043055,-5.920019,-13.531753, -127.171461, 2.547554
0.384017,1.476549,0.366519,-0.352192,-7.704190,-19.494064, -112.509214, 2.547555
0.400012,1.424189,0.222529,-0.654703,-9.002167,-18.912880, -81.148920, 2.547617
0.416171,1.357866,0.061087,-0.820874,-9.990900,-10.283489, -61.187761, 2.547662
0.432097,1.284562,-0.113446,-0.920555,-10.958993,-6.259040, -60.786952, 2.547614
0.448183,1.207768,-0.292343,-0.954799,-11.121239,-2.128784, -10.086143, 2.547592
0.463955,1.130973,-0.462512,-0.973808,-10.789348,-1.205225, 21.043020, 2.547474
0.479952,1.057670,-0.628319,-0.916470,-10.364836,3.584307, 26.537007, 2.547405
0.495989,0.987856,-0.789761,-0.870651,-10.066905,2.857046, 18.577715, 2.547285
0.511994,0.921534,-0.933751,-0.828772,-8.996543,2.616610, 66.876756, 2.547156
0.527999,0.851721,-1.069014,-0.872392,-8.451298,-2.725373, 34.067167, 2.547021
0.544112,0.778417,-1.191187,-0.909872,-7.582266,-2.326065, 53.933582, 2.546904
0.559951,0.705113,-1.295907,-0.925612,-6.611513,-0.993746, 61.288761, 2.546762
0.575997,0.628319,-1.387537,-0.957179,-5.710444,-1.967305, 56.155364, 2.546677
0.592003,0.555015,-1.466077,-0.915954,-4.906898,2.575586, 50.202777, 2.546582
0.607984,0.471239,-1.527163,-1.048443,-3.822447,-8.290357, 67.858804, 2.546510
0.624151,0.390954,-1.566433,-0.993198,-2.429016,3.417131, 86.189800, 2.546480
0.639994,0.310669,-1.592613,-1.013509,-1.652461,-1.282053, 49.015682, 2.544073
0.656171,0.219911,-1.601340,-1.122051,-0.539448,-6.709646, 68.802200, 2.544058
0.671989,0.129154,-1.592613,-1.147517,0.551691,-1.609919, 68.980821, 2.546424
0.687990,0.041888,-1.566433,-1.090763,1.636144,3.546929, 67.774079, 2.544029
0.703996,-0.020944,-1.518436,-0.785104,2.998660,19.096518, 85.125343, 2.543973
0.719998,-0.052360,-1.448623,-0.392650,4.362778,24.525294, 85.246696, 2.543893
0.736112,-0.062832,-1.370083,-0.129974,4.874011,16.301128, 31.726040, 2.543790
0.752107,-0.055851,-1.265364,0.087294,6.547031,13.583456, 104.596402, 2.543685
0.768148,-0.031416,-1.143191,0.304652,7.616299,13.550166, 66.658442, 2.543548
0.783986,0.013963,-0.999201,0.573034,9.091404,16.945449, 93.137120, 2.543427
0.799985,0.073304,-0.833395,0.741811,10.363540,10.549242, 79.513453, 2.543258
0.816179,0.146608,-0.645772,0.905321,11.585951,10.096922, 75.485433, 2.543089
0.832160,0.237365,-0.440696,1.135813,12.832500,14.422874, 78.001942, 2.543001
0.848103,0.338594,-0.218166,1.269888,13.957817,8.409640, 70.583762, 2.542931
0.863953,0.436332,0.004363,1.233293,14.039715,-2.308838, 5.167041, 2.542917
0.879980,0.527089,0.226893,1.132553,13.884662,-6.285628, -9.674468, 2.542921
0.896135,0.610865,0.436332,1.037150,12.964377,-5.905458, -56.965962, 2.542976
0.911953,0.684169,0.632682,0.926841,12.413045,-6.973669, -34.854742, 2.543138
0.927960,0.753982,0.815941,0.872283,11.448714,-3.408363, -60.244286, 2.543251
0.943984,0.820305,0.986111,0.827790,10.619671,-2.776666, -51.737630, 2.543404
0.959945,0.883137,1.143191,0.787317,9.841466,-2.535710, -48.756657, 2.543571
0.975964,0.942478,1.282817,0.740885,8.716296,-2.898565, -70.239713, 2.543716
0.991984,1.005310,1.409353,0.784418,7.898650,2.717385, -51.039064, 2.543861
1.007938,1.071632,1.518436,0.831422,6.837350,2.946226, -66.522508, 2.543992
1.024156,1.141445,1.610066,0.860934,5.649882,1.819747, -73.219127, 2.546420
1.040072,1.214749,1.688606,0.921134,4.934645,3.782321, -44.938210, 2.546306
1.055994,1.291544,1.745329,0.964634,3.562568,2.732061, -86.174969, 2.546243
1.071992,1.375319,1.780236,1.047328,2.181934,5.169070, -86.300366, 2.546210
1.087925,1.462586,1.797689,1.095418,1.095418,3.018225, -68.192836, 2.546186
1.103976,1.546362,1.797689,1.043870,0.000000,-3.211490, -68.246081, 2.544304
1.119985,1.637119,1.780236,1.133826,-1.090218,5.619091, -68.100290, 2.544286
1.135993,1.727876,1.745329,1.133897,-2.180571,0.004425, -68.113052, 2.544246
1.152179,1.783726,1.679879,0.690109,-4.043608,-27.418008, -115.101767, 2.544160
1.167941,1.818633,1.605703,0.442921,-4.706033,-15.682554, -42.026683, 2.544102
1.183987,1.832596,1.527163,0.174033,-4.894666,-16.757334, -11.755783, 2.546512
1.199979,1.829105,1.422443,-0.043655,-6.548259,-13.612284, -103.401230, 2.546626
1.216164,1.808161,1.304634,-0.258807,-7.278945,-13.293288, -45.145885, 2.546781
1.232164,1.766273,1.160644,-0.523599,-8.999354,-16.549490, -107.525561, 2.546917
1.248165,1.710423,1.003564,-0.698088,-9.816863,-10.904899, -51.091153, 2.547080
1.263969,1.640609,0.820305,-0.883487,-11.595771,-11.731161, -112.560613, 2.547216
1.279977,1.553343,0.619592,-1.090286,-12.538285,-12.918434, -58.877651, 2.547393
1.295965,1.448623,0.401426,-1.309979,-13.645619,-13.741167, -69.260329, 2.547509
1.311977,1.340413,0.174533,-1.351616,-14.170173,-2.600364, -32.760027, 2.547584
1.328146,1.235693,-0.052360,-1.295315,-14.032581,3.482051, 8.509587, 2.547626
1.343981,1.141445,-0.274889,-1.190373,-14.053014,6.627231, -1.290379, 2.547533
1.359947,1.054179,-0.488692,-1.093154,-13.391133,6.089141, 41.455652, 2.547463
1.375975,0.977384,-0.685042,-0.958254,-12.250408,8.416496, 71.170773, 2.547350
1.391928,0.904081,-0.872665,-0.918997,-11.760979,2.460774, 30.679452, 2.547186
1.407962,0.834267,-1.042834,-0.870814,-10.613047,3.005068, 71.593575, 2.547036
1.424096,0.767945,-1.199914,-0.822146,-9.735939,3.016501, 54.364004, 2.546881
1.439977,0.698132,-1.343904,-0.879204,-9.066788,-3.592833, 42.135279, 2.546695
1.455984,0.628319,-1.470440,-0.872283,-7.905065,0.432355, 72.575966, 2.546562
1.471972,0.555015,-1.583886,-0.916986,-7.095722,-2.796009, 50.621893, 2.544070
1.487983,0.474730,-1.675516,-1.002875,-5.722927,-5.364390, 85.740727, 2.544173
1.503931,0.397935,-1.749693,-0.963061,-4.651147,2.496476, 67.204668, 2.544261
1.520133,0.317650,-1.806416,-0.991052,-3.501000,-1.727642, 70.987973, 2.544310
1.536112,0.230383,-1.841322,-1.092264,-2.184529,-6.334069, 82.387581, 2.544361
1.552158,0.139626,-1.858776,-1.131212,-1.087704,-2.427234, 68.355050, 2.544377
1.567918,0.045379,-1.858776,-1.196038,0.000000,-4.113327, 69.016728, 2.544392
1.583963,-0.048869,-1.836959,-1.174793,1.359714,1.324068, 84.743801, 2.546146
1.599963,-0.101229,-1.793326,-0.654498,2.727077,32.518417, 85.460167, 2.546193
1.616160,-0.132645,-1.745329,-0.387923,2.963299,16.458337, 14.584310, 2.546262
1.631922,-0.143117,-1.684243,-0.132876,3.875557,16.181104, 57.877021, 2.546305
1.647940,-0.136136,-1.610066,0.087168,4.630821,13.737335, 47.150987, 2.546409
1.663919,-0.115192,-1.518436,0.262143,5.734388,10.950313, 69.063573, 2.543984
1.679968,-0.080285,-1.409353,0.435000,6.796877,10.770557, 66.202814, 2.543852
1.695961,-0.031416,-1.282817,0.611133,7.911985,11.013098, 69.724737, 2.543713
1.712140,0.024435,-1.134464,0.690408,9.169478,4.899880, 77.723805, 2.543534
1.728084,0.094248,-0.973021,0.875730,10.125624,11.623301, 59.969036, 2.543396
1.744119,0.181514,-0.789761,1.088450,11.428723,13.265988, 81.265885, 2.543225
1.759950,0.279253,-0.589049,1.234773,12.678470,9.242813, 78.943052, 2.543109
1.775956,0.383972,-0.375246,1.308506,13.357668,4.606615, 42.433938, 2.542972
1.791952,0.488692,-0.157080,1.309324,13.638794,0.051139, 17.574801, 2.542906
1.808143,0.589921,0.056723,1.250437,13.205042,-3.637061, -26.789734, 2.542860
1.823975,0.680678,0.266163,1.146502,13.228873,-6.564826, 1.505221, 2.542954
1.840118,0.760964,0.462512,0.994674,12.163138,-9.405183, -66.018355, 2.542984
1.856142,0.837758,0.645772,0.958493,11.436568,-2.257930, -45.342604, 2.543111
1.871982,0.911062,0.820305,0.925553,11.018493,-2.079543, -26.393662, 2.543272
1.887914,0.980875,0.981748,0.876389,10.133251,-3.085872, -55.563752, 2.543406
1.903978,1.043707,1.125737,0.782269,8.963500,-5.859076, -72.818171, 2.543535
1.920147,1.106539,1.261000,0.777189,8.365577,-0.314180, -36.979578, 2.543674
1.936125,1.172861,1.378810,0.830173,7.373246,3.316046, -62.106093, 2.543825
1.952095,1.242674,1.474803,0.874304,6.010840,2.763373, -85.310355, 2.543934
1.968148,1.308997,1.562070,0.826294,5.436147,-2.990697, -35.799723, 2.544030
1.983923,1.385791,1.627520,0.973623,4.148960,9.339357, -81.596608, 2.546373
1.999923,1.462586,1.675516,0.959931,2.999785,-0.855723, -71.823471, 2.546334
2.015988,1.546362,1.706059,1.042961,1.901230,5.168343, -68.381857, 2.546303
2.031962,1.626647,1.719149,1.005198,0.819455,-2.364014, -67.721010, 2.546283
2.047963,1.713913,1.710423,1.090763,-0.545381,5.347469, -85.296919, 2.544203
2.063911,1.801180,1.688606,1.094388,-1.367984,0.227297, -51.580331, 2.544181
2.079940,1.850049,1.636246,0.609760,-3.266572,-30.234418, -118.447018, 2.544115
2.095962,1.881465,1.579523,0.392160,-3.540332,-13.581337, -17.086531, 2.544047
2.112078,1.891937,1.505346,0.129958,-4.602662,-16.269692, -65.917687, 2.546545
2.127965,1.888446,1.418080,-0.043944,-5.492948,-10.946125, -56.038669, 2.546628
2.144137,1.867502,1.308997,-0.259015,-6.745182,-13.298998, -77.432218, 2.546777
2.159985,1.829105,1.178097,-0.484569,-8.259698,-14.232330, -95.565138, 2.546887
2.175962,1.773255,1.029744,-0.699137,-9.285409,-13.429790, -64.199251, 2.547054
2.191968,1.703441,0.863938,-0.872337,-10.359008,-10.820991, -67.074746, 2.547212
2.207990,1.619666,0.671952,-1.045760,-11.982662,-10.824000, -101.339074, 2.547362
2.223909,1.521927,0.466876,-1.227947,-12.882479,-11.444646, -56.524706, 2.547473
2.239974,1.417207,0.248709,-1.303701,-13.580215,-4.715450, -43.432052, 2.547580
2.256101,1.308997,0.026180,-1.341978,-13.798566,-2.373508, -13.539480, 2.547623
2.271950,1.207768,-0.187623,-1.277419,-13.489989,4.073372, 19.469840, 2.547565
2.287956,1.120501,-0.397062,-1.090422,-13.085062,11.682961, 25.298411, 2.547519
2.304101,1.036726,-0.593412,-1.037793,-12.161632,3.259791, 57.196096, 2.547434
2.319957,0.959931,-0.781035,-0.968649,-11.832927,4.360723, 20.730592, 2.547254
2.336109,0.890118,-0.951204,-0.864452,-10.535513,6.451003, 80.325316, 2.547144
2.352097,0.820305,-1.108284,-0.873320,-9.824846,-0.554621, 44.450030, 2.546968
2.367915,0.750492,-1.252274,-0.882705,-9.102899,-0.593361, 45.640804, 2.546795
2.383956,0.680678,-1.383173,-0.870434,-8.160320,0.764994, 58.760638, 2.546669
2.399955,0.610865,-1.496620,-0.872719,-7.090843,-0.142823, 66.846477, 2.546535
2.415950,0.534071,-1.592613,-0.960231,-6.001445,-5.471209, 68.108691, 2.544074
2.431962,0.453786,-1.671153,-1.002812,-4.905060,-2.659321, 68.472710, 2.544164
2.447953,0.373500,-1.732239,-1.004129,-3.820057,-0.082355, 67.850866, 2.544235
2.463952,0.293215,-1.771509,-1.003627,-2.454523,0.031383, 85.351200, 2.544278
2.479915,0.209440,-1.797689,-1.049625,-1.640039,-2.881524, 51.023235, 2.544310
2.495957,0.118682,-1.797689,-1.131494,0.000000,-5.103418, 102.234058, 2.544304
2.512130,0.024435,-1.784599,-1.165495,0.809372,-2.102361, 50.044627, 2.546216
2.527960,-0.031416,-1.749693,-0.705629,2.205091,29.050304, 88.169229, 2.546235
2.544159,-0.059341,-1.701696,-0.344778,2.962933,22.276149, 46.783290, 2.546315
2.559913,-0.069813,-1.644973,-0.132944,3.600559,13.446361, 40.473877, 2.546352
2.576144,-0.066323,-1.570796,0.043012,4.570051,10.840733, 59.730891, 2.544024
2.592016,-0.041888,-1.479167,0.307896,5.773046,16.688731, 75.793552, 2.543946
2.607956,-0.010472,-1.374447,0.394177,6.569621,5.412890, 49.973325, 2.543819
2.623970,0.034907,-1.247910,0.566736,7.901609,10.775501, 83.176501, 2.543671
2.639955,0.094248,-1.099557,0.742461,9.280762,10.993111, 86.277954, 2.543517
2.655951,0.167552,-0.938114,0.916527,10.092708,10.881845, 50.759287, 2.543355
2.671956,0.251327,-0.754855,1.046870,11.450145,8.143918, 84.813317, 2.543199
2.687972,0.349066,-0.554142,1.220510,12.532022,10.841631, 67.549758, 2.543059
2.703930,0.450295,-0.344703,1.268694,13.124421,3.019430, 37.122385, 2.542963
2.719971,0.551524,-0.130900,1.262130,13.328523,-0.409234, 12.723755, 2.542892
2.736073,0.649262,0.082903,1.213991,13.278030,-2.989580, -3.135828, 2.542876
2.751953,0.736529,0.287979,1.099074,12.914118,-7.236615, -22.916377, 2.542951
2.767944,0.820305,0.479966,1.047787,12.005892,-3.207236, -56.796051, 2.543013
2.784145,0.897099,0.663225,0.948022,11.311621,-6.157976, -42.853586, 2.543099
2.799976,0.966912,0.833395,0.881981,10.749138,-4.171627, -35.530483, 2.543282
2.816078,1.033235,0.994838,0.823780,10.026267,-3.614504, -44.893219, 2.543399
2.832108,1.096067,1.138827,0.783928,8.982512,-2.486057, -65.112635, 2.543553
2.848103,1.158899,1.269727,0.785644,8.183788,0.107245, -49.935820, 2.543700
2.863947,1.225221,1.383173,0.837194,7.160212,3.253620, -64.603392, 2.543841
2.879979,1.291544,1.479167,0.827377,5.987594,-0.612362, -73.142343, 2.543934
2.896078,1.361357,1.562070,0.867298,5.149583,2.479755, -52.053602, 2.544026
2.912097,1.438151,1.627520,0.958793,4.085764,5.711611, -66.409862, 2.546390
2.928098,1.514946,1.671153,0.959871,2.726907,0.067407, -84.923259, 2.546340
2.944099,1.595231,1.701696,1.003502,1.908835,2.726736, -51.126302, 2.546304
2.959930,1.679007,1.710423,1.058377,0.551238,3.466304, -85.755589, 2.546284
2.976048,1.766273,1.701696,1.082845,-0.541422,1.518063, -67.791304, 2.544184
2.991900,1.853540,1.675516,1.101015,-1.651523,1.146251, -70.029041, 2.544172
3.007963,1.905900,1.623156,0.651931,-3.259657,-27.957647, -100.114218, 2.544097
3.024074,1.930334,1.562070,0.303328,-3.791603,-21.637590, -33.017568, 2.546478
3.040065,1.937315,1.487893,0.087316,-4.638640,-13.508392, -52.969581, 2.546556
3.055958,1.930334,1.396263,-0.087854,-5.765418,-11.021806, -70.897740, 2.546653
3.071910,1.898918,1.282817,-0.393881,-7.111735,-19.184224, -84.398035, 2.546785
3.087957,1.857030,1.147554,-0.522065,-8.429178,-7.988065, -82.098994, 2.546941
3.104120,1.797689,0.994838,-0.734284,-9.448513,-13.129939, -63.065939, 2.547110
3.120057,1.720895,0.824668,-0.963726,-10.677643,-14.396772, -77.124347, 2.547237
3.136124,1.630138,0.632682,-1.129733,-11.949102,-10.332202, -79.134773, 2.547398
3.152082,1.532399,0.427606,-1.224946,-12.850996,-5.966456, -56.516720, 2.547500
3.168082,1.424189,0.209440,-1.352630,-13.635385,-7.980263, -49.024326, 2.547580
3.183913,1.315978,-0.008727,-1.367070,-13.780946,-0.912114, -9.194697, 2.547580
3.199964,1.218240,-0.218166,-1.217849,-13.048378,9.296696, 45.640043, 2.547592
3.215949,1.134464,-0.418879,-1.048180,-12.556326,10.614224, 30.782116, 2.547511
3.231977,1.054179,-0.610865,-1.001811,-11.978177,2.893004, 36.071173, 2.547407
3.248082,0.977384,-0.789761,-0.953673,-11.108118,2.989043, 54.024111, 2.547285
3.263946,0.907571,-0.955568,-0.880146,-10.451732,4.634818, 41.375841, 2.547107
3.279920,0.841249,-1.108284,-0.830381,-9.560305,3.115381, 55.804890, 2.546968
3.296066,0.771436,-1.247910,-0.864774,-8.647736,-2.130113, 56.519830, 2.546835
3.311951,0.701622,-1.370083,-0.878982,-7.691095,-0.894476, 60.222880, 2.546673
3.328096,0.631809,-1.479167,-0.864827,-6.756462,0.876753, 57.889952, 2.546569
3.343947,0.558505,-1.566433,-0.924911,-5.505423,-3.790547, 78.924913, 2.546446
3.359952,0.478220,-1.640609,-1.003251,-4.634583,-4.894702, 54.410537, 2.544126
3.375935,0.397935,-1.697333,-1.004632,-3.548971,-0.086400, 67.922899, 2.544193
3.391904,0.317650,-1.732239,-1.005513,-2.185897,-0.055154, 85.357510, 2.544233
3.407946,0.233874,-1.754056,-1.044456,-1.359969,-2.427587, 51.485362, 2.544253
3.423956,0.143117,-1.749693,-1.133755,0.272537,-5.577737, 101.967890, 2.546249
3.439902,0.048869,-1.732239,-1.182087,1.094525,-3.030940, 51.548190, 2.546265
3.455953,-0.006981,-1.692969,-0.695913,2.446571,30.289285, 84.234379, 2.546317
3.471929,-0.038397,-1.640609,-0.393289,3.277408,18.942442, 52.005361, 2.546374
3.488087,-0.048869,-1.575160,-0.129620,4.050616,16.318190, 47.852899, 2.546464
3.503942,-0.041888,-1.496620,0.088065,4.953631,13.729691, 56.954601, 2.543965
3.520088,-0.020944,-1.396263,0.259432,6.215560,10.613621, 78.157390, 2.543825
3.536079,0.017453,-1.274090,0.480236,7.640113,13.807992, 89.084674, 2.543702
3.552061,0.066323,-1.138827,0.611553,8.463460,8.216591, 51.517139, 2.543555
3.567910,0.132645,-0.981748,0.836930,9.911012,14.220246, 91.333981, 2.543414
3.584029,0.212930,-0.802851,0.996155,11.098471,9.878125, 73.668244, 2.543222
3.599940,0.307178,-0.610865,1.184687,12.066257,11.849139, 60.824996, 2.543107
3.616099,0.411898,-0.397062,1.296117,13.231192,6.895830, 72.092020, 2.542959
3.632074,0.516617,-0.178896,1.311045,13.656723,0.934502, 26.637327, 2.542914
3.647964,0.617847,0.034907,1.274123,13.455181,-2.323609, -12.683572, 2.542906
3.663934,0.708604,0.244346,1.136595,13.114559,-8.611658, -21.328884, 2.542926
3.679940,0.792379,0.440696,1.046805,12.267246,-5.609779, -52.937217, 2.542992
3.696087,0.872665,0.628319,0.994428,11.619675,-3.243760, -40.104722, 2.543083
3.711953,0.942478,0.802851,0.880035,11.000436,-7.209952, -39.029287, 2.543253
3.728082,1.008800,0.959931,0.822401,9.738957,-3.573323, -78.211903, 2.543358
3.744097,1.071632,1.108284,0.784663,9.263377,-2.356431, -29.695877, 2.543523
3.759913,1.134464,1.239184,0.794535,8.276410,0.624227, -62.403114, 2.543683
3.775911,1.197296,1.356993,0.785496,7.364028,-0.565006, -57.030960, 2.543797
3.791953,1.263618,1.457350,0.826861,6.255855,2.578515, -69.079473, 2.543908
3.807910,1.333432,1.544616,0.875016,5.468851,3.017820, -49.320294, 2.544017
3.823962,1.406735,1.610066,0.913330,4.077364,2.386824, -86.686235, 2.546414
3.840047,1.483530,1.658063,0.954858,2.983933,2.581838, -67.978333, 2.546361
3.856080,1.563815,1.692969,1.001499,2.177171,2.909020, -50.318803, 2.546316
3.872089,1.644100,1.706059,1.003000,0.817663,0.093785, -84.921482, 2.546301
3.887936,1.727876,1.697333,1.057308,-0.550681,3.427016, -86.347222, 2.544197
3.903938,1.815142,1.675516,1.090694,-1.363368,2.086388, -50.786575, 2.544161
3.920086,1.864012,1.623156,0.605267,-3.242499,-30.061179, -116.369282, 2.544091
3.936086,1.891937,1.570796,0.349066,-3.272492,-16.012542, -1.874570, 2.546460
3.952127,1.902409,1.500983,0.130565,-4.352171,-13.621391, -67.307421, 2.546545
3.967899,1.898918,1.409353,-0.044264,-5.809649,-11.084778, -92.409233, 2.546626
3.983959,1.874484,1.300270,-0.304292,-6.792222,-16.191005, -61.181348, 2.546777
3.999933,1.839577,1.173734,-0.437043,-7.921395,-8.310441, -70.688236, 2.546907
4.015946,1.787217,1.025381,-0.653967,-9.264534,-13.546782, -83.878023, 2.547063
4.032094,1.717404,0.859575,-0.864666,-10.267914,-13.048015, -62.136488, 2.547235
4.048093,1.637119,0.671952,-1.003627,-11.727164,-8.685579, -91.208803, 2.547361
4.063945,1.542871,0.466876,-1.189096,-12.936928,-11.700059, -76.316201, 2.547463
4.079898,1.441642,0.248709,-1.269092,-13.675557,-5.014435, -46.300285, 2.547562
4.095931,1.336922,0.030543,-1.306303,-13.607320,-2.320902, 4.256037, 2.547612
4.111941,1.242674,-0.187623,-1.177361,-13.626868,8.053797, -1.221006, 2.547587
4.128096,1.151917,-0.392699,-1.123579,-12.694286,3.329128, 57.727155, 2.547546
4.144097,1.075123,-0.589049,-0.959871,-12.271079,10.231126, 26.448749, 2.547416
4.159903,1.001819,-0.772308,-0.927544,-11.594304,2.045221, 42.817614, 2.547258
4.175944,0.935496,-0.942478,-0.826912,-10.608416,6.273418, 61.460513, 2.547139
4.191920,0.869174,-1.099557,-0.830277,-9.832225,-0.210590, 48.584795, 2.546976
4.207937,0.802851,-1.243547,-0.828151,-8.989802,0.132692, 52.595560, 2.546825
4.223936,0.736529,-1.370083,-0.829083,-7.909017,-0.058237, 67.553272, 2.546682
4.239938,0.666716,-1.479167,-0.872556,-6.816840,-2.716682, 68.252544, 2.546557
4.255939,0.596903,-1.575160,-0.872610,-5.999194,-0.003408, 51.099677, 2.544053
4.271914,0.520108,-1.653699,-0.961433,-4.916420,-5.560140, 67.779275, 2.544145
4.287937,0.439823,-1.710423,-1.002124,-3.540111,-2.539502, 85.895856, 2.544206
4.303894,0.359538,-1.754056,-1.006269,-2.734426,-0.259754, 50.491033, 2.544261
4.320069,0.279253,-1.775873,-0.992707,-1.348786,0.838459, 85.665508, 2.544271
4.336058,0.191986,-1.775873,-1.091581,0.000000,-6.183917, 84.357129, 2.544282
4.352131,0.097738,-1.762783,-1.172747,0.814407,-5.049794, 50.669281, 2.546237
4.368119,0.038397,-1.723513,-0.742322,2.456211,26.921749, 102.689771, 2.546276
4.384065,0.006981,-1.675516,-0.394029,3.009943,21.842013, 34.725435, 2.546330
4.399937,-0.003491,-1.614430,-0.131955,3.848697,16.511693, 52.844891, 2.546396
4.415796,0.020944,-1.448623,0.264127,5.777778,13.928094, 74.619090, 2.543910
4.431803,0.059341,-1.335177,0.479756,7.087299,13.470897, 81.809278, 2.543769
4.447741,0.101229,-1.204277,0.525636,8.213056,2.878652, 70.633522, 2.543631
4.463790,0.160570,-1.055924,0.739500,9.243753,13.325727, 64.221833, 2.543463
4.479785,0.233874,-0.890118,0.916584,10.366132,11.071215, 70.170628, 2.543311
4.495785,0.321141,-0.702495,1.090831,11.726431,10.890406, 85.018691, 2.543160
4.511931,0.418879,-0.497419,1.210683,12.701362,7.423028, 60.382191, 2.543008
4.527937,0.520108,-0.283616,1.264889,13.357668,3.386629, 41.003761, 2.542936
4.543747,0.621337,-0.065450,1.280570,13.799251,0.991847, 27.930609, 2.542923
4.559792,0.715585,0.148353,1.174793,13.325200,-6.592542, -29.545087, 2.542894
4.575737,0.802851,0.349066,1.094593,12.587825,-5.029771, -46.244924, 2.542961
4.591797,0.883137,0.541052,0.999815,11.954310,-5.901521, -39.446744, 2.543039
4.607792,0.956440,0.724312,0.916584,11.457304,-5.203546, -31.072605, 2.543175
4.623740,1.022763,0.894481,0.831735,10.670279,-5.320401, -49.349454, 2.543324
4.639784,1.092576,1.047198,0.870271,9.518593,2.401948, -71.782929, 2.543456
4.655766,1.158899,1.191187,0.829965,9.009490,-2.521979, -31.854811, 2.543617
4.671878,1.225221,1.317724,0.823269,7.853548,-0.415628, -71.744122, 2.543743
4.687787,1.291544,1.431170,0.833773,7.130957,0.660316, -45.420261, 2.543892
4.703785,1.364847,1.527163,0.916412,6.000319,5.165579, -70.673713, 2.543995
4.719790,1.441642,1.605703,0.959631,4.907205,2.700331, -68.298302, 2.546413
4.735746,1.518436,1.666789,0.962578,3.828436,0.184694, -67.608992, 2.546339
4.751801,1.598722,1.710423,1.000126,2.717735,2.338724, -69.181015, 2.546296
4.767853,1.682497,1.732239,1.043805,1.359121,2.721081, -84.638264, 2.546271
4.783781,1.773255,1.740966,1.139592,0.547881,6.013749, -50.931723, 2.546254
4.799909,1.864012,1.727876,1.125460,-0.811630,-0.876231, -84.295071, 2.544216
4.815790,1.954769,1.692969,1.142965,-2.198009,1.102228, -87.297979, 2.544191
4.831974,2.007129,1.636246,0.647057,-3.504894,-30.641838, -80.751638, 2.544105
4.847803,2.042035,1.570796,0.441046,-4.134806,-13.014803, -39.794833, 2.546445
4.863839,2.052507,1.492257,0.130606,-4.897719,-19.358952, -47.574986, 2.546553
4.879768,2.049017,1.391900,-0.043828,-6.300234,-10.950690, -88.047940, 2.546659
4.895922,2.024582,1.274090,-0.302521,-7.292913,-16.014185, -61.450984, 2.546814
4.911896,1.982694,1.138827,-0.524451,-8.467699,-13.893211, -73.543576, 2.546942
4.927952,1.926843,0.981748,-0.695697,-9.783236,-10.665530, -81.934301, 2.547109
4.943793,1.853540,0.802851,-0.925495,-11.293242,-14.506546, -95.322669, 2.547239
4.959742,1.759292,0.606502,-1.181864,-12.311088,-16.074329, -63.818784, 2.547397
4.975799,1.654572,0.388336,-1.304350,-13.586981,-7.628184, -79.460252, 2.547525
4.991791,1.549852,0.165806,-1.309652,-13.915050,-0.331514, -20.514560, 2.547586
5.007806,1.445133,-0.061087,-1.307771,-14.167518,0.117444, -15.764478, 2.547601
5.023930,1.343904,-0.279253,-1.255633,-13.530523,3.233586, 39.506010, 2.547579
5.039957,1.253146,-0.484329,-1.132553,-12.795669,7.679524, 45.851015, 2.547480
5.055778,1.176352,-0.680678,-0.970792,-12.410691,10.224449, 24.333360, 2.547325
5.071781,1.099557,-0.863938,-0.959751,-11.451576,0.689914, 59.933441, 2.547203
5.087977,1.033235,-1.029744,-0.818999,-10.237483,8.690570, 74.962508, 2.547071
5.103938,0.963422,-1.186824,-0.874797,-9.841466,-3.495914, 24.811581, 2.546878
5.119928,0.893609,-1.326450,-0.873210,-8.732104,0.099222, 69.378473, 2.546728
5.135789,0.827286,-1.448623,-0.836297,-7.702733,2.327322, 64.899493, 2.546578
5.151778,0.750492,-1.557706,-0.960591,-6.822383,-7.773768, 55.059741, 2.546461
5.167774,0.677188,-1.649336,-0.916527,-5.728294,2.754720, 68.397668, 2.544142
5.183934,0.596903,-1.723513,-0.993628,-4.590130,-4.771105, 70.430950, 2.544216
5.199779,0.509636,-1.775873,-1.101502,-3.304505,-6.808049, 81.137570, 2.544295
5.215933,0.422370,-1.810779,-1.080432,-2.160863,1.304318, 70.796179, 2.544315
5.231885,0.338594,-1.828232,-1.050349,-1.094113,1.885847, 66.872501, 2.544346
5.247782,0.247837,-1.823869,-1.141814,0.274475,-5.753655, 86.090945, 2.546154
5.263941,0.150098,-1.802052,-1.209709,1.350122,-4.201655, 66.566435, 2.546194
5.279732,0.090757,-1.758419,-0.751582,2.763171,29.011875, 89.484468, 2.546222
5.295776,0.055851,-1.706059,-0.435136,3.263518,19.723684, 31.185914, 2.546299
5.311760,0.038397,-1.640609,-0.218385,4.094710,13.560507, 52.001531, 2.546372
5.327739,0.038397,-1.562070,0.000000,4.915190,13.666972, 51.347366, 2.544034
5.343780,0.059341,-1.461713,0.261130,6.256245,16.278925, 83.601749, 2.543913
5.359793,0.090757,-1.348267,0.392380,7.084644,8.196467, 51.732870, 2.543784
5.375771,0.132645,-1.213004,0.524320,8.465579,8.257569, 86.427270, 2.543638
5.391775,0.191986,-1.060288,0.741580,9.542384,13.575345, 67.283493, 2.543475
5.407922,0.258309,-0.890118,0.821484,10.538775,4.948565, 61.707523, 2.543294
5.423918,0.345575,-0.698132,1.091104,12.002139,16.855436, 91.483121, 2.543159
5.439880,0.443314,-0.484329,1.224639,13.394489,8.365834, 87.229035, 2.543033
5.455758,0.544543,-0.266163,1.275086,13.740153,3.177179, 21.770025, 2.542952
5.471943,0.645772,-0.043633,1.250900,13.749118,-1.494351, 0.553898, 2.542866
5.487768,0.740020,0.174533,1.191125,13.786171,-3.777251, 2.341405, 2.542936
5.503791,0.823795,0.379609,1.045694,12.798863,-9.076378, -61.618155, 2.542965
5.519792,0.904081,0.575959,1.003502,12.271079,-2.636883, -32.984436, 2.543073
5.535933,0.977384,0.763582,0.908294,11.623994,-5.898524, -40.089517, 2.543190
5.551937,1.047198,0.938114,0.872447,10.905581,-2.239878, -44.889592, 2.543361
5.567778,1.113520,1.095194,0.837353,9.916017,-2.215386, -62.468529, 2.543533
5.583770,1.176352,1.239184,0.785791,9.003856,-3.224208, -57.038618, 2.543670
5.599771,1.242674,1.370083,0.828980,8.180720,2.699114, -51.442804, 2.543817
5.615765,1.308997,1.483530,0.829342,7.093060,0.022684, -68.004226, 2.543948
5.631785,1.382301,1.579523,0.915154,5.992079,5.356524, -68.725392, 2.546441
5.647758,1.455605,1.658063,0.917847,4.917036,0.168585, -67.303774, 2.546347
5.663772,1.532399,1.719149,0.959092,3.814570,2.575569, -68.843888, 2.546280
5.679766,1.612684,1.762783,1.003941,2.728100,2.804109, -67.929848, 2.546229
5.695763,1.696460,1.788962,1.047394,1.636553,2.716331, -68.234479, 2.546200
5.711893,1.783726,1.788962,1.082039,0.000000,2.147878, -101.460200, 2.544289
5.727782,1.870993,1.780236,1.098451,-0.549226,1.032921, -34.566407, 2.544293
5.743799,1.961750,1.745329,1.133260,-2.179346,2.173231, -101.774388, 2.544245
5.759883,2.014110,1.688606,0.651080,-3.526685,-29.978838, -83.768897, 2.544176
5.775727,2.045526,1.623156,0.396566,-4.130892,-16.063791, -38.134731, 2.544115
5.791711,2.059489,1.544616,0.174708,-4.913652,-13.880003, -48.971506, 2.546485
5.807786,2.055998,1.448623,-0.043430,-5.971578,-13.569971, -65.811842, 2.546605
5.823772,2.031563,1.335177,-0.305700,-7.096610,-16.406259, -70.376084, 2.546727
5.839775,1.993166,1.204277,-0.479876,-8.179697,-10.883926, -67.680282, 2.546874
5.855756,1.944297,1.051561,-0.611592,-9.556117,-8.242033, -86.128531, 2.547030
5.871773,1.874484,0.881391,-0.871738,-10.624312,-16.241924, -66.691301, 2.547195
5.887894,1.787217,0.685042,-1.082643,-12.179737,-13.082618, -96.484414, 2.547363
5.903797,1.682497,0.475602,-1.316981,-13.169811,-14.735449, -62.257079, 2.547463
5.919772,1.581268,0.253073,-1.267344,-13.929858,3.107180, -47.577246, 2.547561
5.935725,1.473058,0.026180,-1.356615,-14.222579,-5.595894, -18.348970, 2.547593
5.951764,1.371829,-0.196350,-1.262287,-13.874274,5.881186, 21.716133, 2.547587
5.967763,1.277581,-0.405789,-1.178171,-13.090788,5.257579, 48.970959, 2.547514
5.983764,1.197296,-0.606502,-1.003502,-12.543770,10.916148, 34.186460, 2.547401
5.999925,1.123992,-0.789761,-0.907169,-11.339618,5.960778, 74.509727, 2.547290
6.015887,1.050688,-0.964294,-0.918479,-10.934277,-0.708544, 25.394160, 2.547106
6.031902,0.984366,-1.125737,-0.828255,-10.080734,5.633740, 53.296452, 2.546949
6.047906,0.918043,-1.269727,-0.828824,-8.997105,-0.035571, 67.709908, 2.546793
6.063787,0.851721,-1.404990,-0.835244,-8.517286,-0.404214, 30.213387, 2.546626
6.079722,0.778417,-1.518436,-0.920036,-7.119322,-5.321116, 87.729121, 2.546503
6.095714,0.705113,-1.614430,-0.916756,-6.002571,0.205057, 69.831900, 2.544101
6.111924,0.624828,-1.692969,-0.990563,-4.845146,-4.553174, 71.401888, 2.544177
6.127769,0.544543,-1.754056,-1.013381,-3.855256,-1.440093, 62.473364, 2.544270
6.143718,0.453786,-1.797689,-1.138092,-2.735797,-7.819313, 70.189869, 2.544313
6.159765,0.366519,-1.819506,-1.087636,-1.359545,3.144253, 85.763850, 2.544331
6.175713,0.279253,-1.823869,-1.094388,-0.273597,-0.423357, 68.093048, 2.544341
6.191734,0.185005,-1.810779,-1.176553,0.817051,-5.128611, 68.076125, 2.546176
6.207936,0.087266,-1.775873,-1.206498,2.154461,-1.848254, 82.546030, 2.546227
6.223724,0.031416,-1.719149,-0.707506,3.592805,31.605794, 91.103573, 2.546266
6.239774,-0.003491,-1.653699,-0.434973,4.077872,16.980258, 30.222267, 2.546361
6.255928,-0.013963,-1.575160,-0.129652,4.861942,18.900658, 48.537219, 2.546461
6.271765,-0.010472,-1.479167,0.044082,6.061319,10.970141, 75.732567, 2.543950
6.287851,0.010472,-1.365720,0.260400,7.052493,13.447558, 61.617179, 2.543798
6.303944,0.048869,-1.234820,0.477192,8.133952,13.471207, 67.200605, 2.543649
6.319919,0.097738,-1.082104,0.611821,9.559706,8.427502, 89.249084, 2.543501
6.335906,0.164061,-0.907571,0.829706,10.917178,13.628844, 84.910968, 2.543333
6.351921,0.244346,-0.715585,1.002624,11.987900,10.797304, 66.857441, 2.543170
6.367772,0.342085,-0.506145,1.233215,13.213016,14.547374, 77.289486, 2.543059
6.383755,0.439823,-0.283616,1.223030,13.922886,-0.637230, 44.414062, 2.542945
6.399754,0.541052,-0.056723,1.265443,14.181687,2.650969, 16.176073, 2.542899
6.415910,0.635300,0.165806,1.166722,13.773798,-6.110491, -25.246879, 2.542886
6.431910,0.719076,0.375246,1.047198,13.089969,-7.470260, -42.739285, 2.542970
6.447718,0.795870,0.580322,0.971590,12.972937,-4.782856, -7.403369, 2.543109
6.463722,0.869174,0.767945,0.916069,11.723500,-3.469216, -78.070289, 2.543212
6.479742,0.932006,0.942478,0.784418,10.894689,-8.217928, -51.735991, 2.543363
6.495864,0.998328,1.103921,0.822758,10.013829,2.378131, -54.637153, 2.543513
6.511897,1.061160,1.252274,0.783782,9.252977,-2.431002, -47.455367, 2.543683
6.527887,1.123992,1.383173,0.785889,8.186347,0.131816, -66.706069, 2.543834
6.543726,1.186824,1.500983,0.793382,7.437952,0.473024, -47.250152, 2.543983
6.559760,1.253146,1.596976,0.827273,5.986847,2.113750, -90.501741, 2.546421
6.575730,1.326450,1.679879,0.918019,5.191180,5.682261, -49.822641, 2.546319
6.591774,1.403245,1.745329,0.957299,4.079397,2.448228, -69.295848, 2.546249
6.607770,1.483530,1.784599,1.003815,2.454983,2.908024, -101.551268, 2.546204
6.623920,1.567306,1.810779,1.037471,1.621049,2.083962, -51.636790, 2.546183
6.639883,1.654572,1.819506,1.093359,0.546680,3.501091, -67.303718, 2.546163
6.655919,1.741839,1.806416,1.088382,-0.816286,-0.310380, -84.994140, 2.544315
6.671878,1.832596,1.771509,1.137379,-2.187266,3.070156, -85.906385, 2.544280
6.687759,1.884956,1.710423,0.659403,-3.846516,-30.097334, -104.480182, 2.544216
6.703944,1.912881,1.649336,0.345076,-3.774268,-19.420875, 4.463913, 2.544122
6.719750,1.919862,1.575160,0.088338,-4.692933,-16.243095, -58.121275, 2.544062
6.735903,1.916372,1.483530,-0.043220,-5.672617,-8.144462, -60.650317, 2.546570
6.751766,1.888446,1.374447,-0.352081,-6.876573,-19.470504, -75.897109, 2.546671
6.767748,1.846558,1.243547,-0.524188,-8.190445,-10.768862, -82.209490, 2.546827
6.783910,1.790708,1.099557,-0.691134,-8.909149,-10.329506, -44.468736, 2.547003
6.799898,1.717404,0.929388,-0.916986,-10.643583,-14.126321, -108.483487, 2.547146
6.815898,1.633628,0.741765,-1.047198,-11.726431,-8.138247, -67.678006, 2.547307
6.831894,1.535890,0.536689,-1.222036,-12.820467,-10.930135, -68.394342, 2.547444
6.847720,1.427679,0.322886,-1.367502,-13.509594,-9.191569, -43.543985, 2.547520
6.863742,1.319469,0.104720,-1.350773,-13.616662,1.044120, -6.682558, 2.547604
6.879751,1.218240,-0.113446,-1.264652,-13.627719,5.379506, -0.690694, 2.547601
6.895757,1.127483,-0.322886,-1.134039,-13.085062,8.160289, 33.903330, 2.547551
6.911903,1.043707,-0.519235,-1.037728,-12.160878,5.964974, 57.239205, 2.547482
6.927897,0.966912,-0.702495,-0.960291,-11.458020,4.841633, 43.945124, 2.547340
6.943759,0.897099,-0.877028,-0.880257,-11.003211,5.045666, 28.672895, 2.547177
6.959898,0.827286,-1.038471,-0.865149,-10.003281,0.936130, 61.957326, 2.547058
6.975708,0.757473,-1.182461,-0.883152,-9.107506,-1.138736, 56.658801, 2.546872
6.991948,0.691150,-1.317724,-0.816780,-8.329004,4.086968, 47.937320, 2.546764
7.007889,0.621337,-1.431170,-0.875894,-7.116643,-3.708349, 76.052996, 2.546609
7.023908,0.551524,-1.531526,-0.871630,-6.264838,0.266241, 53.174680, 2.546498
7.039895,0.471239,-1.614430,-1.004380,-5.185660,-8.303673, 67.503468, 2.544098
7.055899,0.394444,-1.679879,-0.959691,-4.089593,2.792378, 68.487036, 2.544172
7.071807,0.317650,-1.723513,-0.965483,-2.742848,-0.364059, 84.658329, 2.544227
7.087774,0.230383,-1.754056,-1.093085,-1.912899,-7.991649, 51.979026, 2.544258
7.103910,0.139626,-1.762783,-1.124902,-0.540818,-1.971807, 85.032275, 2.544257
7.119830,0.048869,-1.754056,-1.140165,0.548156,-0.958699, 68.402928, 2.546238
7.135754,-0.041888,-1.723513,-1.139878,1.918065,0.017986, 86.027914, 2.546273
7.151743,-0.097738,-1.675516,-0.698612,3.001848,27.598126, 67.783085, 2.546333
7.167779,-0.125664,-1.610066,-0.348282,4.081432,21.846457, 67.322511, 2.546413
7.183745,-0.136136,-1.535890,-0.131178,4.645903,13.597881, 35.354576, 2.544002
7.199919,-0.125664,-1.444260,0.129491,5.665252,16.116602, 63.023904, 2.543878
7.215897,-0.101229,-1.335177,0.305853,6.827080,11.037783, 72.714209, 2.543770
7.231858,-0.059341,-1.204277,0.524878,8.201221,13.722511, 86.093711, 2.543628
7.247893,-0.006981,-1.051561,0.653070,9.523936,7.994494, 82.489204, 2.543462
7.263704,0.062832,-0.881391,0.883096,10.762735,14.548499, 78.350465, 2.543329
7.279759,0.150098,-0.693768,1.087094,11.686259,12.706179, 57.522545, 2.543145
7.295758,0.247837,-0.488692,1.221807,12.818063,8.420085, 70.742136, 2.543025
7.311750,0.349066,-0.270526,1.265997,13.642206,2.763248, 51.534709, 2.542936
7.327760,0.446804,-0.052360,1.220967,13.626868,-2.812576, -0.958020, 2.542891
7.343707,0.541052,0.165806,1.182013,13.680702,-2.442761, 3.375815, 2.542916
7.359756,0.624828,0.370882,1.044000,12.778129,-8.599437, -56.238609, 2.542958
7.375746,0.698132,0.562869,0.916871,12.006643,-7.950557, -48.248025, 2.543063
7.391897,0.767945,0.746128,0.864506,11.346639,-3.242217, -40.864556, 2.543172
7.407913,0.837758,0.916298,0.871793,10.624975,0.454981, -45.058951, 2.543336
7.423857,0.900590,1.069014,0.788157,9.578293,-5.245617, -65.647377, 2.543491
7.439745,0.959931,1.208641,0.746994,8.788163,-2.590812, -49.731242, 2.543644
7.455706,1.019272,1.335177,0.743577,7.927847,-0.214052, -53.901140, 2.543778
7.471748,1.078613,1.444260,0.739823,6.799843,-0.234042, -70.315702, 2.543895
7.487941,1.141445,1.535890,0.776037,5.658605,2.236418, -70.477250, 2.543989
7.503893,1.204277,1.610066,0.787761,4.649981,0.734969, -63.228681, 2.546405
7.519877,1.274090,1.666789,0.873538,3.548749,5.366411, -68.895894, 2.546342
7.535907,1.343904,1.706059,0.871031,2.449776,-0.156377, -68.557259, 2.546300
7.551747,1.424189,1.727876,1.013701,1.377312,9.006938, -67.706082, 2.546263
7.567742,1.504474,1.723513,1.003878,-0.272793,-0.614148, -103.163772, 2.544219
7.583775,1.584759,1.714786,1.001499,-0.544293,-0.148400, -16.933814, 2.544206
7.599843,1.630138,1.666789,0.564831,-2.987090,-27.176205, -152.028674, 2.544149
7.615898,1.654572,1.618793,0.304386,-2.989508,-16.222061, -0.150651, 2.544091
7.631751,1.661553,1.557706,0.088076,-3.853310,-13.644776, -54.488224, 2.546463
7.647853,1.651081,1.479167,-0.130070,-4.877644,-13.547767, -63.615297, 2.546575
7.663735,1.626647,1.383173,-0.307702,-6.044145,-11.184449, -73.448012, 2.546666
7.679697,1.588250,1.265364,-0.481108,-7.380637,-10.863692, -83.729603, 2.546805
7.695883,1.539380,1.134464,-0.603846,-8.087217,-7.582933, -43.653786, 2.546972
7.711696,1.473058,0.977384,-0.838835,-9.933576,-14.860542, -116.762078, 2.547084
7.727848,1.392773,0.807215,-0.994120,-10.535513,-9.613973, -37.267029, 2.547280
7.743742,1.291544,0.615229,-1.273803,-12.079163,-17.596733, -97.121574, 2.547385
7.759727,1.190315,0.410152,-1.266551,-12.829289,0.453647, -46.926875, 2.547512
7.775698,1.085595,0.196350,-1.311374,-13.386941,-2.806506, -34.916521, 2.547582
7.791742,0.980875,-0.017453,-1.305407,-13.326031,0.371898, 3.796461, 2.547616
7.807902,0.883137,-0.222529,-1.209634,-12.690358,5.926543, 39.336163, 2.547610
7.823845,0.795870,-0.414516,-1.094731,-12.042038,7.207136, 40.664853, 2.547512
7.839902,0.719076,-0.602139,-0.956523,-11.684804,8.607292, 22.247903, 2.547420
7.855757,0.642281,-0.772308,-0.968710,-10.732867,-0.768625, 60.040181, 2.547271
7.871769,0.572468,-0.933751,-0.872011,-10.082623,6.039183, 40.609790, 2.547149
7.887931,0.499164,-1.082104,-0.907113,-9.179123,-2.171929, 55.902719, 2.547020
7.903910,0.429351,-1.213004,-0.873812,-8.191983,2.084100, 61.777344, 2.546862
7.919853,0.363028,-1.330814,-0.831995,-7.389433,2.622852, 50.338720, 2.546726
7.935709,0.293215,-1.435533,-0.880590,-6.604425,-3.064743, 49.508585, 2.546599
7.951751,0.219911,-1.522800,-0.913899,-5.439874,-2.076358, 72.593833, 2.546514
7.967740,0.139626,-1.592613,-1.004255,-4.366325,-5.651127, 67.142990, 2.544068
7.983687,0.059341,-1.644973,-1.006900,-3.283369,-0.165858, 67.909731, 2.544132
7.999739,-0.024435,-1.675516,-1.043805,-1.902770,-2.299122, 86.007889, 2.544158
8.015887,-0.111701,-1.692969,-1.080833,-1.080833,-2.293033, 50.900222, 2.544172
8.031933,-0.202458,-1.692969,-1.131212,0.000000,-3.139642, 67.358412, 2.544179
8.047890,-0.293215,-1.671153,-1.137521,1.367213,-0.395395, 85.681072, 2.546339
8.063729,-0.349066,-1.627520,-0.705228,2.754797,27.292951, 87.605546, 2.546381
8.079683,-0.380482,-1.570796,-0.393831,3.555422,19.518410, 50.183326, 2.544042
8.095873,-0.387463,-1.500983,-0.086242,4.312117,18.998704, 46.738410, 2.543941
8.111873,-0.380482,-1.413717,0.087266,5.454154,10.844300, 71.377323, 2.543855
8.127899,-0.352557,-1.308997,0.348500,6.534366,16.300579, 67.403746, 2.543733
8.143755,-0.310669,-1.182461,0.528354,7.980346,11.342988, 91.194497, 2.543613
8.159758,-0.258309,-1.034108,0.654376,9.270323,7.874887, 80.608459, 2.543445
8.175707,-0.191986,-0.868301,0.831682,10.396030,11.117099, 70.581623, 2.543297
8.191736,-0.108210,-0.685042,1.045303,11.433001,13.327129, 64.693438, 2.543140
8.207899,-0.013963,-0.479966,1.166216,12.688003,7.480881, 77.646586, 2.542996
8.223868,0.090757,-0.266163,1.311538,13.388618,9.100233, 43.873434, 2.542935
8.239860,0.195477,-0.047997,1.309652,13.642206,-0.117951, 15.857201, 2.542893
8.255677,0.289725,0.165806,1.191728,13.517281,-7.455531, -7.898141, 2.542933
8.271734,0.373500,0.370882,1.043480,12.771762,-9.232576, -46.429513, 2.542956
8.287737,0.453786,0.562869,1.003376,11.996889,-2.506028, -48.420490, 2.543061
8.303807,0.527089,0.746128,0.912307,11.403831,-5.667061, -36.904651, 2.543183
8.319832,0.593412,0.911935,0.827738,10.346726,-5.277283, -65.966039, 2.543328
8.335867,0.656244,1.069014,0.783684,9.796048,-2.747378, -34.342219, 2.543483
8.351717,0.722566,1.208641,0.836877,8.809233,3.356042, -62.259645, 2.543648
8.367725,0.785398,1.330814,0.785006,7.631999,-3.240346, -73.540314, 2.543767
8.383742,0.848230,1.439897,0.784565,6.810456,-0.027539, -51.291952, 2.543892
8.399897,0.921534,1.535890,0.907506,5.942006,7.610141, -53.757361, 2.543993
8.415746,0.991347,1.610066,0.880979,4.680200,-1.673766, -79.614228, 2.546397
8.431729,1.068142,1.666789,0.960952,3.548971,5.003644, -70.777038, 2.546342
8.447723,1.144936,1.710423,0.960291,2.728100,-0.041322, -51.323673, 2.546292
8.463677,1.228712,1.727876,1.050217,1.093976,5.636563, -102.427230, 2.546271
8.479687,1.312488,1.727876,1.046543,0.000000,-0.229448, -68.330791, 2.544223
8.495869,1.399754,1.714786,1.078562,-0.808922,1.978660, -49.988976, 2.544196
8.511679,1.487021,1.684243,1.103940,-1.931895,1.605182, -71.029318, 2.544185
8.527736,1.535890,1.623156,0.608697,-3.804355,-30.842830, -116.613290, 2.544099
8.543681,1.560324,1.553343,0.306486,-4.378374,-18.953314, -35.999941, 2.546474
8.559876,1.567306,1.474803,0.086216,-4.849634,-13.601140, -29.099094, 2.546588
8.575866,1.563815,1.374447,-0.043661,-6.276200,-8.122341, -89.216136, 2.546685
8.591715,1.535890,1.252274,-0.352392,-7.708565,-19.479527, -90.375761, 2.546807
8.607731,1.494002,1.112647,-0.523076,-8.717928,-10.657103, -63.022182, 2.546974
8.623732,1.438151,0.955568,-0.698088,-9.816863,-10.937590, -68.679155, 2.547128
8.639719,1.364847,0.772308,-0.917043,-11.463037,-13.695808, -102.969503, 2.547282
8.655681,1.274090,0.575959,-1.137165,-12.301061,-13.790366, -52.501215, 2.547419
8.671720,1.172861,0.357792,-1.262287,-13.602229,-7.801116, -81.125259, 2.547536
8.687747,1.071632,0.135263,-1.263232,-13.884662,-0.058971, -17.622310, 2.547597
8.703872,0.973894,-0.087266,-1.212260,-13.800278,3.161073, 5.233135, 2.547619
8.719876,0.883137,-0.305433,-1.134180,-13.631977,4.878732, 10.516185, 2.547551
8.735870,0.802851,-0.506145,-1.003941,-12.549260,8.143033, 67.695187, 2.547465
8.751901,0.726057,-0.702495,-0.958075,-12.248116,2.861080, 18.785128, 2.547337
8.767875,0.656244,-0.881391,-0.874085,-11.199214,5.257907, 65.663036, 2.547185
8.783721,0.589921,-1.047198,-0.837088,-10.463605,2.334762, 46.422417, 2.547012
8.799675,0.520108,-1.199914,-0.875181,-9.572290,-2.387639, 55.867804, 2.546864
8.815690,0.450295,-1.339540,-0.871847,-8.718473,0.208149, 53.313580, 2.546714
8.831721,0.383972,-1.457350,-0.827428,-7.348869,2.770820, 85.434679, 2.546583
8.847676,0.317650,-1.562070,-0.831370,-6.563444,-0.247030, 49.227513, 2.546455
8.863726,0.240855,-1.653699,-0.956941,-5.709021,-7.823740, 53.235107, 2.544143
8.879718,0.160570,-1.723513,-1.004066,-4.365506,-2.946830, 84.011696, 2.544226
8.895717,0.076794,-1.771509,-1.047263,-2.999972,-2.699960, 85.351193, 2.544279
8.911717,-0.006981,-1.806416,-1.047198,-2.181662,0.004091, 51.144412, 2.544319
8.927673,-0.097738,-1.819506,-1.137592,-0.820379,-5.665257, 85.314768, 2.544335
8.943675,-0.185005,-1.810779,-1.090694,0.545347,2.930755, 85.347229, 2.546175
8.959732,-0.275762,-1.788962,-1.130437,1.358698,-2.475082, 50.653976, 2.546204
8.975678,-0.335103,-1.740966,-0.744277,3.009943,24.216729, 103.552307, 2.546251
8.991866,-0.363028,-1.684243,-0.345012,3.504028,24.664252, 30.521652, 2.546334
9.007718,-0.373500,-1.618793,-0.132122,4.128807,13.429860, 39.413272, 2.546389
9.023881,-0.366519,-1.535890,0.086386,5.129193,13.519039, 61.893564, 2.543989
9.039743,-0.342085,-1.435533,0.308090,6.326846,13.977020, 75.504569, 2.543897
9.055743,-0.303687,-1.317724,0.479966,7.363108,10.742228, 64.766358, 2.543750
9.071669,-0.254818,-1.178097,0.613704,8.767195,8.397468, 88.163177, 2.543606
9.087682,-0.191986,-1.021018,0.784761,9.809507,10.682379, 65.091631, 2.543435
9.103857,-0.115192,-0.846485,0.949545,10.790289,10.187628, 60.635686, 2.543252
9.119865,-0.024435,-0.650135,1.133897,12.265713,11.516219, 92.167942, 2.543124
9.135880,0.080285,-0.440696,1.307771,13.077709,10.856937, 50.702191, 2.542999
9.151867,0.185005,-0.222529,1.310061,13.646473,0.143270, 35.576625, 2.542923
9.167723,0.286234,-0.004363,1.276855,13.759218,-2.094220, 7.110570, 2.542913
9.183719,0.376991,0.209440,1.134748,13.366019,-8.883953, -24.581092, 2.542915
9.199730,0.460767,0.405789,1.046478,12.263415,-5.513060, -68.865367, 2.542974
9.215860,0.537561,0.597775,0.952195,11.902431,-5.845232, -22.379656, 2.543067
9.231843,0.603884,0.776672,0.829913,11.192908,-7.650712, -44.392377, 2.543218
9.247685,0.673697,0.942478,0.881368,10.466247,3.248009, -45.869295, 2.543381
9.263717,0.740020,1.090831,0.827377,9.253555,-3.367733, -75.641971, 2.543502
9.279670,0.802851,1.230457,0.787712,8.752356,-2.486339, -31.417178, 2.543662
9.295717,0.869174,1.352630,0.826603,7.613451,2.423579, -70.973100, 2.543789
9.311825,0.935496,1.457350,0.823473,6.501102,-0.194332, -69.055669, 2.543903
9.327855,1.005310,1.548980,0.871031,5.716144,2.966843, -48.968086, 2.544017
9.343709,1.075123,1.618793,0.880701,4.403505,0.609914, -82.795429, 2.546388
9.359860,1.148427,1.675516,0.907731,3.512055,1.673588, -55.194730, 2.546343
9.375726,1.225221,1.710423,0.968038,2.200087,3.801038, -82.690516, 2.546284
9.391873,1.308997,1.727876,1.037664,1.080900,4.311984, -69.312398, 2.546283
9.407866,1.396263,1.727876,1.091308,0.000000,3.354231, -67.585820, 2.544224
9.423717,1.480039,1.710423,1.057041,-1.101085,-2.161818, -69.464679, 2.544213
9.439824,1.567306,1.671153,1.083584,-2.438065,1.647921, -83.006151, 2.544150
9.455731,1.612684,1.605703,0.570548,-4.114531,-32.252216, -105.391742, 2.544089
9.471730,1.637119,1.535890,0.305452,-4.363596,-16.569574, -15.567517, 2.546499
9.487698,1.644100,1.452987,0.087441,-5.191830,-13.652954, -51.868363, 2.546594
9.503666,1.630138,1.348267,-0.174883,-6.558101,-16.428108, -85.563065, 2.546713
9.519724,1.602212,1.221730,-0.347805,-7.879958,-10.768612, -82.317688, 2.546861
9.535829,1.560324,1.077741,-0.520185,-8.940681,-10.703508, -65.862925, 2.547020
9.551804,1.500983,0.911935,-0.742926,-10.379110,-13.943079, -90.042507, 2.547163
9.567681,1.420698,0.724312,-1.011339,-11.817276,-16.905790, -90.581749, 2.547304
9.583702,1.322960,0.519235,-1.220129,-12.800461,-13.032274, -61.368508, 2.547458
9.599695,1.225221,0.301069,-1.222265,-13.641353,-0.133568, -52.578740, 2.547551
9.615859,1.123992,0.074176,-1.252525,-14.036922,-1.872068, -24.472213, 2.547623
9.631713,1.026254,-0.143990,-1.232981,-13.760953,1.232742, 17.406853, 2.547572
9.647707,0.938987,-0.357792,-1.091240,-13.367690,8.862163, 24.588190, 2.547532
9.663814,0.862193,-0.558505,-0.953554,-12.461220,8.548197, 56.278039, 2.547449
9.679714,0.785398,-0.750492,-0.965968,-12.074605,-0.780767, 24.315390, 2.547283
