0.015990	0.006981	0.008727	0.087321	0.545756	5.460978	34.131113	0.000000
0.032033	0.027925	0.017453	0.261098	0.543954	10.831930	-0.112384	0.000000
0.048060	0.066323	0.047997	0.479157	1.905738	13.605745	84.968143	0.000000
0.064038	0.111701	0.082903	0.568013	2.184665	5.561150	17.456975	0.000000
0.080111	0.171042	0.130900	0.738396	2.986160	10.600571	49.865913	0.000000
0.096041	0.240855	0.187623	0.876499	3.560778	8.669385	36.071447	0.000000
0.111995	0.314159	0.244346	0.918940	3.555422	2.660179	-0.335751	0.000000
0.128038	0.387463	0.305433	0.913842	3.807675	-0.317765	15.723539	0.000000
0.144007	0.467748	0.362156	1.005513	3.552082	5.740534	-16.005536	0.000000
0.160180	0.548033	0.414516	0.992829	3.237487	-0.784217	-19.451876	0.000000
0.176033	0.628319	0.466876	1.012870	3.302837	1.264159	4.122257	0.000000
0.192037	0.701622	0.510509	0.916069	2.726395	-6.048564	-36.018608	0.000000
0.208059	0.778417	0.549779	0.958613	2.450999	2.655359	-17.188629	0.000000
0.224039	0.858702	0.580322	1.004820	1.911343	2.891574	-33.770719	0.000000
0.240040	0.932006	0.606502	0.916241	1.636144	-5.535889	-17.198871	0.000000
0.256041	1.008800	0.619592	0.959871	0.818072	2.726736	-51.126302	0.000000
0.272054	1.085595	0.632682	0.959152	0.817459	-0.044921	-0.038285	0.000000
0.288032	1.158899	0.628319	0.917560	-0.273083	-2.603097	-68.252728	0.000000
0.304025	1.235693	0.619592	0.960351	-0.545654	2.675654	-17.043139	0.000000
0.320031	1.263618	0.593412	0.348935	-1.635633	-38.199190	-68.098132	0.000000
0.336036	1.270600	0.527962	0.087239	-4.089338	-16.350878	-153.308635	0.000000
0.352048	1.256637	0.431969	-0.174402	-5.995073	-16.340328	-119.019203	0.000000
0.368036	1.221730	0.314159	-0.436660	-7.368634	-16.403408	-85.912013	0.000000
0.384025	1.162389	0.174533	-0.742275	-8.732650	-19.114106	-85.309632	0.000000
0.400028	1.092576	0.021817	-0.872501	-9.542980	-8.137586	-50.636136	0.000000
0.416034	1.022763	-0.143990	-0.872337	-10.359008	0.010217	-50.982617	0.000000
0.432159	0.945968	-0.305433	-0.952490	-10.011966	-4.970683	21.521957	0.000000
0.448169	0.872665	-0.462512	-0.915726	-9.811345	2.296329	12.530999	0.000000
0.464034	0.795870	-0.619592	-0.968099	-9.901017	-3.301223	-5.652185	0.000000
0.480026	0.729548	-0.759218	-0.829446	-8.731012	8.670167	73.161900	0.000000
0.496038	0.666716	-0.890118	-0.784810	-8.175100	2.787694	34.718475	0.000000
0.512137	0.607375	-1.007928	-0.737203	-7.317829	2.957082	53.249943	0.000000
0.528034	0.551524	-1.108284	-0.702655	-6.312916	2.173268	63.213960	0.000000
0.544028	0.495674	-1.195551	-0.698394	-5.456200	0.266440	53.564863	0.000000
0.560149	0.443314	-1.265364	-0.649586	-4.330573	3.027580	69.823635	0.000000
0.575995	0.390954	-1.317724	-0.660859	-3.304296	-0.711426	64.765680	0.000000
0.592030	0.335103	-1.356993	-0.696608	-2.449012	-2.229413	53.338581	0.000000
0.608029	0.282743	-1.378810	-0.654539	-1.363624	2.629445	67.841011	0.000000
0.624031	0.226893	-1.378810	-0.698044	0.000000	-2.718727	85.215830	0.000000
0.640037	0.171042	-1.370083	-0.697870	0.545211	0.010899	34.062910	0.000000
0.656034	0.143117	-1.330814	-0.349131	2.454830	21.800255	119.373545	0.000000
0.672055	0.129154	-1.282817	-0.174304	2.995853	10.912375	33.769618	0.000000
0.687988	0.129154	-1.208641	0.000000	4.655526	10.939820	104.165772	0.000000
0.704052	0.129154	-1.121374	0.000000	5.432424	0.000000	48.362698	0.000000
0.720037	0.153589	-1.012291	0.305719	6.824090	19.125382	87.060729	0.000000
0.735995	0.188496	-0.885755	0.437481	7.929338	8.256766	69.259789	0.000000
0.752029	0.237365	-0.733038	0.609570	9.524530	10.732768	99.488090	0.000000
0.768044	0.293215	-0.567232	0.697478	10.353186	5.489099	51.742529	0.000000
0.784034	0.359538	-0.383972	0.829550	11.460886	8.259665	69.274543	0.000000
0.800018	0.436332	-0.191986	0.960892	12.011150	8.217099	34.425894	0.000000
0.816027	0.516617	0.008727	1.003000	12.537502	2.630280	32.878499	0.000000
0.832162	0.593412	0.209440	0.951899	12.439595	-3.167071	-6.067973	0.000000
0.848030	0.673697	0.405789	1.011913	12.373931	3.782024	-4.138120	0.000000
0.864040	0.740020	0.593412	0.828514	11.719106	-11.455280	-40.900985	0.000000
0.880049	0.806342	0.772308	0.828565	11.174730	0.003233	-34.004418	0.000000
0.896025	0.862193	0.933751	0.699180	10.105343	-8.098702	-66.937092	0.000000
0.912031	0.914553	1.077741	0.654253	8.995980	-2.806907	-69.309152	0.000000
0.928122	0.963422	1.208641	0.607411	8.134963	-2.911101	-53.509241	0.000000
0.944025	1.008800	1.322087	0.570692	7.133648	-2.308921	-62.963934	0.000000
0.960166	1.057670	1.418080	0.605529	5.947160	2.158304	-73.507705	0.000000
0.976023	1.103048	1.500983	0.572347	5.228173	-2.092555	-45.341927	0.000000
0.992024	1.148427	1.562070	0.567197	3.817669	-0.321905	-88.150983	0.000000
1.008050	1.193805	1.610066	0.566312	2.994918	-0.055211	-51.338526	0.000000
1.024070	1.242674	1.636246	0.610103	1.634203	2.733512	-84.938483	0.000000
1.039981	1.267109	1.644973	0.307141	0.548466	-19.041011	-68.238149	0.000000
1.056030	1.277581	1.636246	0.130500	-0.543750	-11.006359	-68.055106	0.000000
1.072004	1.281072	1.618793	0.043704	-1.092606	-5.433566	-34.359341	0.000000
1.088000	1.284562	1.583886	0.043644	-2.182207	-0.003758	-68.117082	0.000000
1.104007	1.295034	1.531526	0.130842	-3.271061	5.447511	-68.023624	0.000000
1.120039	1.302016	1.461713	0.087092	-4.354614	-2.728928	-67.586867	0.000000
1.135985	1.302016	1.370083	0.000000	-5.746255	-5.461701	-87.272126	0.000000
1.152004	1.291544	1.261000	-0.130744	-6.809606	-8.161835	-66.380596	0.000000
1.168039	1.267109	1.138827	-0.304766	-7.619149	-10.852604	-50.485975	0.000000
1.183973	1.232202	0.994838	-0.438140	-9.036630	-8.370384	-88.959550	0.000000
1.200073	1.183333	0.829031	-0.607071	-10.298527	-10.492634	-78.378670	0.000000
1.216020	1.120501	0.645772	-0.788008	-11.491790	-11.346172	-74.826809	0.000000
1.232045	1.047198	0.449422	-0.914868	-12.252701	-7.916377	-47.482789	0.000000
1.248028	0.970403	0.235619	-0.960952	-13.376890	-2.883296	-70.336518	0.000000
1.263978	0.890118	0.021817	-1.006710	-13.404566	-2.868852	-1.735193	0.000000
1.280020	0.809833	-0.196350	-1.000937	-13.599686	0.359895	-12.163025	0.000000
1.296022	0.736529	-0.405789	-0.916183	-13.088333	5.296433	31.955522	0.000000
1.312015	0.670206	-0.606502	-0.829394	-12.550045	5.426692	33.657769	0.000000
1.328021	0.607375	-0.794125	-0.785104	-11.722035	2.767119	51.731194	0.000000
1.344020	0.551524	-0.973021	-0.698175	-11.181714	5.433365	33.772159	0.000000
1.360153	0.499164	-1.130101	-0.649103	-9.736542	3.041749	89.578649	0.000000
1.376155	0.450295	-1.269727	-0.610789	-8.725556	2.394320	63.178757	0.000000
1.392018	0.404916	-1.396263	-0.572131	-7.976825	2.436993	47.199825	0.000000
1.408024	0.359538	-1.505346	-0.567019	-6.815137	0.319349	72.578284	0.000000
1.424016	0.314159	-1.596976	-0.567516	-5.729726	-0.031040	67.872076	0.000000
1.440023	0.272271	-1.671153	-0.523370	-4.634003	2.757916	68.452741	0.000000
1.455997	0.247837	-1.719149	-0.305930	-3.004667	13.612123	101.999262	0.000000
1.472006	0.230383	-1.762783	-0.218044	-2.725544	5.489802	17.435405	0.000000
1.487989	0.226893	-1.788962	-0.043680	-1.637987	10.909333	68.044629	0.000000
1.504023	0.226893	-1.802052	0.000000	-0.816388	2.724189	51.241005	0.000000
1.520026	0.226893	-1.797689	0.000000	0.272657	0.000000	68.052542	0.000000
1.536024	0.240855	-1.784599	0.174555	0.818225	10.911035	34.102312	0.000000
1.552023	0.247837	-1.749693	0.087272	2.181798	-5.455518	85.228612	0.000000
1.568017	0.247837	-1.697333	0.000000	3.273720	-5.456541	68.270731	0.000000
1.584039	0.240855	-1.627520	-0.087147	4.357332	-5.439186	67.632743	0.000000
1.600338	0.233874	-1.540253	-0.085666	5.354099	0.090867	61.155125	0.000000
1.615980	0.219911	-1.435533	-0.178527	6.694780	-5.936702	85.710345	0.000000
1.631977	0.219911	-1.304634	0.000000	8.182765	11.160060	93.016486	0.000000
1.647981	0.230383	-1.165007	0.130867	8.724465	8.177142	33.847788	0.000000
1.664009	0.254818	-0.999201	0.304899	10.344789	10.858003	101.093331	0.000000
1.680018	0.293215	-0.820305	0.479696	11.174730	10.918650	51.842131	0.000000
1.696011	0.345575	-0.615229	0.654785	12.822872	10.947866	103.053959	0.000000
1.712050	0.415388	-0.397062	0.870543	13.602229	13.452069	48.591411	0.000000
1.727988	0.488692	-0.161443	0.919862	14.783502	3.094469	74.116720	0.000000
1.744021	0.565487	0.074176	0.957955	14.695905	2.375911	-5.463505	0.000000
1.759978	0.638791	0.309796	0.918767	14.765899	-2.455867	4.386392	0.000000
1.775955	0.701622	0.536689	0.786529	14.201214	-8.276788	-35.343588	0.000000
1.792153	0.764454	0.754855	0.775798	13.468710	-0.662497	-45.221936	0.000000
1.808035	0.816814	0.955568	0.659361	12.637757	-7.331344	-52.320365	0.000000
1.824020	0.862193	1.138827	0.567764	11.464471	-5.730183	-73.399206	0.000000
1.840019	0.904081	1.304634	0.523632	10.363540	-2.758471	-68.812488	0.000000
1.856019	0.942478	1.457350	0.479966	9.544769	-2.729122	-51.173176	0.000000
1.872018	0.984366	1.588250	0.523632	8.181742	2.729293	-85.194520	0.000000
1.888017	1.022763	1.701696	0.479996	7.090843	-2.727418	-68.185447	0.000000
1.904012	1.047198	1.797689	0.305528	6.001445	-10.907624	-68.108691	0.000000
1.920015	1.054179	1.884956	0.087250	5.453131	-13.639817	-34.263157	0.000000
1.935976	1.054179	1.959132	0.000000	4.647359	-5.466456	-50.483847	0.000000
1.952024	1.054179	2.015855	0.000000	3.534596	0.000000	-69.339638	0.000000
1.968012	1.047198	2.063852	-0.087332	3.002036	-5.462344	-33.309987	0.000000
1.984150	1.036726	2.090032	-0.129780	1.622254	-2.630337	-85.498943	0.000000
2.000009	1.022763	2.107485	-0.176085	1.100529	-2.919751	-32.897726	0.000000
2.016003	1.008800	2.103122	-0.174598	-0.272810	0.092927	-85.865899	0.000000
2.032005	0.998328	2.094395	-0.130883	-0.545347	2.731850	-17.031448	0.000000
2.048082	0.991347	2.063852	-0.086849	-1.899811	2.738995	-84.248542	0.000000
2.063980	0.991347	2.020219	0.000000	-2.744574	5.462857	-53.136406	0.000000
2.080014	0.991347	1.954769	0.000000	-4.081941	0.000000	-83.408238	0.000000
2.096142	0.994838	1.871866	0.043287	-5.140324	2.683962	-65.623904	0.000000
2.112025	1.005310	1.771509	0.131864	-6.318481	5.576844	-74.177250	0.000000
2.127994	1.015782	1.658063	0.131154	-7.104164	-0.044470	-49.200546	0.000000
2.144122	1.026254	1.522800	0.129861	-8.386844	-0.080171	-79.531213	0.000000
2.160031	1.040216	1.374447	0.175531	-9.325098	2.870731	-58.976324	0.000000
2.176016	1.040216	1.204277	0.000000	-10.645580	-10.980998	-82.607583	0.000000
2.191961	1.019272	1.016654	-0.262702	-11.766880	-16.475536	-70.322935	0.000000
2.207955	0.980875	0.807215	-0.480146	-13.094880	-13.595296	-83.031162	0.000000
2.224006	0.925025	0.575959	-0.695913	-14.407584	-13.442644	-81.783299	0.000000
2.240016	0.848230	0.322886	-0.959332	-15.807167	-16.453344	-87.419311	0.000000
2.255983	0.774926	0.061087	-0.918192	-16.396279	2.576557	-36.895609	0.000000
2.271979	0.705113	-0.200713	-0.872883	-16.366553	2.832507	1.858320	0.000000
2.287965	0.642281	-0.458149	-0.786086	-16.103845	5.429554	16.433659	0.000000
2.304016	0.586431	-0.698132	-0.695913	-14.951266	5.617875	71.807290	0.000000
2.320025	0.534071	-0.929388	-0.654131	-14.445382	2.609967	31.599960	0.000000
2.335970	0.488692	-1.138827	-0.569189	-13.135121	5.327183	82.173783	0.000000
2.352053	0.450295	-1.335177	-0.477489	-12.208515	5.701674	57.614048	0.000000
2.368009	0.411898	-1.514073	-0.481289	-11.211848	-0.238187	62.463433	0.000000
2.384143	0.376991	-1.671153	-0.432708	-9.735939	3.011077	91.478217	0.000000
2.399962	0.345575	-1.810779	-0.397192	-8.826496	2.245152	57.490522	0.000000
2.415994	0.331613	-1.932952	-0.174185	-7.620574	13.910165	75.219665	0.000000
2.432012	0.324631	-2.050762	-0.087168	-7.354834	5.432398	16.590132	0.000000
2.448012	0.328122	-2.155482	0.043633	-6.544985	8.175102	50.615556	0.000000
2.463963	0.328122	-2.251475	0.000000	-6.017999	-2.735454	33.037757	0.000000
2.480106	0.335103	-2.334378	0.086493	-5.135547	5.357953	54.664695	0.000000
2.496001	0.345575	-2.404191	0.131764	-4.392147	2.848126	46.769467	0.000000
2.511997	0.352557	-2.456551	0.087288	-3.273311	-2.780452	69.944731	0.000000
2.528041	0.356047	-2.504547	0.043514	-2.991558	-2.728417	17.561257	0.000000
2.544036	0.359538	-2.535091	0.043647	-1.909551	0.008334	67.646594	0.000000
2.560006	0.359538	-2.556907	0.000000	-1.366100	-2.733054	34.029473	0.000000
2.576005	0.359538	-2.569997	0.000000	-0.818174	0.000000	34.247496	0.000000
2.592019	0.359538	-2.565634	0.000000	0.272469	0.000000	68.105627	0.000000
2.607996	0.359538	-2.556907	0.000000	0.546201	0.000000	17.132833	0.000000
2.623994	0.359538	-2.539454	0.000000	1.090967	0.000000	34.052169	0.000000
2.640007	0.359538	-2.508911	0.000000	1.907404	0.000000	50.985883	0.000000
2.656006	0.356047	-2.469641	-0.043636	2.454523	-2.727418	34.197048	0.000000
2.671982	0.349066	-2.417281	-0.087398	3.277408	-2.739209	51.507623	0.000000
2.687954	0.342085	-2.351831	-0.087419	4.097787	-0.001370	51.363517	0.000000
2.703951	0.331613	-2.273291	-0.130924	4.909659	-2.719560	50.751549	0.000000
2.719998	0.324631	-2.186025	-0.087011	5.438179	2.736547	32.935762	0.000000
2.735996	0.317650	-2.081305	-0.087277	6.545803	-0.016659	69.235133	0.000000
2.752000	0.310669	-1.963495	-0.087245	7.361267	0.002045	50.953796	0.000000
2.768020	0.303687	-1.828232	-0.087158	8.443384	0.005439	67.547869	0.000000
2.784013	0.296706	-1.679879	-0.087305	9.276120	-0.009200	52.068756	0.000000
2.800002	0.289725	-1.514073	-0.087326	10.370022	-0.001366	68.415903	0.000000
2.815957	0.286234	-1.335177	-0.043756	11.212551	2.730818	52.806581	0.000000
2.832004	0.286234	-1.130101	0.000000	12.779721	2.726759	97.661273	0.000000
2.848008	0.317650	-0.903208	0.392601	14.177256	24.531425	87.324081	0.000000
2.863955	0.363028	-0.658862	0.569117	15.322386	11.068933	71.808522	0.000000
2.879960	0.425860	-0.392699	0.785153	16.629973	13.498007	81.698607	0.000000
2.895952	0.499164	-0.109083	0.916756	17.734868	8.229329	69.090488	0.000000
2.911991	0.568977	0.174533	0.870543	17.682898	-2.881324	-3.240196	0.000000
2.928081	0.631809	0.453786	0.781005	17.355667	-5.564802	-20.337555	0.000000
2.944138	0.687660	0.719948	0.695653	16.576117	-5.315537	-48.548912	0.000000
2.959998	0.733038	0.964294	0.572239	15.406437	-7.781484	-73.750299	0.000000
2.976010	0.771436	1.195551	0.479606	14.442676	-5.785240	-60.189946	0.000000
2.991993	0.802851	1.409353	0.393117	13.376890	-5.411317	-66.682464	0.000000
3.008018	0.830777	1.605703	0.348521	12.252701	-2.782869	-70.152173	0.000000
3.023997	0.858702	1.780236	0.349525	10.922644	0.062790	-83.237854	0.000000
3.039961	0.865683	1.941679	0.087463	10.112939	-16.415770	-50.720681	0.000000
3.056000	0.865683	2.090032	0.000000	9.249516	-5.453161	-53.832714	0.000000
3.072001	0.865683	2.229658	0.000000	8.726101	0.000000	-32.711398	0.000000
3.088016	0.862193	2.360558	-0.043592	8.173568	-2.721971	-34.500951	0.000000
3.103955	0.848230	2.478368	-0.175201	7.391287	-8.257012	-49.079684	0.000000
3.119950	0.837758	2.578724	-0.130941	6.274238	2.767131	-69.837410	0.000000
3.135968	0.823795	2.674717	-0.174337	5.992827	-2.709214	-17.568381	0.000000
3.152028	0.820305	2.761984	-0.043470	5.433777	8.148604	-34.810095	0.000000
3.167998	0.816814	2.840523	-0.043715	4.917960	-0.015340	-32.299158	0.000000
3.184031	0.813323	2.910337	-0.043543	4.354342	0.010714	-35.153583	0.000000
3.199953	0.813323	2.971423	0.000000	3.836611	2.734796	-32.516712	0.000000
3.215956	0.813323	3.028146	0.000000	3.544535	0.000000	-18.251314	0.000000
3.232101	0.816814	3.080506	0.043241	3.243102	2.678313	-18.670406	0.000000
3.247997	0.816814	3.132866	0.000000	3.293903	-2.720267	3.195834	0.000000
3.263961	0.788889	3.198316	-0.349853	4.099840	-21.915123	50.484675	0.000000
3.279992	0.778417	3.285582	-0.130647	5.443607	13.673910	83.823021	0.000000
3.295994	0.792379	3.346669	0.174511	3.817431	19.069971	-101.623320	0.000000
3.311993	0.851721	3.381575	0.741811	2.181798	35.458478	-102.233429	0.000000
3.328085	0.938987	3.372849	1.084594	-0.542297	21.301458	-169.282570	0.000000
3.344008	1.085595	3.342306	1.841458	-1.918185	47.532711	-86.408840	0.000000
3.360126	1.260128	3.272492	2.165690	-4.331379	20.116136	-149.720441	0.000000
3.375996	1.455605	3.176499	2.463477	-6.048715	18.764152	-108.212722	0.000000
3.391992	1.651081	3.071779	2.444072	-6.546621	-1.213099	-31.126921	0.000000
3.407989	1.783726	2.984513	1.658374	-5.455177	-49.115349	68.228080	0.000000
3.423985	1.860521	2.953970	0.960171	-1.909431	-43.648575	221.664512	0.000000
3.439998	1.888446	2.971423	0.348782	1.089945	-38.180770	187.308838	0.000000
3.455989	1.891937	3.028146	0.043658	3.547195	-19.081025	153.664570	0.000000
3.471989	1.881465	3.106686	-0.130900	4.908739	-10.909843	85.096449	0.000000
3.487955	1.874484	3.185226	-0.087452	4.919192	2.721245	0.654721	0.000000
3.503995	1.909390	3.250676	0.435244	4.080414	32.587064	-52.292856	0.000000
3.520002	1.972222	3.276856	0.785055	1.635531	21.853595	-152.738413	0.000000
3.535994	2.073451	3.268129	1.265997	-0.545688	30.073912	-136.394376	0.000000
3.551970	2.209587	3.224496	1.704252	-2.731174	27.432129	-136.798040	0.000000
3.567950	2.363176	3.159046	1.922265	-4.095735	13.642842	-85.391826	0.000000
3.583950	2.502802	3.080506	1.745329	-4.908739	-11.058485	-50.812714	0.000000
3.599978	2.607522	3.028146	1.306710	-3.266775	-27.365801	102.443413	0.000000
3.616092	2.666863	3.015056	0.736517	-0.812335	-35.384942	152.317258	0.000000
3.631979	2.698279	3.036873	0.395492	1.373237	-21.465664	137.569847	0.000000
3.648123	2.705260	3.089233	0.086488	3.243303	-19.140497	115.836575	0.000000
3.663981	2.712242	3.159046	0.088048	4.402394	0.098362	73.091926	0.000000
3.680012	2.729695	3.224496	0.217744	4.082705	8.090349	-19.941937	0.000000
3.696015	2.775074	3.263766	0.567126	2.453909	21.832244	-101.780669	0.000000
3.711985	2.851868	3.263766	0.961734	0.000000	24.709372	-153.657430	0.000000
3.728116	2.967060	3.241949	1.428203	-1.352465	28.917543	-83.842612	0.000000
3.743995	3.110177	3.189589	1.802595	-3.297429	23.577768	-122.486554	0.000000
3.760119	3.260275	3.119776	1.861800	-4.329767	3.671880	-64.024949	0.000000
3.775989	3.378957	3.049963	1.495682	-4.399066	-23.069799	-4.366610	0.000000
3.791985	3.490659	3.001966	1.396613	-3.000535	-6.193406	87.430030	0.000000
3.808005	3.543018	2.980150	0.653681	-1.361836	-46.375230	102.290799	0.000000
3.824005	3.560472	3.006330	0.218166	1.636246	-27.219701	187.380147	0.000000
3.839967	3.556981	3.067416	-0.043737	3.826997	-16.407923	137.247881	0.000000
3.855999	3.539528	3.150319	-0.217731	5.171104	-10.852893	83.839019	0.000000
3.871935	3.525565	3.237586	-0.175234	5.476058	2.666719	19.136178	0.000000
3.887971	3.525565	3.307399	0.000000	4.353528	10.927529	-70.000652	0.000000
3.903949	3.577925	3.337942	0.655400	1.911582	41.018879	-152.831731	0.000000
3.920051	3.672173	3.333579	1.170634	-0.270980	31.998187	-135.546050	0.000000
3.935971	3.811799	3.294309	1.754100	-2.466703	36.649830	-137.922272	0.000000
3.951987	3.986332	3.215769	2.179482	-4.903835	26.559836	-152.168576	0.000000
3.968010	4.160865	3.119776	2.178530	-5.990957	-0.059424	-67.847633	0.000000
3.984008	4.290019	3.028146	1.614631	-5.727578	-35.248065	16.463292	0.000000
3.999933	4.377286	2.993240	1.095968	-2.191936	-32.569121	222.018291	0.000000
4.015987	4.415683	3.001966	0.478351	0.543581	-38.471224	170.394735	0.000000
4.032010	4.426155	3.054326	0.130712	3.267795	-21.696269	170.018978	0.000000
4.048003	4.426155	3.128503	0.000000	4.638060	-8.173063	85.679052	0.000000
4.063943	4.433136	3.211406	0.087595	5.200950	5.495291	35.313036	0.000000
4.080011	4.475024	3.259402	0.521383	2.987090	26.997010	-137.780698	0.000000
4.095980	4.551819	3.276856	0.961795	1.092948	27.579164	-118.613636	0.000000
4.112002	4.670501	3.255039	1.481493	-1.361666	32.436540	-153.202756	0.000000
4.128006	4.813618	3.202679	1.788515	-3.271674	19.184113	-119.345679	0.000000
4.144114	4.981170	3.132866	2.080353	-4.334068	18.117542	-65.954416	0.000000
4.160005	5.110324	3.049963	1.625503	-5.216987	-28.623084	-55.560932	0.000000
4.175993	5.197591	3.010693	1.091650	-2.456211	-33.390904	172.677979	0.000000
4.191978	5.242969	3.015056	0.567764	0.272964	-32.773552	170.733501	0.000000
4.208005	5.267404	3.058690	0.304918	2.722483	-16.400213	152.837035	0.000000
4.224000	5.281366	3.124139	0.174587	4.091894	-8.148208	85.614966	0.000000
4.240010	5.284857	3.198316	0.043606	4.633135	-8.181231	33.806431	0.000000
4.255952	5.319764	3.259402	0.437920	3.831798	24.734274	-50.265783	0.000000
4.271947	5.382595	3.294309	0.785644	2.182344	21.739538	-103.123130	0.000000
4.287949	5.494296	3.294309	1.396089	0.000000	38.148057	-136.379424	0.000000
4.303958	5.637413	3.255039	1.787957	-2.452989	24.477973	-153.225651	0.000000
4.319987	5.794493	3.193953	1.959943	-3.811000	10.729693	-84.722119	0.000000
4.335978	5.965535	3.111049	2.139232	-5.184362	11.211847	-85.883442	0.000000
4.351990	6.101671	3.032510	1.700421	-4.905060	-27.405130	17.443336	0.000000
4.367978	6.188938	2.997603	1.091650	-2.183299	-38.076757	170.237721	0.000000
4.383956	6.227335	3.010693	0.480626	0.819250	-38.241527	187.917674	0.000000
4.399983	6.237807	3.071779	0.130679	3.811476	-21.834856	186.699090	0.000000
4.416009	6.237807	3.154683	0.000000	5.173040	-8.154198	84.959700	0.000000
4.431965	6.255260	3.246312	0.218768	5.742654	13.710690	35.699040	0.000000
4.447998	0.013963	3.307399	-77.855640	3.810050	-4869.606940	-120.539163	0.000000
4.463931	0.104720	3.333579	1.139235	1.643127	4957.941057	-136.002181	0.000000
4.479944	0.254818	3.307399	1.874706	-1.634918	45.929631	-204.711458	0.000000
4.495942	0.443314	3.233222	2.356489	-4.636610	30.115221	-187.629241	0.000000
4.512088	0.666716	3.124139	2.767275	-6.756043	25.441990	-131.266759	0.000000
4.528103	0.844739	2.997603	2.223211	-7.901116	-33.972206	-71.499993	0.000000
4.543997	0.959931	2.914700	1.449500	-5.216002	-48.679437	168.938823	0.000000
4.559989	1.015782	2.884157	0.698481	-1.909909	-46.962145	206.734205	0.000000
4.576001	1.015782	2.910337	0.000000	1.635020	-43.622342	221.392002	0.000000
4.591949	0.984366	2.984513	-0.393980	4.651147	-24.704008	189.122595	0.000000
4.608005	0.932006	3.089233	-0.652216	6.522157	-16.083470	116.530275	0.000000
4.623992	0.890118	3.207043	-0.524025	7.369095	8.018463	52.976670	0.000000
4.640005	0.883137	3.298672	-0.087196	5.722212	27.279643	-102.846616	0.000000
4.655999	0.904081	3.346669	0.261898	3.000910	21.826511	-170.145199	0.000000
4.671931	0.987856	3.351032	1.051667	0.273872	49.571274	-171.167358	0.000000
4.687941	1.113520	3.316126	1.569815	-2.180299	32.364026	-153.289852	0.000000
4.703930	1.281072	3.246312	2.095836	-4.366325	32.898918	-136.720627	0.000000
4.719940	1.462586	3.150319	2.267511	-5.995822	10.722976	-101.779946	0.000000
4.735951	1.626647	3.045600	2.049353	-6.540488	-13.625501	-34.018250	0.000000
4.751968	1.727876	2.980150	1.264021	-4.086274	-49.031170	153.225594	0.000000
4.767971	1.769764	2.975786	0.523501	-0.272657	-46.273828	238.306392	0.000000
4.784147	1.773255	3.010693	0.043158	2.157924	-29.694741	150.258467	0.000000
4.799939	1.755801	3.080506	-0.221040	4.420793	-16.729873	143.292113	0.000000
4.815986	1.731367	3.163409	-0.304538	5.166270	-5.203363	46.455839	0.000000
4.832115	1.720895	3.250676	-0.129853	5.410532	10.830509	15.144225	0.000000
4.847990	1.745329	3.307399	0.307838	3.573115	27.571046	-115.742772	0.000000
4.863983	1.815142	3.324852	0.873047	1.091308	35.341023	-155.180815	0.000000
4.879934	1.926843	3.307399	1.400553	-1.094182	33.070404	-137.012723	0.000000
4.895921	2.076942	3.250676	1.877755	-3.548083	29.849379	-153.493535	0.000000
4.911986	2.261947	3.159046	2.303204	-5.703690	26.483030	-134.180361	0.000000
4.928030	2.446952	3.054326	2.306219	-6.527035	0.187900	-51.317937	0.000000
4.944086	2.572615	2.958333	1.565318	-5.978644	-46.144833	34.154914	0.000000
4.960104	2.638938	2.914700	0.828100	-2.724012	-46.024343	203.185891	0.000000
4.975995	2.652900	2.923426	0.175730	0.549157	-41.052778	205.976274	0.000000
4.992000	2.635447	2.980150	-0.218098	3.544093	-24.606566	187.125023	0.000000
5.007952	2.600541	3.058690	-0.437645	4.923509	-13.762992	86.472952	0.000000
5.023971	2.558653	3.145956	-0.522978	5.447685	-5.326955	32.722126	0.000000
5.039996	2.530727	3.241949	-0.348521	5.990210	10.886518	33.854903	0.000000
5.055991	2.534218	3.303036	0.043647	3.819101	24.518172	-135.736692	0.000000
5.071970	2.572615	3.333579	0.480596	1.911463	27.345232	-119.384101	0.000000
5.087969	2.649410	3.333579	0.959991	0.000000	29.964045	-119.473884	0.000000
5.103923	2.764602	3.298672	1.444048	-2.187952	30.340804	-137.141277	0.000000
5.119949	2.911209	3.228859	1.829623	-4.356244	24.059298	-135.298409	0.000000
5.135929	3.071779	3.145956	2.009641	-5.187931	11.265214	-52.045488	0.000000
5.151893	3.193953	3.063053	1.530607	-5.193131	-30.007124	-0.325710	0.000000
5.168005	3.270747	3.019420	0.953258	-2.708120	-35.833458	154.233531	0.000000
5.183900	3.312635	3.019420	0.527058	0.000000	-26.813507	170.375597	0.000000
5.199986	3.337070	3.049963	0.303800	1.898748	-13.879019	118.037306	0.000000
5.215977	3.347542	3.097959	0.130973	3.001473	-10.807725	68.959095	0.000000
5.231993	3.351032	3.154683	0.043590	3.541658	-5.456027	33.727860	0.000000
5.248065	3.371976	3.211406	0.260627	3.529318	13.504040	-0.767812	0.000000
5.263970	3.417355	3.237586	0.570620	1.646019	19.490317	-118.409223	0.000000
5.280104	3.497640	3.228859	0.995229	-0.540885	26.317665	-135.546355	0.000000
5.295922	3.595378	3.202679	1.235788	-1.655073	15.207882	-70.437928	0.000000
5.311984	3.714061	3.154683	1.477803	-2.988205	15.067602	-82.999174	0.000000
5.328087	3.811799	3.102323	1.213916	-3.251560	-16.387473	-16.354410	0.000000
5.344023	3.885103	3.071779	0.919978	-1.916620	-18.444912	83.768830	0.000000
5.360002	3.937463	3.071779	0.655359	0.000000	-16.560432	119.946201	0.000000
5.375986	3.972369	3.093596	0.436769	1.364903	-13.675522	85.391853	0.000000
5.391985	4.000295	3.128503	0.349088	2.181798	-5.480431	51.059100	0.000000
5.407990	4.024729	3.167773	0.305337	2.453603	-2.733550	16.982479	0.000000
5.423982	4.063126	3.193953	0.480206	1.637065	10.934745	-51.059142	0.000000
5.439989	4.125958	3.207043	0.785055	0.817765	19.044734	-51.183819	0.000000
5.455965	4.206243	3.198316	1.005072	-0.546235	13.771734	-85.378071	0.000000
5.471997	4.303982	3.172136	1.219292	-1.632980	13.362024	-67.786020	0.000000
5.487925	4.408702	3.141593	1.314914	-1.917583	6.003400	-17.868080	0.000000
5.503910	4.488987	3.102323	1.004506	-2.456672	-19.418706	-33.724704	0.000000
5.519977	4.558800	3.089233	0.869026	-0.814711	-8.432219	102.194617	0.000000
5.535973	4.604179	3.093596	0.567374	0.272776	-18.857948	67.984957	0.000000
5.551983	4.639085	3.124139	0.436060	1.907762	-8.202003	102.122775	0.000000
5.567994	4.670501	3.159046	0.392429	2.180163	-2.725032	17.013377	0.000000
5.583912	4.701917	3.198316	0.394722	2.467013	0.144035	18.020480	0.000000
5.599916	4.754277	3.220132	0.654335	1.363198	16.221748	-68.971196	0.000000
5.615977	4.834562	3.220132	0.999753	0.000000	21.506623	-84.876264	0.000000
5.631953	4.932300	3.207043	1.223566	-0.819352	14.009330	-51.286437	0.000000
5.648082	5.047492	3.167773	1.428380	-2.434739	12.698524	-100.154198	0.000000
5.663932	5.159193	3.128503	1.409477	-2.477597	-1.192622	-2.703947	0.000000
5.679960	5.256932	3.080506	1.219596	-2.994544	-11.846835	-32.252774	0.000000
5.695986	5.330236	3.063053	0.914811	-1.089061	-19.018151	118.899485	0.000000
5.711988	5.375614	3.071779	0.567161	0.545347	-21.725420	102.137750	0.000000
5.727991	5.403539	3.106686	0.349000	2.181253	-13.632488	102.224918	0.000000
5.743990	5.427974	3.154683	0.305452	2.999972	-2.721964	51.173171	0.000000
5.760067	5.455899	3.202679	0.347394	2.985417	2.608839	-0.905319	0.000000
5.775961	5.501278	3.241949	0.571015	2.470738	14.069521	-32.381995	0.000000
5.792010	5.574582	3.255039	0.913500	0.815625	21.339976	-103.128710	0.000000
5.807978	5.668829	3.246312	1.180458	-0.546508	16.718305	-85.303961	0.000000
5.823909	5.787512	3.215769	1.489955	-1.917222	19.427351	-86.040643	0.000000
5.839940	5.923647	3.167773	1.698405	-2.993984	13.002936	-67.167483	0.000000
5.855986	6.059783	3.111049	1.696818	-3.535037	-0.098946	-33.718871	0.000000
5.871905	6.178466	3.054326	1.491078	-3.563239	-12.924130	-1.771602	0.000000
5.887958	6.255260	3.028146	0.956762	-1.630844	-33.284535	120.375938	0.000000
5.903921	0.020944	3.036873	-78.109580	0.546680	-4953.100377	136.410674	0.000000
5.919918	0.045379	3.071779	0.305490	2.182071	4901.860937	102.231113	0.000000
5.935937	0.062832	3.128503	0.217907	3.540995	-5.467414	84.832037	0.000000
5.951933	0.076794	3.185226	0.174577	3.546087	-2.708854	0.318295	0.000000
5.967990	0.111701	3.237586	0.434783	3.260875	16.205196	-17.762414	0.000000
5.983949	0.171042	3.263766	0.743671	1.640450	19.355047	-101.536791	0.000000
5.999959	0.272271	3.259402	1.264573	-0.272537	32.536088	-119.487020	0.000000
6.015948	0.411898	3.215769	1.746530	-2.728953	30.143013	-153.631606	0.000000
6.031964	0.565487	3.150319	1.917944	-4.086529	10.702687	-84.763723	0.000000
6.048088	0.708604	3.076143	1.775205	-4.600378	-8.852616	-31.868580	0.000000
6.063931	0.809833	3.010693	1.277903	-4.131152	-31.389353	29.617215	0.000000
6.079980	0.869174	2.997603	0.739500	-0.815625	-33.547443	206.587771	0.000000
6.095969	0.893609	3.023783	0.305643	1.637372	-27.134747	153.417794	0.000000
6.111976	0.900590	3.080506	0.087228	3.543650	-13.644933	119.090262	0.000000
6.128037	0.900590	3.150319	0.000000	4.346751	-5.431063	50.003203	0.000000
6.143980	0.900590	3.224496	0.000000	4.652606	0.000000	19.184256	0.000000
6.160048	0.932006	3.272492	0.391037	2.987090	24.336394	-103.654233	0.000000
6.176047	0.998328	3.285582	0.829083	0.818174	27.379589	-135.565679	0.000000
6.191976	1.106539	3.272492	1.358659	-0.821770	33.246030	-102.953350	0.000000
6.207958	1.249656	3.220132	1.790977	-3.276178	27.050314	-153.573292	0.000000
6.223981	1.399754	3.150319	1.873536	-4.357060	5.152494	-67.458142	0.000000
6.239969	1.528908	3.071779	1.615641	-4.912423	-16.130501	-34.736239	0.000000
6.255977	1.619666	3.032510	1.133897	-2.453143	-30.093967	153.628195	0.000000
6.271916	1.672025	3.028146	0.657003	-0.273751	-29.919930	136.733253	0.000000
6.287921	1.692969	3.063053	0.261718	2.180980	-24.697638	153.372782	0.000000
6.303967	1.696460	3.124139	0.043508	3.806963	-13.598994	101.332588	0.000000
6.319969	1.696460	3.189589	0.000000	4.090104	-2.718919	17.694129	0.000000
6.335965	1.727876	3.250676	0.392797	3.818862	24.555969	-16.956847	0.000000
6.352040	1.783726	3.272492	0.694874	1.357177	18.791738	-153.137527	0.000000
6.367921	1.877974	3.272492	1.186925	0.000000	30.983598	-85.459147	0.000000
6.383912	2.007129	3.233222	1.615338	-2.455751	26.790894	-153.570797	0.000000
6.399949	2.160718	3.167773	1.915433	-4.081178	18.712637	-101.354810	0.000000
6.415970	2.317797	3.084869	1.960922	-5.174654	2.839333	-68.252717	0.000000
6.432072	2.436480	3.010693	1.474132	-4.606663	-30.231613	35.274571	0.000000
6.447963	2.502802	2.984513	0.834718	-1.647470	-40.237516	186.218223	0.000000
6.463911	2.534218	2.993240	0.393980	0.547194	-27.635967	137.613703	0.000000
6.479965	2.541199	3.036873	0.086973	2.717904	-19.123370	135.213047	0.000000
6.495969	2.530727	3.102323	-0.130867	4.089593	-13.611591	85.709136	0.000000
6.511963	2.520255	3.176499	-0.130949	4.637770	-0.005116	34.273912	0.000000
6.528081	2.523746	3.241949	0.043314	4.060668	10.811676	-35.804813	0.000000
6.544043	2.551671	3.285582	0.349897	2.733569	19.207058	-83.141137	0.000000
6.559947	2.614503	3.303036	0.790139	1.097415	27.681221	-102.876881	0.000000
6.575942	2.715732	3.289946	1.265759	-0.818379	29.735559	-119.774561	0.000000
6.591977	2.855359	3.241949	1.741520	-2.993237	29.670123	-135.631937	0.000000
6.607973	3.008948	3.167773	1.920342	-4.637190	11.179206	-102.772767	0.000000
6.623967	3.155555	3.089233	1.833283	-4.910580	-5.443233	-17.093277	0.000000
6.639938	3.253294	3.028146	1.223949	-3.824840	-38.152546	67.981950	0.000000
6.655968	3.319616	3.006330	0.827480	-1.360987	-24.732939	153.702660	0.000000
6.671914	3.351032	3.019420	0.394029	0.820894	-27.182424	136.829313	0.000000
6.687906	3.358013	3.067416	0.087310	3.001285	-19.179515	136.342652	0.000000
6.703896	3.358013	3.132866	0.000000	4.093174	-5.460295	68.285702	0.000000
6.719940	3.358013	3.202679	0.000000	4.351357	0.000000	16.092198	0.000000
6.735935	3.382448	3.255039	0.305528	3.273515	19.101475	-67.386157	0.000000
6.751907	3.441789	3.281219	0.743065	1.639115	27.394015	-102.329120	0.000000
6.767963	3.536037	3.268129	1.173988	-0.815270	26.838751	-152.863993	0.000000
6.783930	3.675663	3.220132	1.748936	-3.005984	36.008527	-137.202659	0.000000
6.799952	3.825762	3.150319	1.873653	-4.357332	7.784062	-84.343235	0.000000
6.815936	3.951425	3.071779	1.572369	-4.913652	-18.849098	-34.804828	0.000000
6.831955	4.035201	3.023783	1.045955	-2.996227	-32.861803	119.696956	0.000000
6.848045	4.091052	3.019420	0.694227	-0.271182	-21.860087	169.362606	0.000000
6.863903	4.115486	3.045600	0.308168	1.650898	-24.344751	121.205712	0.000000
6.879907	4.132940	3.093596	0.218112	2.999035	-5.627092	84.237503	0.000000
6.895905	4.143412	3.154683	0.130916	3.818385	-5.450404	51.215786	0.000000
6.911955	4.171337	3.198316	0.347978	2.718581	13.524135	-68.523592	0.000000
6.928035	4.213225	3.224496	0.520994	1.628106	10.759663	-67.815656	0.000000
6.943965	4.283038	3.228859	0.876499	0.273906	22.316730	-85.009392	0.000000
6.959937	4.377286	3.220132	1.180163	-0.546372	19.012223	-51.357224	0.000000
6.975906	4.485496	3.189589	1.355256	-1.912660	10.964584	-85.558777	0.000000
6.991954	4.593707	3.154683	1.348584	-2.175136	-0.415725	-16.355715	0.000000
7.007935	4.684464	3.115413	1.135813	-2.457287	-13.314037	-17.655412	0.000000
7.023950	4.761258	3.097959	0.959032	-1.089809	-11.038451	85.387337	0.000000
7.039940	4.817109	3.106686	0.698568	0.545756	-16.289161	102.286778	0.000000
7.055944	4.862487	3.132866	0.567090	1.635837	-8.215326	68.113017	0.000000
7.071951	4.900885	3.167773	0.479756	2.180708	-5.456024	34.039501	0.000000
7.087897	4.949754	3.202679	0.612934	2.189050	8.351827	0.523147	0.000000
7.103893	5.023058	3.220132	0.916527	1.091104	18.979314	-68.638788	0.000000
7.119956	5.117305	3.211406	1.173477	-0.543276	15.996370	-101.748104	0.000000
7.135949	5.229006	3.189589	1.396875	-1.364135	13.968477	-51.326146	0.000000
7.151960	5.354670	3.145956	1.569717	-2.725203	10.795242	-85.008313	0.000000
7.167885	5.469862	3.093596	1.446678	-3.287904	-7.726167	-35.334444	0.000000
7.183930	5.557128	3.067416	1.087771	-1.631657	-22.368745	103.225133	0.000000
7.199953	5.616470	3.063053	0.740700	-0.272316	-21.660816	84.836853	0.000000
7.216067	5.651376	3.093596	0.433245	1.895449	-19.079976	134.526811	0.000000
7.231932	5.675811	3.145956	0.308032	3.300339	-7.892455	88.552799	0.000000
7.247950	5.696755	3.207043	0.261505	3.813617	-2.904635	32.043855	0.000000
7.263893	5.749115	3.255039	0.656838	3.010510	24.796667	-50.373695	0.000000
7.279919	5.825909	3.272492	0.958374	1.089061	18.815380	-119.895703	0.000000
7.295932	5.937610	3.263766	1.395130	-0.544973	27.275097	-102.044193	0.000000
7.311944	6.084218	3.220132	1.831222	-2.725033	27.235351	-136.151673	0.000000
7.327942	6.248279	3.150319	2.051018	-4.363869	13.738964	-102.440020	0.000000
7.343944	0.115192	3.067416	-76.654006	-5.180799	-4918.449187	-51.051744	0.000000
7.359942	0.226893	3.006330	1.396438	-3.818385	4878.762570	85.161494	0.000000
7.375880	0.286234	2.988876	0.744650	-1.095074	-40.895188	170.869045	0.000000
7.391938	0.321141	3.015056	0.434756	1.630336	-19.298426	169.722904	0.000000
7.407947	0.335103	3.071779	0.174435	3.543207	-16.260948	119.487212	0.000000
7.423944	0.335103	3.145956	0.000000	4.636900	-10.904220	68.368648	0.000000
7.439885	0.345575	3.233222	0.131384	5.474341	8.241903	52.533737	0.000000
7.455935	0.383972	3.285582	0.478470	3.262298	21.625305	-137.821986	0.000000
7.471928	0.471239	3.303036	1.091308	1.091308	38.319134	-135.746229	0.000000
7.487889	0.603884	3.276856	1.662114	-1.640244	35.762544	-171.139183	0.000000
7.503879	0.760964	3.211406	1.964723	-4.093174	18.924901	-153.403965	0.000000
7.519881	0.932006	3.124139	2.137761	-5.453472	10.813508	-85.008034	0.000000
7.535903	1.075123	3.032510	1.786506	-5.718998	-21.923298	-16.572573	0.000000
7.551886	1.169371	2.984513	1.179350	-3.002975	-37.987595	169.931970	0.000000
7.567944	1.204277	2.984513	0.434756	0.000000	-46.369036	187.008053	0.000000
7.583943	1.211259	3.028146	0.087272	2.727247	-21.719133	170.463617	0.000000
7.599942	1.211259	3.097959	0.000000	4.363596	-5.454836	102.278170	0.000000
7.615997	1.204277	3.180863	-0.086968	5.163696	-5.416849	49.834952	0.000000
7.631924	1.204277	3.255039	0.000000	4.657280	5.460382	-31.796091	0.000000
7.648054	1.246165	3.294309	0.519379	2.434588	32.199555	-137.798601	0.000000
7.663889	1.326450	3.298672	1.014021	0.275549	31.237297	-136.346001	0.000000
7.679903	1.445133	3.276856	1.482233	-1.362346	29.237635	-102.278989	0.000000
7.695924	1.605703	3.220132	2.004498	-3.540553	32.598766	-135.959468	0.000000
7.711942	1.776745	3.132866	2.135626	-5.448025	8.186292	-119.083020	0.000000
7.727937	1.933825	3.041236	1.964109	-5.728652	-10.723136	-17.544666	0.000000
7.743915	2.031563	2.980150	1.223413	-3.823165	-46.357274	119.256930	0.000000
7.759941	2.080432	2.971423	0.609874	-0.544531	-38.283943	204.582183	0.000000
7.775945	2.083923	3.001966	0.043622	1.908477	-35.381896	153.274636	0.000000
7.791945	2.080432	3.067416	-0.043633	4.090615	-5.453472	136.383668	0.000000
7.807939	2.069960	3.137229	-0.130949	4.364960	-5.459270	17.152967	0.000000
7.823932	2.062979	3.207043	-0.087305	4.365233	2.728953	0.017066	0.000000
7.840047	2.083923	3.268129	0.259931	3.790662	21.547365	-35.654394	0.000000
7.855937	2.132792	3.294309	0.615094	1.647573	22.351345	-134.870303	0.000000
7.871914	2.223549	3.294309	1.136097	0.000000	32.609573	-103.121565	0.000000
7.887875	2.345723	3.259402	1.530895	-2.186992	24.735136	-137.021011	0.000000
7.903871	2.495821	3.193953	1.876698	-4.091638	21.618121	-119.070142	0.000000
7.919922	2.645919	3.119776	1.870267	-4.621300	-0.400639	-32.998697	0.000000
7.935928	2.768092	3.041236	1.526591	-4.906898	-21.471751	-17.843184	0.000000
7.951878	2.837905	3.010693	0.875400	-1.914938	-40.826983	187.583723	0.000000
7.967935	2.872812	3.015056	0.434783	0.271740	-27.440796	136.182206	0.000000
7.983920	2.879793	3.058690	0.087348	2.729636	-21.735067	153.762675	0.000000
7.999879	2.872812	3.128503	-0.087491	4.374533	-10.955512	103.070172	0.000000
8.015933	2.869321	3.202679	-0.043486	4.620437	2.741011	15.317303	0.000000
8.031891	2.890265	3.263766	0.262488	3.827956	19.173761	-49.660404	0.000000
8.047871	2.939134	3.294309	0.611630	1.911343	21.848646	-119.938240	0.000000
8.063869	3.029892	3.289946	1.134606	-0.272742	32.690090	-136.522368	0.000000
8.079923	3.159046	3.250676	1.608999	-2.446114	29.549853	-135.378836	0.000000
8.095917	3.312635	3.180863	1.920582	-4.364960	19.481256	-119.972888	0.000000
8.111873	3.480187	3.093596	2.100171	-5.469194	11.255213	-69.204952	0.000000
8.127888	3.598869	3.010693	1.482140	-5.176593	-38.590710	18.270436	0.000000
8.143874	3.675663	2.967060	0.960772	-2.729465	-32.614074	153.079440	0.000000
8.159876	3.707079	2.971423	0.392650	0.272674	-35.503172	187.610227	0.000000
8.175870	3.707079	3.015056	0.000000	2.728100	-24.549831	153.521720	0.000000
8.191840	3.703589	3.089233	-0.043715	4.644740	-2.737332	120.015011	0.000000
8.207870	3.682645	3.172136	-0.261309	5.171749	-13.574188	32.876449	0.000000
8.223867	3.682645	3.250676	0.000000	4.909659	16.334902	-16.383703	0.000000
8.239879	3.707079	3.289946	0.305204	2.452530	19.060937	-153.455485	0.000000
8.255879	3.776893	3.303036	0.872665	0.818123	35.466307	-102.150424	0.000000
8.271870	3.881612	3.276856	1.309734	-1.637167	27.332189	-153.542003	0.000000
8.287881	4.024729	3.220132	1.787733	-3.542764	29.854460	-119.018007	0.000000
8.303874	4.167846	3.145956	1.789745	-4.638060	0.125810	-68.485937	0.000000
8.319880	4.283038	3.071779	1.439357	-4.634293	-21.891080	0.235350	0.000000
8.335839	4.363323	3.041236	1.006143	-1.913858	-27.145455	170.463991	0.000000
8.351851	4.412192	3.045600	0.610407	0.272503	-24.714909	136.545182	0.000000
8.367982	4.436627	3.080506	0.302952	2.163944	-19.059899	117.255034	0.000000
8.383840	4.447099	3.137229	0.132072	3.576945	-10.775657	89.103365	0.000000
8.399846	4.454080	3.198316	0.087234	3.816477	-2.801330	14.965083	0.000000
8.415882	4.488987	3.250676	0.435353	3.265146	21.708594	-34.380818	0.000000
8.432040	4.558800	3.268129	0.864131	1.080164	26.536611	-135.225994	0.000000
8.447934	4.670501	3.255039	1.405575	-0.823579	34.065937	-119.777492	0.000000
8.463876	4.803146	3.211406	1.664095	-2.736999	16.216271	-120.023791	0.000000
8.479905	4.960226	3.141593	1.959943	-4.355429	18.457039	-100.968890	0.000000
8.495910	5.103343	3.063053	1.788404	-4.907205	-10.717863	-34.475233	0.000000
8.512034	5.208062	2.993240	1.298930	-4.329767	-30.356821	35.812304	0.000000
8.527913	5.267404	2.975786	0.747417	-1.099143	-34.732222	203.452634	0.000000
8.543874	5.284857	3.006330	0.218699	1.913618	-33.125621	188.757682	0.000000
8.560049	5.281366	3.067416	-0.043161	3.776601	-16.189205	115.176683	0.000000
8.576031	5.274385	3.150319	-0.087365	5.187282	-2.765836	88.266847	0.000000
8.591941	5.263913	3.233222	-0.131640	5.210757	-2.782867	1.475475	0.000000
8.607892	5.274385	3.303036	0.131302	4.376727	16.484357	-52.286996	0.000000
8.623902	5.330236	3.337942	0.697696	2.180299	35.377504	-137.191004	0.000000
8.639939	5.434955	3.337942	1.305977	0.000000	37.929864	-135.954286	0.000000
8.655943	5.588544	3.298672	1.919382	-2.453756	38.328259	-153.321409	0.000000
8.671869	5.780530	3.215769	2.410978	-5.205522	30.867523	-172.784499	0.000000
8.687872	5.982989	3.106686	2.530253	-6.816414	7.453259	-100.661911	0.000000
8.703872	6.133087	2.988876	1.876229	-7.363108	-40.876503	-34.168342	0.000000
8.719925	6.230825	2.927790	1.217697	-3.805303	-41.022369	221.628674	0.000000
8.735914	6.265732	2.919063	0.436632	-0.545791	-48.850107	203.859657	0.000000
8.751939	6.258751	2.971423	-0.087130	3.267387	-32.684107	237.951805	0.000000
8.767930	6.227335	3.058690	-0.392920	5.457224	-19.122618	136.941814	0.000000
8.784034	6.192428	3.167773	-0.433514	6.773664	-2.520763	81.746149	0.000000
8.799928	6.185447	3.272492	-0.087848	6.588634	21.748208	-11.641448	0.000000
8.815877	6.199410	3.342306	0.175091	4.377276	16.486268	-138.651872	0.000000
8.831857	6.265732	3.372849	0.830069	1.911343	40.987356	-154.313683	0.000000
8.847925	0.108210	3.355395	-76.643286	-1.086214	-4821.592919	-186.554482	0.000000
8.863922	0.296706	3.289946	2.356636	-4.091383	4938.421104	-187.858236	0.000000
8.879858	0.509636	3.180863	2.672316	-6.845073	19.809238	-172.796819	0.000000
8.895924	0.719076	3.045600	2.607239	-8.419209	-4.050626	-97.979375	0.000000
8.911901	0.855211	2.927790	1.704146	-7.373707	-56.524585	65.437932	0.000000
8.927923	0.932006	2.871067	0.958613	-3.540332	-46.531815	239.256984	0.000000
8.943926	0.942478	2.871067	0.130875	0.000000	-51.723917	221.229275	0.000000
8.959926	0.911062	2.923426	-0.392699	3.272492	-32.723390	204.530772	0.000000
8.976001	0.837758	3.023783	-0.912023	6.243013	-32.306294	184.791324	0.000000
8.991944	0.753982	3.150319	-1.050942	7.936798	-8.713465	106.240051	0.000000
9.007906	0.694641	3.285582	-0.743531	8.474064	19.258909	33.659094	0.000000
9.023894	0.684169	3.372849	-0.130998	5.458248	38.312039	-188.630027	0.000000
9.039929	0.715585	3.420845	0.391842	2.993237	32.606166	-153.726888	0.000000
9.055934	0.809833	3.420845	1.177729	0.000000	49.102610	-187.018866	0.000000
9.071935	0.959931	3.364122	1.876112	-3.544978	43.646177	-221.547308	0.000000
9.087858	1.123992	3.281219	2.060679	-5.206503	11.591233	-104.347424	0.000000
9.103861	1.260128	3.198316	1.701377	-5.180475	-22.452157	1.626422	0.000000
9.119907	1.368338	3.150319	1.348753	-2.991185	-21.975851	136.438357	0.000000
9.135915	1.445133	3.145956	0.959451	-0.272571	-24.319162	169.828435	0.000000
9.151937	1.507964	3.159046	0.784320	0.817000	-10.930698	68.004689	0.000000
9.167930	1.549852	3.193953	0.523828	2.182616	-16.287862	85.388404	0.000000
9.183881	1.574287	3.246312	0.306371	3.282545	-13.632817	68.956723	0.000000
9.199898	1.591740	3.307399	0.217935	3.813856	-5.521401	33.171654	0.000000
9.215908	1.602212	3.377212	0.130818	4.360598	-5.441391	34.150046	0.000000
9.231934	1.609194	3.455752	0.087125	4.900775	-2.726385	33.706290	0.000000
9.248045	1.609194	3.547382	0.000000	5.687405	-5.407789	48.825676	0.000000
9.263859	1.609194	3.647738	0.000000	6.346050	0.000000	41.649462	0.000000
9.279901	1.605703	3.756821	-0.043519	6.799843	-2.712816	28.287805	0.000000
9.295926	1.605703	3.870268	0.000000	7.079339	2.715694	17.441237	0.000000
9.311879	1.605703	3.996804	0.000000	7.931823	0.000000	53.437240	0.000000
9.328037	1.605703	4.136430	0.000000	8.641313	0.000000	43.909543	0.000000
9.343932	1.605703	4.284783	0.000000	9.333312	0.000000	43.535591	0.000000
9.360044	1.612684	4.450590	0.086660	10.290856	5.378590	59.430544	0.000000
9.375879	1.619666	4.629486	0.088176	11.297521	0.095733	63.572136	0.000000
9.391891	1.633628	4.825835	0.174402	12.262649	5.385108	60.275300	0.000000
9.408027	1.651081	5.035275	0.216327	12.979642	2.598243	44.434377	0.000000
9.423933	1.668535	5.266531	0.219455	14.538924	0.196661	98.031033	0.000000
9.439931	1.685988	5.506514	0.218193	15.000798	-0.078887	28.870753	0.000000
9.455924	1.703441	5.763950	0.218262	16.096796	0.004265	68.529859	0.000000
9.471925	1.713913	6.021386	0.130892	16.088748	-5.460292	-0.502962	0.000000
9.487891	1.713913	6.274459	0.000000	15.850729	-8.198141	-14.907889	0.000000
9.503881	1.706932	0.239983	-0.087321	-377.390612	-5.460978	-24592.954429	0.000000
9.519894	1.685988	0.471239	-0.261587	14.441774	-10.882771	24469.642547	0.000000
9.535918	1.658063	0.685042	-0.348543	13.342663	-5.426622	-68.591540	0.000000
9.551857	1.630138	0.890118	-0.350402	12.866315	-0.116615	-29.885725	0.000000
9.567849	1.602212	1.082104	-0.349240	12.005141	0.072617	-53.850259	0.000000
9.583896	1.581268	1.256637	-0.261033	10.876359	5.496845	-70.342286	0.000000
9.599915	1.560324	1.418080	-0.261489	10.078217	-0.028483	-49.824687	0.000000
9.615845	1.546362	1.562070	-0.175300	9.038899	5.410484	-65.242794	0.000000
9.632020	1.539380	1.688606	-0.086322	7.822960	5.500930	-75.174008	0.000000
9.647999	1.535890	1.797689	-0.043691	6.826652	2.667985	-62.351035	0.000000
9.663899	1.535890	1.889319	0.000000	5.762880	2.747835	-66.903948	0.000000
9.679865	1.535890	1.963495	0.000000	4.645903	0.000000	-69.959679	0.000000
9.696040	1.546362	2.020219	0.129483	3.506844	8.005160	-70.420985	0.000000
9.711921	1.556834	2.059489	0.131881	2.472760	0.150941	-65.114509	0.000000
9.728035	1.567306	2.081305	0.129974	1.353892	-0.118340	-69.434555	0.000000
9.743996	1.577778	2.090032	0.131220	0.546748	0.078060	-50.569758	0.000000
9.760001	1.588250	2.081305	0.130859	-0.545245	-0.022539	-68.228247	0.000000
9.775897	1.598722	2.063852	0.131756	-1.097968	0.056449	-34.771173	0.000000
9.791886	1.602212	2.028945	0.043663	-2.183162	-5.509592	-67.871344	0.000000
9.807913	1.605703	1.976585	0.043560	-3.266979	-0.006459	-67.624436	0.000000
9.823917	1.609194	1.915499	0.043622	-3.816954	0.003912	-34.364795	0.000000
9.839918	1.609194	1.836959	0.000000	-4.908432	-2.726225	-68.213127	0.000000
9.856007	1.609194	1.740966	0.000000	-5.966381	0.000000	-65.756080	0.000000
9.871921	1.605703	1.627520	-0.043869	-7.128717	-2.756631	-73.038559	0.000000
9.887850	1.595231	1.500983	-0.131483	-7.943774	-5.500290	-51.168104	0.000000
9.903864	1.584759	1.356993	-0.130785	-8.991486	0.043580	-65.424799	0.000000
9.919901	1.577778	1.195551	-0.087065	-10.066905	2.726204	-67.058590	0.000000
9.935898	1.563815	1.021018	-0.174566	-10.910354	-5.469809	-52.725417	0.000000
9.951864	1.553343	0.829031	-0.131178	-12.024691	2.717475	-69.794411	0.000000
9.967861	1.542871	0.628319	-0.130924	-12.546907	0.015891	-32.644588	0.000000
9.983855	1.535890	0.418879	-0.087299	-13.094880	2.727588	-34.261187	0.000000
9.999896	1.535890	0.209440	0.000000	-13.056512	5.442254	2.391864	0.000000
10.015918	1.535890	0.000000	0.000000	-13.071995	0.000000	-0.966379	0.000000
10.031906	1.539380	6.073746	0.043666	379.894033	2.731172	24578.810873	0.000000
10.048008	1.553343	5.877396	0.173427	-12.194109	8.058710	-24350.275847	0.000000
10.063910	1.570796	5.694137	0.219511	-11.524310	2.897958	42.120441	0.000000
10.079896	1.591740	5.519604	0.262029	-10.917861	2.659702	37.936235	0.000000
10.095915	1.609194	5.362524	0.217907	-9.805833	-2.754309	69.419336	0.000000
10.111919	1.626647	5.214171	0.218112	-9.269744	0.012762	33.497151	0.000000
10.127915	1.640609	5.083271	0.174577	-8.183277	-2.721622	67.921201	0.000000
10.143919	1.651081	4.965462	0.130867	-7.361267	-2.731167	51.362736	0.000000
10.159916	1.658063	4.860742	0.087283	-6.546212	-2.724520	50.950513	0.000000
10.175849	1.658063	4.777839	0.000000	-5.203235	-5.478116	84.289045	0.000000
10.191873	1.658063	4.712389	0.000000	-4.084489	0.000000	69.816903	0.000000
10.207912	1.658063	4.660029	0.000000	-3.264535	0.000000	51.122493	0.000000
10.223896	1.654572	4.629486	-0.043677	-1.910865	-2.732539	84.689083	0.000000
10.239893	1.651081	4.612033	-0.043641	-1.091035	0.002219	51.248946	0.000000
10.255919	1.644100	4.616396	-0.087125	0.272265	-2.713308	85.068053	0.000000
10.271932	1.640609	4.633849	-0.043598	1.089945	2.718234	51.063507	0.000000
10.287900	1.633628	4.668756	-0.087441	2.186034	-2.745713	68.642813	0.000000
10.303851	1.626647	4.721116	-0.087535	3.282545	-0.005842	68.742493	0.000000
10.319888	1.623156	4.790929	-0.043533	4.353256	2.743778	66.765049	0.000000
