1596827316.564150  2.200000  50.000000
1596827316.580179  2.200000  50.000000
1596827316.596172  2.000000  49.750000
1596827316.612269  2.000000  49.250000
1596827316.628136  1.600000  48.000000
1596827316.644191  1.200000  45.500000
1596827316.660227  0.600000  42.500000
1596827316.676138  0.200000  39.000000
1596827316.692182  -0.400000  34.750000
1596827316.708180  -0.800000  29.750000
1596827316.724227  -1.400000  24.500000
1596827316.739929  -2.000000  18.750000
1596827316.756388  -2.600000  12.750000
1596827316.772098  -3.200000  6.500000
1596827316.788130  -3.600000  0.250000
1596827316.804043  -3.800000  -5.750000
1596827316.819980  -3.800000  -11.500000
1596827316.836298  -3.800000  -17.000000
1596827316.852000  -3.600000  -22.000000
1596827316.868127  -3.200000  -26.500000
1596827316.884063  -2.800000  -30.500000
1596827316.900254  -2.400000  -34.000000
1596827316.916301  -2.000000  -37.000000
1596827316.932193  -1.600000  -39.250000
1596827316.948137  -1.200000  -41.000000
1596827316.964039  -0.800000  -42.000000
1596827316.980441  -0.400000  -42.500000
1596827316.996131  0.000000  -42.000000
1596827317.012055  0.400000  -41.500000
1596827317.028088  1.000000  -39.750000
1596827317.044177  1.400000  -37.750000
1596827317.060040  1.800000  -35.000000
1596827317.076181  2.200000  -31.500000
1596827317.092140  2.600000  -27.750000
1596827317.108182  3.000000  -23.500000
1596827317.123964  3.400000  -19.000000
1596827317.139989  3.600000  -14.000000
1596827317.156149  4.000000  -9.000000
1596827317.171981  4.000000  -3.750000
1596827317.188220  4.000000  1.250000
1596827317.204140  4.000000  6.250000
1596827317.220145  4.000000  11.000000
1596827317.236123  3.800000  15.500000
1596827317.252215  3.400000  19.500000
1596827317.268045  3.000000  23.250000
1596827317.284153  2.800000  26.500000
1596827317.300119  2.400000  29.500000
1596827317.316390  2.000000  31.750000
1596827317.332231  1.600000  33.750000
1596827317.347979  1.200000  35.000000
1596827317.364044  0.800000  35.750000
1596827317.380133  0.400000  36.000000
1596827317.396137  0.000000  35.500000
1596827317.412200  -0.400000  34.750000
1596827317.428187  -0.800000  33.250000
1596827317.444090  -1.200000  31.250000
1596827317.460128  -1.600000  28.750000
1596827317.476160  -1.800000  25.750000
1596827317.492047  -2.400000  22.500000
1596827317.508216  -2.800000  18.500000
1596827317.524123  -3.000000  14.500000
1596827317.540156  -3.400000  10.250000
1596827317.556105  -3.600000  6.000000
1596827317.572177  -3.800000  1.750000
1596827317.588112  -3.800000  -2.500000
1596827317.604266  -3.800000  -6.750000
1596827317.620216  -3.800000  -10.750000
1596827317.636175  -3.600000  -14.500000
1596827317.652155  -3.200000  -17.750000
1596827317.668166  -2.800000  -20.750000
1596827317.684169  -2.600000  -23.500000
1596827317.700204  -2.400000  -25.750000
1596827317.716146  -2.200000  -27.500000
1596827317.732053  -2.000000  -29.000000
1596827317.748044  -1.800000  -30.000000
1596827317.764121  -1.600000  -30.500000
1596827317.780166  -1.400000  -30.250000
1596827317.796159  -1.400000  -29.750000
1596827317.812114  -1.200000  -29.000000
1596827317.828014  -1.000000  -27.750000
1596827317.844138  -1.000000  -25.750000
1596827317.860166  -0.800000  -23.500000
1596827317.875948  -0.800000  -20.750000
1596827317.892074  -0.600000  -17.750000
1596827317.908150  -0.600000  -14.500000
1596827317.924194  -0.600000  -11.250000
1596827317.940113  -0.600000  -7.500000
1596827317.956176  -0.600000  -3.750000
1596827317.972075  -0.600000  0.000000
1596827317.988162  -0.600000  3.750000
1596827318.004214  -0.600000  7.500000
1596827318.020184  -0.800000  10.750000
1596827318.036051  -1.200000  14.000000
1596827318.052091  -1.400000  16.750000
1596827318.068096  -1.600000  19.500000
1596827318.084419  -1.800000  21.750000
1596827318.100170  -2.200000  23.750000
1596827318.116113  -2.400000  25.250000
1596827318.132177  -2.600000  26.500000
1596827318.148188  -2.800000  27.250000
1596827318.163965  -2.800000  27.500000
1596827318.180080  -3.000000  27.000000
1596827318.196079  -3.200000  26.500000
1596827318.212135  -3.400000  25.750000
1596827318.228137  -3.600000  24.250000
1596827318.244086  -3.600000  22.500000
1596827318.260089  -3.800000  20.250000
1596827318.276142  -3.800000  17.750000
1596827318.292138  -4.000000  15.000000
1596827318.308246  -4.000000  12.000000
1596827318.324197  -4.000000  8.750000
1596827318.340132  -4.000000  5.500000
1596827318.356095  -4.000000  2.250000
1596827318.372106  -4.000000  -1.250000
1596827318.388083  -4.000000  -4.500000
1596827318.404181  -4.000000  -7.750000
1596827318.420321  -3.800000  -10.750000
1596827318.436196  -3.600000  -13.500000
1596827318.452099  -3.400000  -16.000000
1596827318.468096  -3.000000  -18.250000
1596827318.484015  -2.800000  -20.000000
1596827318.500209  -2.600000  -21.500000
1596827318.516010  -2.400000  -22.750000
1596827318.532075  -2.400000  -23.750000
1596827318.548183  -2.200000  -24.250000
1596827318.564100  -2.200000  -24.250000
1596827318.580056  -2.200000  -24.000000
1596827318.596139  -2.200000  -23.500000
1596827318.612058  -2.200000  -22.500000
1596827318.628067  -2.200000  -21.250000
1596827318.643963  -2.200000  -19.500000
1596827318.660111  -2.200000  -17.500000
1596827318.676085  -2.200000  -15.000000
1596827318.692248  -2.200000  -12.500000
1596827318.708081  -2.200000  -9.750000
1596827318.724062  -2.200000  -6.750000
1596827318.740059  -2.200000  -3.750000
1596827318.756191  -2.200000  -0.500000
1596827318.772116  -2.200000  2.500000
1596827318.788211  -2.200000  5.500000
1596827318.804245  -2.400000  8.250000
1596827318.820101  -2.600000  11.000000
1596827318.836045  -3.000000  13.250000
1596827318.852209  -3.200000  15.500000
1596827318.868098  -3.400000  17.250000
1596827318.884091  -3.600000  19.000000
1596827318.900224  -3.600000  20.250000
1596827318.916116  -3.800000  21.250000
1596827318.932217  -4.000000  22.000000
1596827318.948097  -4.000000  22.250000
1596827318.964355  -4.200000  22.000000
1596827318.980118  -4.200000  21.500000
1596827318.996162  -4.200000  21.000000
1596827319.012186  -4.200000  20.000000
1596827319.028145  -4.200000  18.500000
1596827319.044156  -4.200000  17.000000
1596827319.060122  -4.200000  15.000000
1596827319.076122  -4.200000  12.750000
1596827319.092180  -4.200000  10.500000
1596827319.108090  -4.200000  7.750000
1596827319.124128  -4.200000  5.000000
1596827319.140143  -4.200000  2.500000
1596827319.156165  -4.200000  -0.500000
1596827319.172133  -4.200000  -3.250000
1596827319.188096  -4.200000  -6.000000
1596827319.204216  -4.200000  -8.500000
1596827319.220184  -4.200000  -10.750000
1596827319.236108  -4.000000  -13.000000
1596827319.252144  -3.600000  -14.750000
1596827319.267969  -3.400000  -16.250000
1596827319.284126  -3.200000  -17.500000
1596827319.300015  -3.000000  -18.500000
1596827319.316259  -2.800000  -19.500000
1596827319.332057  -2.800000  -20.000000
1596827319.348079  -2.800000  -20.000000
1596827319.363968  -2.800000  -19.750000
1596827319.379980  -2.800000  -19.250000
1596827319.396135  -2.800000  -18.750000
1596827319.412033  -2.800000  -17.750000
1596827319.428101  -2.800000  -16.250000
1596827319.443987  -2.800000  -14.750000
1596827319.460123  -2.800000  -12.750000
1596827319.476050  -2.800000  -10.750000
1596827319.492102  -2.800000  -8.500000
1596827319.507962  -2.800000  -6.000000
1596827319.524172  -2.800000  -3.500000
1596827319.540061  -2.800000  -1.000000
1596827319.556176  -2.800000  1.500000
1596827319.572125  -2.800000  4.000000
1596827319.588087  -3.000000  6.500000
1596827319.604033  -3.000000  8.750000
1596827319.620050  -3.200000  10.750000
1596827319.636090  -3.400000  12.500000
1596827319.652139  -3.800000  14.000000
1596827319.668226  -4.000000  15.250000
1596827319.684014  -4.200000  16.500000
1596827319.700103  -4.200000  17.250000
1596827319.716044  -4.400000  17.750000
1596827319.732208  -4.400000  18.250000
1596827319.748170  -4.400000  18.250000
1596827319.764111  -4.400000  17.750000
1596827319.780155  -4.400000  17.250000
1596827319.796180  -4.400000  16.500000
1596827319.812134  -4.400000  15.500000
1596827319.828104  -4.400000  14.000000
1596827319.844256  -4.400000  12.500000
1596827319.860161  -4.400000  10.750000
1596827319.876102  -4.400000  8.750000
1596827319.892200  -4.400000  6.750000
1596827319.908092  -4.400000  4.500000
1596827319.924140  -4.400000  2.250000
1596827319.940030  -4.400000  0.000000
1596827319.956153  -4.400000  -2.500000
1596827319.972091  -4.400000  -4.500000
1596827319.988152  -4.400000  -6.750000
1596827320.004130  -4.400000  -8.750000
1596827320.020052  -4.200000  -10.500000
1596827320.036140  -4.000000  -12.000000
1596827320.052206  -3.800000  -13.500000
1596827320.068032  -3.600000  -14.500000
1596827320.084083  -3.400000  -15.250000
1596827320.100121  -3.200000  -15.750000
1596827320.116172  -3.200000  -16.250000
1596827320.132203  -3.200000  -16.500000
1596827320.148081  -3.000000  -16.250000
1596827320.164007  -3.000000  -15.750000
1596827320.180114  -3.000000  -15.250000
1596827320.196111  -3.000000  -14.500000
1596827320.212098  -3.000000  -13.500000
1596827320.228150  -3.000000  -12.000000
1596827320.244048  -3.000000  -10.500000
1596827320.260151  -3.000000  -8.750000
1596827320.276053  -3.000000  -7.000000
1596827320.292081  -3.000000  -5.000000
1596827320.308050  -3.200000  -3.000000
1596827320.324202  -3.200000  -0.750000
1596827320.340113  -3.200000  1.250000
1596827320.356162  -3.200000  3.250000
1596827320.372179  -3.200000  5.250000
1596827320.388155  -3.200000  7.000000
1596827320.404144  -3.400000  8.750000
1596827320.420180  -3.600000  10.000000
1596827320.436115  -4.000000  11.250000
1596827320.452181  -4.200000  12.250000
1596827320.468111  -4.400000  13.250000
1596827320.484070  -4.400000  13.750000
1596827320.500169  -4.400000  14.250000
1596827320.516120  -4.400000  14.750000
1596827320.532169  -4.400000  14.750000
1596827320.548099  -4.400000  14.500000
1596827320.564122  -4.400000  14.000000
1596827320.580150  -4.400000  13.500000
1596827320.596074  -4.400000  12.500000
1596827320.612093  -4.400000  11.500000
1596827320.628078  -4.400000  10.250000
1596827320.643990  -4.400000  8.750000
1596827320.660134  -4.400000  7.250000
1596827320.676182  -4.400000  5.500000
1596827320.692175  -4.400000  3.750000
1596827320.708204  -4.400000  1.750000
1596827320.724102  -4.400000  0.000000
1596827320.740151  -4.400000  -2.000000
1596827320.756153  -4.400000  -3.750000
1596827320.772105  -4.400000  -5.500000
1596827320.788219  -4.400000  -7.000000
1596827320.804211  -4.200000  -8.250000
1596827320.820150  -4.200000  -9.500000
1596827320.836187  -4.000000  -10.750000
1596827320.852137  -3.800000  -11.500000
1596827320.868144  -3.600000  -12.000000
1596827320.884128  -3.400000  -12.500000
1596827320.900121  -3.400000  -13.000000
1596827320.916108  -3.400000  -13.000000
1596827320.931975  -3.400000  -13.000000
1596827320.947990  -3.400000  -12.500000
1596827320.964141  -3.400000  -12.000000
1596827320.980112  -3.400000  -11.500000
1596827320.996119  -3.400000  -10.750000
1596827321.012100  -3.400000  -9.500000
1596827321.028014  -3.400000  -8.500000
1596827321.044062  -3.400000  -7.000000
1596827321.060213  -3.400000  -5.500000
1596827321.076124  -3.400000  -4.000000
1596827321.092009  -3.400000  -2.500000
1596827321.108105  -3.400000  -0.750000
1596827321.124073  -3.400000  1.000000
1596827321.140208  -3.400000  2.500000
1596827321.156086  -3.400000  4.250000
1596827321.172335  -3.600000  5.500000
1596827321.188091  -3.600000  7.000000
1596827321.204139  -3.800000  8.000000
1596827321.220052  -4.000000  9.000000
1596827321.236178  -4.400000  9.750000
1596827321.252048  -4.400000  10.500000
1596827321.268307  -4.400000  11.000000
1596827321.284116  -4.400000  11.500000
1596827321.300050  -4.400000  11.750000
1596827321.316126  -4.400000  11.750000
1596827321.332093  -4.400000  11.500000
1596827321.348121  -4.400000  11.000000
1596827321.364138  -4.400000  10.500000
1596827321.379991  -4.400000  10.000000
1596827321.396182  -4.400000  9.000000
1596827321.412064  -4.400000  8.000000
1596827321.428169  -4.400000  7.000000
1596827321.444177  -4.400000  5.500000
1596827321.460010  -4.400000  4.250000
1596827321.476219  -4.400000  2.750000
1596827321.492043  -4.400000  1.500000
1596827321.508142  -4.400000  0.000000
1596827321.524117  -4.400000  -1.500000
1596827321.540164  -4.400000  -3.000000
1596827321.556213  -4.400000  -4.250000
1596827321.572251  -4.400000  -5.500000
1596827321.588129  -4.400000  -6.750000
1596827321.604116  -4.400000  -7.500000
1596827321.620196  -4.200000  -8.500000
1596827321.636129  -4.000000  -9.250000
1596827321.652164  -3.800000  -9.750000
1596827321.667957  -3.600000  -10.000000
1596827321.684182  -3.600000  -10.000000
1596827321.700196  -3.400000  -10.000000
1596827321.716127  -3.400000  -10.000000
1596827321.732131  -3.400000  -9.750000
1596827321.748175  -3.400000  -9.250000
1596827321.764093  -3.400000  -8.750000
1596827321.780125  -3.400000  -8.250000
1596827321.796099  -3.400000  -7.250000
1596827321.812069  -3.400000  -6.500000
1596827321.828179  -3.400000  -5.250000
1596827321.844160  -3.400000  -4.250000
1596827321.860100  -3.400000  -3.000000
1596827321.876038  -3.400000  -1.750000
1596827321.892170  -3.400000  -0.500000
1596827321.908293  -3.400000  0.750000
1596827321.924191  -3.600000  2.000000
1596827321.940028  -3.600000  3.250000
1596827321.956039  -3.600000  4.250000
1596827321.972002  -3.800000  5.250000
1596827321.988195  -4.000000  6.250000
1596827322.003992  -4.200000  7.000000
1596827322.020294  -4.400000  7.500000
1596827322.036127  -4.400000  8.000000
1596827322.052098  -4.400000  8.500000
1596827322.068189  -4.400000  8.750000
1596827322.083960  -4.400000  8.750000
1596827322.100218  -4.400000  8.750000
1596827322.115944  -4.400000  8.500000
1596827322.132119  -4.400000  8.250000
1596827322.148050  -4.400000  7.750000
1596827322.164079  -4.400000  7.250000
1596827322.180132  -4.400000  6.750000
1596827322.196126  -4.400000  6.000000
1596827322.212098  -4.400000  5.250000
1596827322.228065  -4.400000  4.250000
1596827322.244136  -4.400000  3.250000
1596827322.260212  -4.400000  2.250000
1596827322.276082  -4.400000  1.000000
1596827322.292200  -4.400000  0.000000
1596827322.308169  -4.400000  -1.250000
1596827322.324158  -4.400000  -2.250000
1596827322.340074  -4.400000  -3.250000
1596827322.356196  -4.400000  -4.250000
1596827322.372073  -4.400000  -5.000000
1596827322.388181  -4.400000  -5.750000
1596827322.404181  -4.400000  -6.500000
1596827322.420227  -4.200000  -7.000000
1596827322.436341  -4.200000  -7.500000
1596827322.452057  -4.000000  -7.500000
1596827322.468252  -3.800000  -7.500000
1596827322.484013  -3.600000  -7.500000
1596827322.500083  -3.600000  -7.250000
1596827322.516231  -3.600000  -7.000000
1596827322.532103  -3.600000  -6.500000
1596827322.548047  -3.600000  -6.250000
1596827322.564245  -3.600000  -5.750000
1596827322.580189  -3.600000  -5.250000
1596827322.596101  -3.800000  -4.750000
1596827322.612113  -4.000000  -4.250000
1596827322.628071  -4.000000  -3.500000
1596827322.644097  -4.000000  -2.500000
1596827322.660203  -4.000000  -1.500000
1596827322.676177  -4.000000  -0.500000
1596827322.692099  -4.000000  0.500000
1596827322.708168  -4.000000  1.250000
1596827322.724240  -4.000000  2.250000
1596827322.740199  -4.200000  3.000000
1596827322.756255  -4.200000  3.750000
1596827322.772197  -4.200000  4.500000
1596827322.788171  -4.400000  5.000000
1596827322.804226  -4.400000  5.750000
1596827322.820085  -4.400000  6.250000
1596827322.836142  -4.400000  6.500000
1596827322.852022  -4.400000  6.750000
1596827322.868216  -4.400000  6.750000
1596827322.884130  -4.400000  6.750000
1596827322.900175  -4.400000  6.500000
1596827322.916113  -4.400000  6.250000
1596827322.932141  -4.400000  6.000000
1596827322.948189  -4.400000  5.500000
1596827322.964166  -4.400000  5.000000
1596827322.980169  -4.400000  4.500000
1596827322.996203  -4.400000  4.000000
1596827323.012310  -4.400000  3.250000
1596827323.028082  -4.400000  2.500000
1596827323.044106  -4.400000  1.750000
1596827323.060076  -4.400000  0.750000
1596827323.076189  -4.400000  0.000000
1596827323.092113  -4.400000  -0.750000
1596827323.108102  -4.400000  -1.500000
1596827323.124296  -4.400000  -2.500000
1596827323.140150  -4.400000  -3.250000
1596827323.155991  -4.400000  -3.750000
1596827323.172118  -4.400000  -4.500000
1596827323.188223  -4.400000  -5.000000
1596827323.204100  -4.400000  -5.500000
1596827323.220184  -4.400000  -5.500000
1596827323.236202  -4.200000  -5.750000
1596827323.252293  -4.200000  -5.750000
1596827323.268183  -4.000000  -5.750000
1596827323.284192  -4.000000  -5.500000
1596827323.300040  -3.800000  -5.250000
1596827323.316135  -3.800000  -4.750000
1596827323.332038  -3.600000  -4.250000
1596827323.348137  -3.600000  -4.000000
1596827323.364459  -3.600000  -3.500000
1596827323.380183  -3.600000  -3.000000
1596827323.396153  -3.600000  -2.500000
1596827323.412212  -3.600000  -2.000000
1596827323.428166  -3.600000  -1.250000
1596827323.444355  -3.600000  -0.750000
1596827323.460090  -3.600000  0.000000
1596827323.476076  -3.600000  0.500000
1596827323.492137  -3.600000  1.250000
1596827323.508225  -3.600000  1.750000
1596827323.524101  -3.800000  2.500000
1596827323.540295  -3.800000  3.000000
1596827323.556077  -4.000000  3.500000
1596827323.572282  -4.000000  3.750000
1596827323.588052  -4.200000  4.000000
1596827323.604157  -4.200000  4.000000
1596827323.620265  -4.400000  4.250000
1596827323.636142  -4.400000  4.250000
1596827323.652114  -4.400000  4.250000
1596827323.668110  -4.400000  4.250000
1596827323.683958  -4.400000  4.000000
1596827323.700442  -4.400000  4.000000
1596827323.715972  -4.400000  3.750000
1596827323.732176  -4.400000  3.500000
1596827323.748052  -4.400000  3.000000
1596827323.764135  -4.400000  2.500000
1596827323.780081  -4.400000  2.250000
1596827323.796213  -4.400000  1.750000
1596827323.812153  -4.400000  1.250000
1596827323.828117  -4.400000  0.750000
1596827323.844083  -4.400000  0.250000
1596827323.860107  -4.400000  -0.250000
1596827323.876078  -4.400000  -0.750000
1596827323.892181  -4.400000  -1.250000
1596827323.908100  -4.400000  -1.750000
1596827323.924141  -4.400000  -2.000000
1596827323.940161  -4.400000  -2.500000
1596827323.956250  -4.400000  -2.750000
1596827323.972189  -4.400000  -3.000000
1596827323.988074  -4.400000  -3.250000
1596827324.004170  -4.400000  -3.500000
1596827324.020232  -4.400000  -3.500000
1596827324.036211  -4.400000  -3.500000
1596827324.052119  -4.400000  -3.500000
1596827324.068212  -4.400000  -3.500000
1596827324.084170  -4.400000  -3.250000
1596827324.100369  -4.400000  -3.000000
1596827324.116112  -4.400000  -2.750000
1596827324.132033  -4.400000  -2.500000
1596827324.148030  -4.400000  -2.250000
1596827324.164350  -4.400000  -1.750000
1596827324.180107  -4.400000  -1.500000
1596827324.196145  -4.400000  -1.000000
1596827324.212134  -4.400000  -0.500000
1596827324.228232  -4.400000  -0.250000
1596827324.244165  -4.400000  0.250000
1596827324.260129  -4.400000  0.500000
1596827324.276209  -4.400000  1.000000
1596827324.292155  -4.400000  1.500000
1596827324.308340  -4.400000  1.750000
1596827324.324017  -4.400000  2.000000
1596827324.340117  -4.400000  2.250000
1596827324.356170  -4.400000  2.500000
1596827324.372144  -4.400000  2.500000
1596827324.388135  -4.400000  2.750000
1596827324.404041  -4.400000  2.750000
1596827324.420197  -4.400000  2.750000
1596827324.436118  -4.400000  2.750000
1596827324.452178  -4.400000  2.750000
1596827324.468174  -4.400000  2.750000
1596827324.484117  -4.400000  2.500000
1596827324.500137  -4.400000  2.500000
1596827324.516163  -4.400000  2.250000
1596827324.532079  -4.400000  2.000000
1596827324.548007  -4.400000  1.750000
1596827324.564105  -4.400000  1.250000
1596827324.580022  -4.400000  1.000000
1596827324.596122  -4.400000  0.750000
1596827324.612068  -4.400000  0.500000
1596827324.628084  -4.400000  0.000000
1596827324.644094  -4.400000  -0.250000
1596827324.660129  -4.400000  -0.500000
1596827324.676096  -4.400000  -1.000000
1596827324.692213  -4.400000  -1.250000
1596827324.708188  -4.400000  -1.500000
1596827324.724267  -4.400000  -1.750000
1596827324.740134  -4.400000  -2.000000
1596827324.756125  -4.400000  -2.000000
1596827324.772227  -4.400000  -2.250000
1596827324.788060  -4.400000  -2.250000
1596827324.804184  -4.400000  -2.250000
1596827324.820311  -4.400000  -2.250000
1596827324.836239  -4.400000  -2.250000
1596827324.852141  -4.400000  -2.250000
1596827324.868207  -4.400000  -2.000000
1596827324.883931  -4.400000  -2.000000
1596827324.900017  -4.400000  -1.750000
1596827324.916080  -4.400000  -1.500000
1596827324.932141  -4.400000  -1.250000
1596827324.948146  -4.400000  -1.000000
1596827324.964177  -4.400000  -0.750000
1596827324.980131  -4.400000  -0.500000
1596827324.996200  -4.400000  -0.250000
1596827325.012120  -4.400000  0.000000
1596827325.028232  -4.400000  0.250000
1596827325.044110  -4.400000  0.500000
1596827325.060101  -4.400000  0.750000
1596827325.076130  -4.400000  1.000000
1596827325.092099  -4.400000  1.250000
1596827325.108004  -4.400000  1.500000
1596827325.124067  -4.400000  1.500000
1596827325.140097  -4.400000  1.750000
1596827325.156220  -4.400000  1.750000
1596827325.171997  -4.400000  1.750000
1596827325.188111  -4.400000  2.000000
1596827325.204049  -4.400000  2.000000
1596827325.220189  -4.400000  1.750000
1596827325.236142  -4.400000  1.750000
1596827325.252112  -4.400000  1.750000
1596827325.268089  -4.400000  1.500000
1596827325.284160  -4.400000  1.500000
1596827325.300259  -4.400000  1.250000
1596827325.316140  -4.400000  1.000000
1596827325.332036  -4.400000  0.750000
1596827325.348005  -4.400000  0.750000
1596827325.364114  -4.400000  0.500000
1596827325.379986  -4.400000  0.250000
1596827325.395957  -4.400000  0.000000
1596827325.412101  -4.400000  -0.250000
1596827325.428193  -4.400000  -0.500000
1596827325.444089  -4.400000  -0.500000
1596827325.460096  -4.400000  -0.750000
1596827325.476193  -4.400000  -0.750000
1596827325.492126  -4.400000  -1.000000
1596827325.508227  -4.400000  -1.000000
1596827325.524051  -4.400000  -1.250000
1596827325.540164  -4.400000  -1.250000
1596827325.556243  -4.400000  -1.250000
1596827325.572228  -4.400000  -1.250000
1596827325.588126  -4.400000  -1.250000
1596827325.604269  -4.400000  -1.250000
1596827325.620215  -4.400000  -1.250000
1596827325.636107  -4.400000  -1.250000
1596827325.652157  -4.400000  -1.000000
1596827325.668232  -4.400000  -1.000000
1596827325.684113  -4.400000  -0.750000
1596827325.700146  -4.400000  -0.750000
1596827325.716182  -4.400000  -0.500000
1596827325.732224  -4.400000  -0.500000
1596827325.748206  -4.400000  -0.250000
1596827325.764301  -4.400000  0.000000
1596827325.780117  -4.400000  0.000000
1596827325.796124  -4.400000  0.250000
1596827325.812161  -4.400000  0.250000
1596827325.828189  -4.400000  0.500000
1596827325.844208  -4.400000  0.500000
1596827325.860125  -4.400000  0.750000
1596827325.876084  -4.400000  0.750000
1596827325.892180  -4.400000  0.750000
1596827325.908153  -4.400000  0.750000
1596827325.924215  -4.400000  1.000000
1596827325.940042  -4.400000  1.000000
1596827325.956084  -4.400000  1.000000
1596827325.972171  -4.400000  1.000000
1596827325.988120  -4.400000  1.000000
1596827326.004277  -4.400000  0.750000
1596827326.020202  -4.400000  0.750000
1596827326.036106  -4.400000  0.750000
1596827326.052265  -4.400000  0.750000
1596827326.068130  -4.400000  0.500000
1596827326.084301  -4.400000  0.500000
1596827326.100038  -4.400000  0.500000
1596827326.116132  -4.400000  0.250000
1596827326.132030  -4.400000  0.250000
1596827326.148104  -4.400000  0.250000
1596827326.164169  -4.400000  0.000000
1596827326.180101  -4.400000  0.000000
1596827326.196174  -4.400000  0.000000
1596827326.212188  -4.400000  -0.250000
1596827326.228188  -4.400000  -0.250000
1596827326.244081  -4.400000  -0.250000
1596827326.260156  -4.400000  -0.250000
1596827326.276157  -4.400000  -0.250000
1596827326.292189  -4.400000  -0.250000
1596827326.308011  -4.400000  -0.250000
1596827326.323985  -4.400000  -0.250000
1596827326.340315  -4.400000  -0.250000
1596827326.356218  -4.400000  -0.250000
1596827326.372126  -4.400000  -0.250000
1596827326.388165  -4.400000  -0.250000
1596827326.404138  -4.400000  -0.250000
1596827326.420218  -4.400000  -0.250000
1596827326.436076  -4.400000  -0.250000
1596827326.452136  -4.400000  -0.250000
1596827326.468186  -4.400000  -0.250000
1596827326.484064  -4.400000  -0.250000
1596827326.500186  -4.400000  0.000000
1596827326.516187  -4.400000  0.000000
1596827326.532197  -4.400000  0.000000
1596827326.548042  -4.400000  0.000000
1596827326.564194  -4.400000  0.000000
1596827326.580078  -4.400000  0.000000
1596827326.596167  -4.400000  0.000000
1596827326.612141  -4.400000  0.000000
1596827326.628170  -4.400000  0.000000
1596827326.643929  -4.400000  0.000000
1596827326.660194  -4.400000  0.000000
1596827326.676093  -4.400000  0.000000
1596827326.692316  -4.400000  0.000000
1596827326.708151  -4.400000  0.000000
1596827326.724095  -4.400000  0.000000
1596827326.740001  -4.400000  0.000000
1596827326.756180  -4.400000  0.000000
1596827326.772204  -4.400000  0.000000
1596827326.788190  -4.400000  0.000000
1596827326.804115  -4.400000  0.000000
1596827326.820199  -4.400000  0.000000
1596827326.835988  -4.400000  0.000000
1596827326.852105  -4.400000  0.000000
1596827326.868167  -4.400000  0.000000
1596827326.884198  -4.400000  0.000000
1596827326.900151  -4.400000  0.000000
1596827326.916005  -4.400000  0.000000
1596827326.932333  -4.400000  0.000000
1596827326.948092  -4.400000  0.000000
1596827326.964099  -4.400000  0.000000
1596827326.980204  -4.400000  0.000000
1596827326.996286  -4.400000  0.000000
1596827327.012257  -4.400000  0.000000
1596827327.028287  -4.400000  0.000000
1596827327.044128  -4.400000  0.000000
1596827327.060095  -4.400000  0.000000
1596827327.076078  -4.400000  0.000000
1596827327.092273  -4.400000  0.000000
1596827327.108316  -4.400000  0.000000
1596827327.124040  -4.400000  0.000000
