[0.233874, 0.233874] ; [-0.000259165, 0]
[0.233875, 0.233875] ; [0, 0.000259165]
[0.233884, 0.233884] ; [0.000259165, 0.000725663]
[0.233907, 0.233907] ; [0.000725663, 0.00133409]
[0.233945, 0.233945] ; [0.00133409, 0.0019472]
[0.233996, 0.233996] ; [0.0019472, 0.00256445]
[0.23406, 0.23406] ; [0.00256445, 0.00318589]
[0.234139, 0.234139] ; [0.00318589, 0.00381157]
[0.234231, 0.234231] ; [0.00381157, 0.00444153]
[0.234337, 0.234337] ; [0.00444153, 0.00507581]
[0.234456, 0.234456] ; [0.00507581, 0.00571447]
[0.23459, 0.23459] ; [0.00571447, 0.00635754]
[0.234737, 0.234737] ; [0.00635754, 0.00700509]
[0.234897, 0.234897] ; [0.00700509, 0.00765716]
[0.235071, 0.235071] ; [0.00765716, 0.00831379]
[0.235259, 0.235259] ; [0.00831379, 0.00897504]
[0.235461, 0.235461] ; [0.00897504, 0.00964096]
[0.235676, 0.235676] ; [0.00964096, 0.0103116]
[0.235904, 0.235904] ; [0.0103116, 0.010987]
[0.236146, 0.236146] ; [0.010987, 0.0116672]
[0.236402, 0.236402] ; [0.0116672, 0.0123523]
[0.236671, 0.236671] ; [0.0123523, 0.0130424]
[0.236954, 0.236954] ; [0.0130424, 0.0137374]
[0.23725, 0.23725] ; [0.0137374, 0.0144375]
[0.23756, 0.23756] ; [0.0144375, 0.0151426]
[0.237883, 0.237883] ; [0.0151426, 0.0158529]
[0.23822, 0.23822] ; [0.0158529, 0.0165684]
[0.23857, 0.23857] ; [0.0165684, 0.0172892]
[0.238934, 0.238934] ; [0.0172892, 0.0180153]
[0.239311, 0.239311] ; [0.0180153, 0.0187468]
[0.239701, 0.239701] ; [0.0187468, 0.0194837]
[0.240104, 0.240104] ; [0.0194837, 0.0202261]
[0.240521, 0.240521] ; [0.0202261, 0.0209741]
[0.240952, 0.240952] ; [0.0209741, 0.0217277]
[0.241397, 0.241397] ; [0.0217277, 0.0224908]
[0.24186, 0.24186] ; [0.0224908, 0.0232651]
[0.242339, 0.242339] ; [0.0232651, 0.0240507]
[0.242836, 0.242836] ; [0.0240507, 0.0248479]
[0.243349, 0.243349] ; [0.0248479, 0.0256568]
[0.243881, 0.243881] ; [0.0256568, 0.0264777]
[0.24443, 0.24443] ; [0.0264777, 0.0273108]
[0.244998, 0.244998] ; [0.0273108, 0.0281563]
[0.245584, 0.245584] ; [0.0281563, 0.0290145]
[0.246189, 0.246189] ; [0.0290145, 0.0298856]
[0.246813, 0.246813] ; [0.0298856, 0.0307698]
[0.247456, 0.247456] ; [0.0307698, 0.0316674]
[0.248118, 0.248119] ; [0.0316674, 0.0325787]
[0.248801, 0.248801] ; [0.0325787, 0.033504]
[0.249503, 0.249504] ; [0.033504, 0.0344434]
[0.250226, 0.250226] ; [0.0344434, 0.0353973]
[0.25097, 0.25097] ; [0.0353973, 0.036366]
[0.251734, 0.251734] ; [0.036366, 0.0373497]
[0.25252, 0.25252] ; [0.0373497, 0.0383489]
[0.253326, 0.253327] ; [0.0383489, 0.0393638]
[0.254155, 0.254155] ; [0.0393638, 0.0403946]
[0.255006, 0.255006] ; [0.0403946, 0.0414419]
[0.255878, 0.255878] ; [0.0414419, 0.0425058]
[0.256773, 0.256773] ; [0.0425058, 0.0435866]
[0.257691, 0.257691] ; [0.0435866, 0.0446849]
[0.258631, 0.258631] ; [0.0446849, 0.0458008]
[0.259595, 0.259595] ; [0.0458008, 0.0469348]
[0.260582, 0.260582] ; [0.0469348, 0.0480873]
[0.261592, 0.261593] ; [0.0480873, 0.0492586]
[0.262627, 0.262627] ; [0.0492586, 0.0504492]
[0.263685, 0.263685] ; [0.0504492, 0.0516595]
[0.264768, 0.264768] ; [0.0516595, 0.0528899]
[0.265875, 0.265875] ; [0.0528899, 0.0541409]
[0.267006, 0.267006] ; [0.0541409, 0.0554129]
[0.268162, 0.268163] ; [0.0554129, 0.0567064]
[0.269344, 0.269344] ; [0.0567064, 0.058022]
[0.27055, 0.270551] ; [0.058022, 0.0593601]
[0.271782, 0.271782] ; [0.0593601, 0.0607213]
[0.27304, 0.27304] ; [0.0607213, 0.0621062]
[0.274323, 0.274323] ; [0.0621062, 0.0635153]
[0.275632, 0.275632] ; [0.0635153, 0.0649493]
[0.276967, 0.276967] ; [0.0649493, 0.0664089]
[0.278328, 0.278329] ; [0.0664089, 0.0678948]
[0.279716, 0.279716] ; [0.0678948, 0.0694077]
[0.281131, 0.281131] ; [0.0694077, 0.0709484]
[0.282572, 0.282572] ; [0.0709484, 0.0725179]
[0.284041, 0.284041] ; [0.0725179, 0.0741171]
[0.285537, 0.285537] ; [0.0741171, 0.0757469]
[0.287059, 0.287059] ; [0.0757469, 0.0774068]
[0.288607, 0.288608] ; [0.0774068, 0.0790979]
[0.290183, 0.290183] ; [0.0790979, 0.0808214]
[0.291785, 0.291785] ; [0.0808214, 0.0825785]
[0.293415, 0.293415] ; [0.0825785, 0.0843707]
[0.295072, 0.295073] ; [0.0843707, 0.0861998]
[0.296759, 0.296759] ; [0.0861998, 0.0880676]
[0.298475, 0.298475] ; [0.0880676, 0.0899765]
[0.300222, 0.300222] ; [0.0899765, 0.0919292]
[0.302001, 0.302002] ; [0.0919292, 0.093929]
[0.303816, 0.303816] ; [0.093929, 0.0959798]
[0.305667, 0.305668] ; [0.0959798, 0.0980866]
[0.30756, 0.307561] ; [0.0980866, 0.100256]
[0.309499, 0.3095] ; [0.100256, 0.102495]
[0.311492, 0.311493] ; [0.102495, 0.104814]
[0.313547, 0.313547] ; [0.104814, 0.107229]
[0.315678, 0.315679] ; [0.107229, 0.109757]
[0.317907, 0.317908] ; [0.109757, 0.11243]
[0.320267, 0.320268] ; [0.11243, 0.115294]
[0.322818, 0.32282] ; [0.115294, 0.118432]
[0.324126, 0.324128] ; [0.118432, 0.120057]
[0.326457, 0.326459] ; [0.120057, 0.122982]
[0.328598, 0.3286] ; [0.122982, 0.125703]
[0.330565, 0.330567] ; [0.125703, 0.128233]
[0.332403, 0.332406] ; [0.128233, 0.130621]
[0.334138, 0.33414] ; [0.130621, 0.132897]
[0.335787, 0.33579] ; [0.132897, 0.135081]
[0.337364, 0.337366] ; [0.135081, 0.137187]
[0.338878, 0.338881] ; [0.137187, 0.139225]
[0.34034, 0.340343] ; [0.139225, 0.141205]
[0.341754, 0.341757] ; [0.141205, 0.143134]
[0.343127, 0.34313] ; [0.143134, 0.145017]
[0.344463, 0.344466] ; [0.145017, 0.146859]
[0.345767, 0.345771] ; [0.146859, 0.148665]
[0.347043, 0.347046] ; [0.148665, 0.150437]
[0.348293, 0.348296] ; [0.150437, 0.15218]
[0.349521, 0.349525] ; [0.15218, 0.153896]
[0.350729, 0.350732] ; [0.153896, 0.155586]
[0.351918, 0.351921] ; [0.155586, 0.157251]
[0.35309, 0.353094] ; [0.157251, 0.158894]
[0.354249, 0.354253] ; [0.158894, 0.160516]
[0.355395, 0.355399] ; [0.160516, 0.162119]
[0.356529, 0.356533] ; [0.162119, 0.163703]
[0.357654, 0.357658] ; [0.163703, 0.165271]
[0.358772, 0.358776] ; [0.165271, 0.166823]
[0.359884, 0.359888] ; [0.166823, 0.168361]
[0.360992, 0.360996] ; [0.168361, 0.169887]
[0.362098, 0.362102] ; [0.169887, 0.171403]
[0.363204, 0.363208] ; [0.171403, 0.17291]
[0.364311, 0.364315] ; [0.17291, 0.174409]
[0.365421, 0.365425] ; [0.174409, 0.175902]
[0.366536, 0.36654] ; [0.175902, 0.17739]
[0.367657, 0.367661] ; [0.17739, 0.178874]
[0.368786, 0.368791] ; [0.178874, 0.180357]
[0.369925, 0.36993] ; [0.180357, 0.181838]
[0.371076, 0.371081] ; [0.181838, 0.18332]
[0.37224, 0.372245] ; [0.18332, 0.184805]
[0.37342, 0.373425] ; [0.184805, 0.186293]
[0.374617, 0.374622] ; [0.186293, 0.187786]
[0.375834, 0.375839] ; [0.187786, 0.189287]
[0.377073, 0.377078] ; [0.189287, 0.190796]
[0.378337, 0.378342] ; [0.190796, 0.192315]
[0.379628, 0.379633] ; [0.192315, 0.193848]
[0.380949, 0.380954] ; [0.193848, 0.195395]
[0.382303, 0.382309] ; [0.195395, 0.196959]
[0.383695, 0.3837] ; [0.196959, 0.198543]
[0.385127, 0.385133] ; [0.198543, 0.20015]
[0.386604, 0.38661] ; [0.20015, 0.201783]
[0.388132, 0.388138] ; [0.201783, 0.203445]
[0.389715, 0.389721] ; [0.203445, 0.20514]
[0.391359, 0.391366] ; [0.20514, 0.206873]
[0.393071, 0.393078] ; [0.206873, 0.208647]
[0.394859, 0.394866] ; [0.208647, 0.210468]
[0.39673, 0.396738] ; [0.210468, 0.212342]
[0.398697, 0.398704] ; [0.212342, 0.214276]
[0.400736, 0.400744] ; [0.214276, 0.216247]
[0.40269, 0.402698] ; [0.216247, 0.218102]
[0.40462, 0.404629] ; [0.218102, 0.219905]
[0.406524, 0.406533] ; [0.219905, 0.221655]
[0.408411, 0.40842] ; [0.221655, 0.223364]
[0.410285, 0.410295] ; [0.223364, 0.225038]
[0.412153, 0.412162] ; [0.225038, 0.226684]
[0.414017, 0.414027] ; [0.226684, 0.228304]
[0.415882, 0.415892] ; [0.228304, 0.229905]
[0.41775, 0.41776] ; [0.229905, 0.231489]
[0.419623, 0.419634] ; [0.231489, 0.233058]
[0.421505, 0.421516] ; [0.233058, 0.234617]
[0.423396, 0.423407] ; [0.234617, 0.236166]
[0.425298, 0.425309] ; [0.236166, 0.237707]
[0.427213, 0.427225] ; [0.237707, 0.239243]
[0.429142, 0.429154] ; [0.239243, 0.240775]
[0.431086, 0.431098] ; [0.240775, 0.242303]
[0.433045, 0.433058] ; [0.242303, 0.243829]
[0.435022, 0.435034] ; [0.243829, 0.245355]
[0.437017, 0.43703] ; [0.245355, 0.246881]
[0.439031, 0.439044] ; [0.246881, 0.248409]
[0.441065, 0.441078] ; [0.248409, 0.249939]
[0.44312, 0.443133] ; [0.249939, 0.251472]
[0.445197, 0.44521] ; [0.251472, 0.253009]
[0.447296, 0.44731] ; [0.253009, 0.254552]
[0.449419, 0.449432] ; [0.254552, 0.2561]
[0.451565, 0.451579] ; [0.2561, 0.257654]
[0.453736, 0.45375] ; [0.257654, 0.259216]
[0.455931, 0.455946] ; [0.259216, 0.260785]
[0.458153, 0.458167] ; [0.260785, 0.262362]
[0.4604, 0.460415] ; [0.262362, 0.263948]
[0.462675, 0.462689] ; [0.263948, 0.265544]
[0.464976, 0.464991] ; [0.265544, 0.267149]
[0.467305, 0.46732] ; [0.267149, 0.268764]
[0.469661, 0.469677] ; [0.268764, 0.270391]
[0.472046, 0.472062] ; [0.270391, 0.272028]
[0.474459, 0.474475] ; [0.272028, 0.273677]
[0.476902, 0.476917] ; [0.273677, 0.275338]
[0.479373, 0.479389] ; [0.275338, 0.277011]
[0.481873, 0.48189] ; [0.277011, 0.278697]
[0.484403, 0.48442] ; [0.278697, 0.280396]
[0.486963, 0.486979] ; [0.280396, 0.282108]
[0.489552, 0.489569] ; [0.282108, 0.283834]
[0.492171, 0.492188] ; [0.283834, 0.285574]
[0.49482, 0.494838] ; [0.285574, 0.287328]
[0.497499, 0.497517] ; [0.287328, 0.289097]
[0.500209, 0.500226] ; [0.289097, 0.290881]
[0.502948, 0.502966] ; [0.290881, 0.29268]
[0.505717, 0.505735] ; [0.29268, 0.294494]
[0.508517, 0.508535] ; [0.294494, 0.296324]
[0.511347, 0.511365] ; [0.296324, 0.29817]
[0.514207, 0.514225] ; [0.29817, 0.300032]
[0.517097, 0.517116] ; [0.300032, 0.301911]
[0.520017, 0.520036] ; [0.301911, 0.303807]
[0.522968, 0.522987] ; [0.303807, 0.305721]
[0.525949, 0.525968] ; [0.305721, 0.307652]
[0.528961, 0.52898] ; [0.307652, 0.309602]
[0.532003, 0.532023] ; [0.309602, 0.31157]
[0.535076, 0.535096] ; [0.31157, 0.313558]
[0.538181, 0.538201] ; [0.313558, 0.315566]
[0.541318, 0.541338] ; [0.315566, 0.317594]
[0.544485, 0.544505] ; [0.317594, 0.319643]
[0.547676, 0.547696] ; [0.319643, 0.321708]
[0.550891, 0.550911] ; [0.321708, 0.323789]
[0.55413, 0.554151] ; [0.323789, 0.325889]
[0.557395, 0.557416] ; [0.325889, 0.328006]
[0.560685, 0.560707] ; [0.328006, 0.330144]
[0.564003, 0.564025] ; [0.330144, 0.332301]
[0.56735, 0.567371] ; [0.332301, 0.334481]
[0.570726, 0.570748] ; [0.334481, 0.336685]
[0.574134, 0.574156] ; [0.336685, 0.338913]
[0.577576, 0.577599] ; [0.338913, 0.341169]
[0.581056, 0.581078] ; [0.341169, 0.343454]
[0.584575, 0.584597] ; [0.343454, 0.345771]
[0.588138, 0.588161] ; [0.345771, 0.348123]
[0.59175, 0.591773] ; [0.348123, 0.350515]
[0.595417, 0.59544] ; [0.350515, 0.35295]
[0.599089, 0.599112] ; [0.35295, 0.355396]
[0.602679, 0.602703] ; [0.355396, 0.357797]
[0.606195, 0.606218] ; [0.357797, 0.360155]
[0.609638, 0.609662] ; [0.360155, 0.362472]
[0.613014, 0.613038] ; [0.362472, 0.364752]
[0.616323, 0.616348] ; [0.364752, 0.366995]
[0.61957, 0.619594] ; [0.366995, 0.369202]
[0.622755, 0.622779] ; [0.369202, 0.371375]
[0.625881, 0.625905] ; [0.371375, 0.373514]
[0.628949, 0.628974] ; [0.373514, 0.375622]
[0.631962, 0.631987] ; [0.375622, 0.377697]
[0.63492, 0.634945] ; [0.377697, 0.379742]
[0.637825, 0.637851] ; [0.379742, 0.381757]
[0.640679, 0.640704] ; [0.381757, 0.383742]
[0.643482, 0.643507] ; [0.383742, 0.385697]
[0.646235, 0.64626] ; [0.385697, 0.387624]
[0.648939, 0.648964] ; [0.387624, 0.389522]
[0.651595, 0.651621] ; [0.389522, 0.391391]
[0.654204, 0.65423] ; [0.391391, 0.393233]
[0.656766, 0.656792] ; [0.393233, 0.395046]
[0.659283, 0.659309] ; [0.395046, 0.396831]
[0.661754, 0.66178] ; [0.396831, 0.398588]
[0.664179, 0.664205] ; [0.398588, 0.400317]
[0.666561, 0.666587] ; [0.400317, 0.402019]
[0.668898, 0.668924] ; [0.402019, 0.403692]
[0.671211, 0.671237] ; [0.403692, 0.405352]
[0.673515, 0.673541] ; [0.405352, 0.407008]
[0.67581, 0.675836] ; [0.407008, 0.408661]
[0.678095, 0.678122] ; [0.408661, 0.41031]
[0.680372, 0.680399] ; [0.41031, 0.411956]
[0.682641, 0.682667] ; [0.411956, 0.413599]
[0.684902, 0.684928] ; [0.413599, 0.415239]
[0.687155, 0.687182] ; [0.415239, 0.416876]
[0.689402, 0.689428] ; [0.416876, 0.41851]
[0.691641, 0.691668] ; [0.41851, 0.420142]
[0.693874, 0.693901] ; [0.420142, 0.42177]
[0.696102, 0.696129] ; [0.42177, 0.423397]
[0.698323, 0.69835] ; [0.423397, 0.42502]
[0.70054, 0.700567] ; [0.42502, 0.426642]
[0.702751, 0.702778] ; [0.426642, 0.428261]
[0.704958, 0.704985] ; [0.428261, 0.429878]
[0.707161, 0.707188] ; [0.429878, 0.431493]
[0.70936, 0.709388] ; [0.431493, 0.433106]
[0.711556, 0.711583] ; [0.433106, 0.434717]
[0.713748, 0.713776] ; [0.434717, 0.436327]
[0.715938, 0.715966] ; [0.436327, 0.437935]
[0.718126, 0.718154] ; [0.437935, 0.439541]
[0.720311, 0.720339] ; [0.439541, 0.441145]
[0.722488, 0.722516] ; [0.441145, 0.442743]
[0.724657, 0.724685] ; [0.442743, 0.444334]
[0.726822, 0.72685] ; [0.444334, 0.445922]
[0.72901, 0.729038] ; [0.445922, 0.447527]
[0.731222, 0.73125] ; [0.447527, 0.449147]
[0.733458, 0.733486] ; [0.449147, 0.450784]
[0.735717, 0.735746] ; [0.450784, 0.452437]
[0.738001, 0.73803] ; [0.452437, 0.454105]
[0.740308, 0.740337] ; [0.454105, 0.455788]
[0.742638, 0.742667] ; [0.455788, 0.457486]
[0.74499, 0.74502] ; [0.457486, 0.459198]
[0.747367, 0.747396] ; [0.459198, 0.460924]
[0.749767, 0.749796] ; [0.460924, 0.462664]
[0.752192, 0.752221] ; [0.462664, 0.464419]
[0.754642, 0.754672] ; [0.464419, 0.466188]
[0.757119, 0.757149] ; [0.466188, 0.467972]
[0.759623, 0.759653] ; [0.467972, 0.469772]
[0.762155, 0.762184] ; [0.469772, 0.471586]
[0.764715, 0.764746] ; [0.471586, 0.473417]
[0.767307, 0.767337] ; [0.473417, 0.475263]
[0.76993, 0.769961] ; [0.475263, 0.477126]
[0.772587, 0.772617] ; [0.477126, 0.479007]
[0.775278, 0.775309] ; [0.479007, 0.480906]
[0.778007, 0.778038] ; [0.480906, 0.482824]
[0.780775, 0.780806] ; [0.482824, 0.484762]
[0.783585, 0.783616] ; [0.484762, 0.486721]
[0.786439, 0.78647] ; [0.486721, 0.488702]
[0.78934, 0.789372] ; [0.488702, 0.490708]
[0.792293, 0.792325] ; [0.490708, 0.49274]
[0.795302, 0.795334] ; [0.49274, 0.4948]
[0.798371, 0.798403] ; [0.4948, 0.49689]
[0.801494, 0.801527] ; [0.49689, 0.499007]
[0.804671, 0.804704] ; [0.499007, 0.501149]
[0.807906, 0.807939] ; [0.501149, 0.503317]
[0.811204, 0.811237] ; [0.503317, 0.505515]
[0.814569, 0.814603] ; [0.505515, 0.507745]
[0.81801, 0.818044] ; [0.507745, 0.510011]
[0.821533, 0.821567] ; [0.510011, 0.512317]
[0.825149, 0.825184] ; [0.512317, 0.514669]
[0.828871, 0.828906] ; [0.514669, 0.517073]
[0.832713, 0.832749] ; [0.517073, 0.519539]
[0.836698, 0.836733] ; [0.519539, 0.522079]
[0.840852, 0.840888] ; [0.522079, 0.524708]
[0.845217, 0.845254] ; [0.524708, 0.527451]
[0.849356, 0.849393] ; [0.527451, 0.530033]
[0.853287, 0.853324] ; [0.530033, 0.532469]
[0.857051, 0.857089] ; [0.532469, 0.534789]
[0.860678, 0.860716] ; [0.534789, 0.537011]
[0.864187, 0.864225] ; [0.537011, 0.53915]
[0.867594, 0.867633] ; [0.53915, 0.541216]
[0.870912, 0.870951] ; [0.541216, 0.54322]
[0.874151, 0.874191] ; [0.54322, 0.545168]
[0.87732, 0.87736] ; [0.545168, 0.547065]
[0.880425, 0.880465] ; [0.547065, 0.548919]
[0.883472, 0.883512] ; [0.548919, 0.550731]
[0.886466, 0.886507] ; [0.550731, 0.552507]
[0.889412, 0.889453] ; [0.552507, 0.55425]
[0.892313, 0.892354] ; [0.55425, 0.555962]
[0.895173, 0.895214] ; [0.555962, 0.557646]
[0.897994, 0.898036] ; [0.557646, 0.559304]
[0.90078, 0.900822] ; [0.559304, 0.560939]
[0.903533, 0.903576] ; [0.560939, 0.562552]
[0.906255, 0.906298] ; [0.562552, 0.564145]
[0.908943, 0.908986] ; [0.564145, 0.565717]
[0.911601, 0.911645] ; [0.565717, 0.567271]
[0.91423, 0.914274] ; [0.567271, 0.568807]
[0.916832, 0.916876] ; [0.568807, 0.570327]
[0.919409, 0.919453] ; [0.570327, 0.571833]
[0.921959, 0.922003] ; [0.571833, 0.573323]
[0.924483, 0.924528] ; [0.573323, 0.5748]
[0.926982, 0.927028] ; [0.5748, 0.576264]
[0.929459, 0.929504] ; [0.576264, 0.577716]
[0.931914, 0.931959] ; [0.577716, 0.579157]
[0.934348, 0.934394] ; [0.579157, 0.580589]
[0.936763, 0.936809] ; [0.580589, 0.582012]
[0.939159, 0.939206] ; [0.582012, 0.583427]
[0.941539, 0.941586] ; [0.583427, 0.584836]
[0.943903, 0.94395] ; [0.584836, 0.58624]
[0.946251, 0.946299] ; [0.58624, 0.587638]
[0.948586, 0.948634] ; [0.587638, 0.589033]
[0.950907, 0.950956] ; [0.589033, 0.590425]
[0.953217, 0.953266] ; [0.590425, 0.591815]
[0.955516, 0.955565] ; [0.591815, 0.593204]
[0.957804, 0.957854] ; [0.593204, 0.594594]
[0.960084, 0.960133] ; [0.594594, 0.595984]
[0.962355, 0.962405] ; [0.595984, 0.597375]
[0.964619, 0.96467] ; [0.597375, 0.59877]
[0.966877, 0.966928] ; [0.59877, 0.600169]
[0.96913, 0.969182] ; [0.600169, 0.601573]
[0.971379, 0.971431] ; [0.601573, 0.602983]
[0.973625, 0.973678] ; [0.602983, 0.6044]
[0.97587, 0.975923] ; [0.6044, 0.605825]
[0.978114, 0.978167] ; [0.605825, 0.607261]
[0.980359, 0.980413] ; [0.607261, 0.608707]
[0.982606, 0.982661] ; [0.608707, 0.610167]
[0.984857, 0.984912] ; [0.610167, 0.611641]
[0.987113, 0.987169] ; [0.611641, 0.61313]
[0.989376, 0.989433] ; [0.61313, 0.614638]
[0.991648, 0.991705] ; [0.614638, 0.616166]
[0.993931, 0.993988] ; [0.616166, 0.617715]
[0.996226, 0.996284] ; [0.617715, 0.619289]
[0.998535, 0.998594] ; [0.619289, 0.620889]
[1.00086, 1.00092] ; [0.620889, 0.622519]
[1.0032, 1.00326] ; [0.622519, 0.62418]
[1.00557, 1.00563] ; [0.62418, 0.625877]
[1.00796, 1.00802] ; [0.625877, 0.627614]
[1.01038, 1.01044] ; [0.627614, 0.629395]
[1.01283, 1.0129] ; [0.629395, 0.631226]
[1.01528, 1.01535] ; [0.631226, 0.63308]
[1.01759, 1.01765] ; [0.63308, 0.634848]
[1.0198, 1.01987] ; [0.634848, 0.636573]
[1.02193, 1.022] ; [0.636573, 0.638255]
[1.02399, 1.02406] ; [0.638255, 0.639902]
[1.02599, 1.02605] ; [0.639902, 0.641518]
[1.02792, 1.02799] ; [0.641518, 0.643109]
[1.02981, 1.02988] ; [0.643109, 0.644677]
[1.03164, 1.03171] ; [0.644677, 0.646225]
[1.03344, 1.03351] ; [0.646225, 0.647758]
[1.03519, 1.03526] ; [0.647758, 0.649275]
[1.03691, 1.03698] ; [0.649275, 0.65078]
[1.03859, 1.03867] ; [0.65078, 0.652275]
[1.04025, 1.04032] ; [0.652275, 0.65376]
[1.04187, 1.04195] ; [0.65376, 0.655238]
[1.04347, 1.04355] ; [0.655238, 0.65671]
[1.04504, 1.04512] ; [0.65671, 0.658175]
[1.04659, 1.04667] ; [0.658175, 0.659635]
[1.04812, 1.0482] ; [0.659635, 0.661092]
[1.04963, 1.0497] ; [0.661092, 0.662546]
[1.05111, 1.05119] ; [0.662546, 0.663997]
[1.05258, 1.05266] ; [0.663997, 0.665448]
[1.05403, 1.05411] ; [0.665448, 0.666898]
[1.05547, 1.05555] ; [0.666898, 0.668348]
[1.05689, 1.05697] ; [0.668348, 0.669799]
[1.05829, 1.05837] ; [0.669799, 0.671252]
[1.05969, 1.05977] ; [0.671252, 0.672706]
[1.06107, 1.06115] ; [0.672706, 0.674163]
[1.06244, 1.06252] ; [0.674163, 0.675624]
[1.0638, 1.06388] ; [0.675624, 0.677087]
[1.06514, 1.06523] ; [0.677087, 0.678555]
[1.06648, 1.06657] ; [0.678555, 0.680028]
[1.06781, 1.0679] ; [0.680028, 0.681505]
[1.06914, 1.06922] ; [0.681505, 0.682988]
[1.07045, 1.07054] ; [0.682988, 0.684477]
[1.07176, 1.07185] ; [0.684477, 0.685972]
[1.07307, 1.07315] ; [0.685972, 0.687473]
[1.07437, 1.07445] ; [0.687473, 0.688982]
[1.07566, 1.07574] ; [0.688982, 0.690498]
[1.07695, 1.07704] ; [0.690498, 0.692021]
[1.07824, 1.07832] ; [0.692021, 0.693553]
[1.07952, 1.07961] ; [0.693553, 0.695093]
[1.0808, 1.08089] ; [0.695093, 0.696642]
[1.08208, 1.08217] ; [0.696642, 0.6982]
[1.08336, 1.08345] ; [0.6982, 0.699767]
[1.08464, 1.08473] ; [0.699767, 0.701344]
[1.08592, 1.08601] ; [0.701344, 0.702932]
[1.0872, 1.08729] ; [0.702932, 0.70453]
[1.08848, 1.08857] ; [0.70453, 0.706139]
[1.08976, 1.08985] ; [0.706139, 0.707759]
[1.09105, 1.09114] ; [0.707759, 0.709391]
[1.09234, 1.09243] ; [0.709391, 0.711035]
[1.09363, 1.09372] ; [0.711035, 0.712692]
[1.09493, 1.09502] ; [0.712692, 0.714361]
[1.09624, 1.09633] ; [0.714361, 0.716044]
[1.09755, 1.09764] ; [0.716044, 0.717741]
[1.09887, 1.09896] ; [0.717741, 0.719452]
[1.10019, 1.10028] ; [0.719452, 0.721178]
[1.10153, 1.10162] ; [0.721178, 0.722919]
[1.10287, 1.10296] ; [0.722919, 0.724676]
[1.10423, 1.10432] ; [0.724676, 0.72645]
[1.10559, 1.10569] ; [0.72645, 0.728241]
[1.10697, 1.10707] ; [0.728241, 0.73005]
[1.10836, 1.10846] ; [0.73005, 0.731878]
[1.10977, 1.10987] ; [0.731878, 0.733725]
[1.1112, 1.11129] ; [0.733725, 0.735594]
[1.11263, 1.11273] ; [0.735594, 0.737479]
[1.11409, 1.11418] ; [0.737479, 0.739382]
[1.11556, 1.11565] ; [0.739382, 0.741304]
[1.11704, 1.11714] ; [0.741304, 0.743244]
[1.11855, 1.11865] ; [0.743244, 0.745205]
[1.12007, 1.12017] ; [0.745205, 0.747187]
[1.12162, 1.12172] ; [0.747187, 0.749191]
[1.12319, 1.12329] ; [0.749191, 0.75122]
[1.12478, 1.12488] ; [0.75122, 0.753275]
[1.1264, 1.12651] ; [0.753275, 0.755357]
[1.12806, 1.12816] ; [0.755357, 0.757469]
[1.12974, 1.12984] ; [0.757469, 0.759614]
[1.13146, 1.13156] ; [0.759614, 0.761793]
[1.13322, 1.13332] ; [0.761793, 0.764011]
[1.13498, 1.13509] ; [0.764011, 0.766226]
[1.13673, 1.13683] ; [0.766226, 0.768398]
[1.13844, 1.13855] ; [0.768398, 0.770532]
[1.14014, 1.14025] ; [0.770532, 0.772629]
[1.14182, 1.14193] ; [0.772629, 0.774691]
[1.14348, 1.14359] ; [0.774691, 0.776721]
[1.14513, 1.14523] ; [0.776721, 0.778719]
[1.14675, 1.14686] ; [0.778719, 0.780686]
[1.14836, 1.14847] ; [0.780686, 0.782624]
[1.14996, 1.15007] ; [0.782624, 0.784534]
[1.15154, 1.15165] ; [0.784534, 0.786417]
[1.15311, 1.15322] ; [0.786417, 0.788272]
[1.15466, 1.15477] ; [0.788272, 0.790102]
[1.1562, 1.15631] ; [0.790102, 0.791907]
[1.15772, 1.15783] ; [0.791907, 0.793686]
[1.15923, 1.15934] ; [0.793686, 0.795441]
[1.16073, 1.16084] ; [0.795441, 0.797172]
[1.16221, 1.16232] ; [0.797172, 0.798879]
[1.16368, 1.16379] ; [0.798879, 0.800563]
[1.16513, 1.16525] ; [0.800563, 0.802223]
[1.16657, 1.16669] ; [0.802223, 0.803861]
[1.168, 1.16811] ; [0.803861, 0.805475]
[1.16941, 1.16952] ; [0.805475, 0.807067]
[1.1708, 1.17092] ; [0.807067, 0.808636]
[1.17218, 1.1723] ; [0.808636, 0.810183]
[1.17355, 1.17366] ; [0.810183, 0.811706]
[1.1749, 1.17501] ; [0.811706, 0.813208]
[1.17625, 1.17636] ; [0.813208, 0.814704]
[1.1776, 1.17771] ; [0.814704, 0.816199]
[1.17895, 1.17907] ; [0.816199, 0.817691]
[1.18031, 1.18043] ; [0.817691, 0.819182]
[1.18167, 1.18179] ; [0.819182, 0.820671]
[1.18303, 1.18315] ; [0.820671, 0.822159]
[1.1844, 1.18451] ; [0.822159, 0.823645]
[1.18576, 1.18588] ; [0.823645, 0.82513]
[1.18713, 1.18725] ; [0.82513, 0.826614]
[1.1885, 1.18862] ; [0.826614, 0.828096]
[1.18988, 1.19] ; [0.828096, 0.829578]
[1.19126, 1.19137] ; [0.829578, 0.831059]
[1.19264, 1.19275] ; [0.831059, 0.832539]
[1.19402, 1.19413] ; [0.832539, 0.834019]
[1.1954, 1.19552] ; [0.834019, 0.835498]
[1.19679, 1.19691] ; [0.835498, 0.836977]
[1.19818, 1.19829] ; [0.836977, 0.838455]
[1.19957, 1.19969] ; [0.838455, 0.839933]
[1.20096, 1.20108] ; [0.839933, 0.841411]
[1.20236, 1.20248] ; [0.841411, 0.842888]
[1.20376, 1.20387] ; [0.842888, 0.844366]
[1.20516, 1.20527] ; [0.844366, 0.845844]
[1.20656, 1.20668] ; [0.845844, 0.847322]
[1.20796, 1.20808] ; [0.847322, 0.848801]
[1.20937, 1.20949] ; [0.848801, 0.850279]
[1.21078, 1.21089] ; [0.850279, 0.851759]
[1.21219, 1.21231] ; [0.851759, 0.853241]
[1.21362, 1.21374] ; [0.853241, 0.854741]
[1.21507, 1.21519] ; [0.854741, 0.856261]
[1.21654, 1.21666] ; [0.856261, 0.857799]
[1.21803, 1.21814] ; [0.857799, 0.859356]
[1.21953, 1.21965] ; [0.859356, 0.860932]
[1.22106, 1.22118] ; [0.860932, 0.862526]
[1.2226, 1.22272] ; [0.862526, 0.86414]
[1.22416, 1.22428] ; [0.86414, 0.865771]
[1.22574, 1.22586] ; [0.865771, 0.867422]
[1.22734, 1.22746] ; [0.867422, 0.869092]
[1.22896, 1.22907] ; [0.869092, 0.870779]
[1.23059, 1.23071] ; [0.870779, 0.872485]
[1.23224, 1.23235] ; [0.872485, 0.874208]
[1.2339, 1.23402] ; [0.874208, 0.875949]
[1.23558, 1.2357] ; [0.875949, 0.877708]
[1.23728, 1.2374] ; [0.877708, 0.879486]
[1.23899, 1.23911] ; [0.879486, 0.881282]
[1.24072, 1.24084] ; [0.881282, 0.883097]
[1.24246, 1.24258] ; [0.883097, 0.884931]
[1.24423, 1.24434] ; [0.884931, 0.886785]
[1.246, 1.24612] ; [0.886785, 0.888658]
[1.2478, 1.24792] ; [0.888658, 0.890552]
[1.24961, 1.24973] ; [0.890552, 0.892468]
[1.25144, 1.25156] ; [0.892468, 0.894405]
[1.25328, 1.2534] ; [0.894405, 0.896364]
[1.25515, 1.25527] ; [0.896364, 0.898348]
[1.25703, 1.25715] ; [0.898348, 0.900356]
[1.25894, 1.25906] ; [0.900356, 0.902389]
[1.26086, 1.26098] ; [0.902389, 0.90445]
[1.26281, 1.26293] ; [0.90445, 0.90654]
[1.26478, 1.2649] ; [0.90654, 0.908661]
[1.26677, 1.26689] ; [0.908661, 0.910815]
[1.2688, 1.26892] ; [0.910815, 0.913005]
[1.27085, 1.27097] ; [0.913005, 0.915234]
[1.27294, 1.27305] ; [0.915234, 0.917506]
[1.27506, 1.27518] ; [0.917506, 0.919825]
[1.27722, 1.27734] ; [0.919825, 0.922198]
[1.27944, 1.27955] ; [0.922198, 0.924631]
[1.2817, 1.28182] ; [0.924631, 0.927134]
[1.28404, 1.28416] ; [0.927134, 0.929718]
[1.28645, 1.28657] ; [0.929718, 0.932399]
[1.28895, 1.28907] ; [0.932399, 0.935185]
[1.29131, 1.29143] ; [0.935185, 0.937823]
[1.29357, 1.29369] ; [0.937823, 0.940359]
[1.29575, 1.29587] ; [0.940359, 0.942804]
[1.29785, 1.29797] ; [0.942804, 0.945168]
[1.29988, 1.3] ; [0.945168, 0.947464]
[1.30186, 1.30198] ; [0.947464, 0.949699]
[1.30379, 1.30391] ; [0.949699, 0.951881]
[1.30568, 1.3058] ; [0.951881, 0.954018]
[1.30753, 1.30766] ; [0.954018, 0.956113]
[1.30935, 1.30947] ; [0.956113, 0.958171]
[1.31114, 1.31126] ; [0.958171, 0.960197]
[1.3129, 1.31303] ; [0.960197, 0.962189]
[1.31464, 1.31476] ; [0.962189, 0.96415]
[1.31635, 1.31648] ; [0.96415, 0.966082]
[1.31804, 1.31817] ; [0.966082, 0.967989]
[1.31972, 1.31984] ; [0.967989, 0.969874]
[1.32138, 1.3215] ; [0.969874, 0.971737]
[1.32302, 1.32315] ; [0.971737, 0.973583]
[1.32466, 1.32479] ; [0.973583, 0.975411]
[1.32629, 1.32642] ; [0.975411, 0.977225]
[1.32791, 1.32805] ; [0.977225, 0.979027]
[1.32953, 1.32967] ; [0.979027, 0.980816]
[1.33115, 1.33128] ; [0.980816, 0.982596]
[1.33276, 1.3329] ; [0.982596, 0.984368]
[1.33438, 1.33452] ; [0.984368, 0.986133]
[1.336, 1.33614] ; [0.986133, 0.987892]
[1.33762, 1.33776] ; [0.987892, 0.989648]
[1.33925, 1.33939] ; [0.989648, 0.9914]
[1.34089, 1.34103] ; [0.9914, 0.993152]
[1.34254, 1.34268] ; [0.993152, 0.994903]
[1.34419, 1.34433] ; [0.994903, 0.996656]
[1.34586, 1.34601] ; [0.996656, 0.998411]
[1.34755, 1.34769] ; [0.998411, 1.00017]
[1.34925, 1.3494] ; [1.00017, 1.00194]
[1.35098, 1.35112] ; [1.00194, 1.00371]
[1.35272, 1.35287] ; [1.00371, 1.00549]
[1.35449, 1.35463] ; [1.00549, 1.00728]
[1.35628, 1.35642] ; [1.00728, 1.00908]
[1.3581, 1.35825] ; [1.00908, 1.0109]
[1.35995, 1.3601] ; [1.0109, 1.01273]
[1.36183, 1.36198] ; [1.01273, 1.01458]
[1.36375, 1.3639] ; [1.01458, 1.01645]
[1.3657, 1.36586] ; [1.01645, 1.01834]
[1.3677, 1.36786] ; [1.01834, 1.02025]
[1.36975, 1.3699] ; [1.02025, 1.02219]
[1.37184, 1.372] ; [1.02219, 1.02416]
[1.37398, 1.37414] ; [1.02416, 1.02616]
[1.37619, 1.37635] ; [1.02616, 1.02819]
[1.37845, 1.37861] ; [1.02819, 1.03025]
[1.38077, 1.38094] ; [1.03025, 1.03236]
[1.38316, 1.38333] ; [1.03236, 1.0345]
[1.38548, 1.38565] ; [1.0345, 1.03656]
[1.38778, 1.38795] ; [1.03656, 1.03858]
[1.39006, 1.39023] ; [1.03858, 1.04056]
[1.39232, 1.39249] ; [1.04056, 1.04251]
[1.39456, 1.39473] ; [1.04251, 1.04443]
[1.39679, 1.39697] ; [1.04443, 1.04633]
[1.39902, 1.3992] ; [1.04633, 1.04821]
[1.40125, 1.40142] ; [1.04821, 1.05007]
[1.40347, 1.40364] ; [1.05007, 1.05191]
[1.40569, 1.40587] ; [1.05191, 1.05374]
[1.40791, 1.40809] ; [1.05374, 1.05556]
[1.41014, 1.41032] ; [1.05556, 1.05737]
[1.41238, 1.41256] ; [1.05737, 1.05917]
[1.41462, 1.4148] ; [1.05917, 1.06096]
[1.41687, 1.41705] ; [1.06096, 1.06275]
[1.41912, 1.41931] ; [1.06275, 1.06454]
[1.42139, 1.42157] ; [1.06454, 1.06632]
[1.42367, 1.42385] ; [1.06632, 1.0681]
[1.42596, 1.42614] ; [1.0681, 1.06988]
[1.42826, 1.42845] ; [1.06988, 1.07166]
[1.43058, 1.43076] ; [1.07166, 1.07344]
[1.43291, 1.4331] ; [1.07344, 1.07522]
[1.43525, 1.43544] ; [1.07522, 1.07701]
[1.43762, 1.43781] ; [1.07701, 1.0788]
[1.44, 1.44019] ; [1.0788, 1.08059]
[1.44239, 1.44259] ; [1.08059, 1.08239]
[1.44481, 1.445] ; [1.08239, 1.08419]
[1.44725, 1.44744] ; [1.08419, 1.086]
[1.4497, 1.4499] ; [1.086, 1.08782]
[1.45218, 1.45237] ; [1.08782, 1.08964]
[1.45467, 1.45487] ; [1.08964, 1.09147]
[1.45719, 1.45739] ; [1.09147, 1.09332]
[1.45973, 1.45993] ; [1.09332, 1.09517]
[1.46229, 1.46249] ; [1.09517, 1.09703]
[1.46488, 1.46508] ; [1.09703, 1.0989]
[1.46749, 1.46769] ; [1.0989, 1.10078]
[1.47013, 1.47033] ; [1.10078, 1.10268]
[1.47279, 1.47299] ; [1.10268, 1.10459]
[1.47547, 1.47567] ; [1.10459, 1.10651]
[1.47818, 1.47839] ; [1.10651, 1.10844]
[1.48092, 1.48113] ; [1.10844, 1.11039]
[1.48369, 1.4839] ; [1.11039, 1.11236]
[1.48648, 1.48669] ; [1.11236, 1.11433]
[1.48931, 1.48952] ; [1.11433, 1.11633]
[1.49216, 1.49237] ; [1.11633, 1.11834]
[1.49505, 1.49525] ; [1.11834, 1.12037]
[1.49796, 1.49817] ; [1.12037, 1.12242]
[1.50091, 1.50112] ; [1.12242, 1.12449]
[1.50389, 1.5041] ; [1.12449, 1.12658]
[1.50691, 1.50712] ; [1.12658, 1.12869]
[1.50996, 1.51018] ; [1.12869, 1.13083]
[1.51306, 1.51327] ; [1.13083, 1.13298]
[1.51619, 1.5164] ; [1.13298, 1.13517]
[1.51936, 1.51958] ; [1.13517, 1.13738]
[1.52258, 1.5228] ; [1.13738, 1.13962]
[1.52585, 1.52606] ; [1.13962, 1.14189]
[1.52916, 1.52938] ; [1.14189, 1.1442]
[1.53253, 1.53275] ; [1.1442, 1.14654]
[1.53595, 1.53617] ; [1.14654, 1.14892]
[1.53932, 1.53953] ; [1.14892, 1.15126]
[1.54262, 1.54284] ; [1.15126, 1.15356]
[1.54588, 1.5461] ; [1.15356, 1.15582]
[1.54907, 1.54929] ; [1.15582, 1.15804]
[1.55222, 1.55244] ; [1.15804, 1.16023]
[1.55531, 1.55553] ; [1.16023, 1.16238]
[1.55835, 1.55857] ; [1.16238, 1.1645]
[1.56135, 1.56157] ; [1.1645, 1.16658]
[1.5643, 1.56452] ; [1.16658, 1.16864]
[1.5672, 1.56743] ; [1.16864, 1.17066]
[1.57007, 1.57029] ; [1.17066, 1.17266]
[1.57289, 1.57311] ; [1.17266, 1.17463]
[1.57567, 1.57589] ; [1.17463, 1.17657]
[1.57841, 1.57864] ; [1.17657, 1.17848]
[1.58112, 1.58134] ; [1.17848, 1.18037]
[1.58378, 1.58401] ; [1.18037, 1.18224]
[1.58641, 1.58664] ; [1.18224, 1.18408]
[1.58901, 1.58923] ; [1.18408, 1.1859]
[1.59157, 1.59179] ; [1.1859, 1.18769]
[1.59409, 1.59432] ; [1.18769, 1.18946]
[1.59658, 1.59681] ; [1.18946, 1.19121]
[1.59904, 1.59927] ; [1.19121, 1.19294]
[1.60146, 1.60169] ; [1.19294, 1.19464]
[1.60385, 1.60408] ; [1.19464, 1.19632]
[1.60621, 1.60644] ; [1.19632, 1.19798]
[1.60854, 1.60877] ; [1.19798, 1.19962]
[1.61084, 1.61107] ; [1.19962, 1.20124]
[1.6131, 1.61333] ; [1.20124, 1.20284]
[1.61535, 1.61558] ; [1.20284, 1.20442]
[1.6176, 1.61783] ; [1.20442, 1.20601]
[1.61984, 1.62007] ; [1.20601, 1.20759]
[1.62208, 1.62231] ; [1.20759, 1.20917]
[1.62431, 1.62454] ; [1.20917, 1.21074]
[1.62653, 1.62676] ; [1.21074, 1.21232]
[1.62875, 1.62898] ; [1.21232, 1.21389]
[1.63097, 1.6312] ; [1.21389, 1.21546]
[1.63318, 1.63341] ; [1.21546, 1.21702]
[1.63539, 1.63562] ; [1.21702, 1.21859]
[1.6376, 1.63783] ; [1.21859, 1.22015]
[1.6398, 1.64003] ; [1.22015, 1.22171]
[1.642, 1.64223] ; [1.22171, 1.22327]
[1.6442, 1.64443] ; [1.22327, 1.22482]
[1.6464, 1.64663] ; [1.22482, 1.22638]
[1.64859, 1.64882] ; [1.22638, 1.22793]
[1.65078, 1.65101] ; [1.22793, 1.22949]
[1.65297, 1.6532] ; [1.22949, 1.23104]
[1.65516, 1.65539] ; [1.23104, 1.23259]
[1.65735, 1.65758] ; [1.23259, 1.23414]
[1.65953, 1.65976] ; [1.23414, 1.23569]
[1.66172, 1.66195] ; [1.23569, 1.23723]
[1.6639, 1.66413] ; [1.23723, 1.23878]
[1.66608, 1.66632] ; [1.23878, 1.24032]
[1.66827, 1.6685] ; [1.24032, 1.24187]
[1.67045, 1.67068] ; [1.24187, 1.24341]
[1.67263, 1.67286] ; [1.24341, 1.24495]
[1.67481, 1.67504] ; [1.24495, 1.24649]
[1.67699, 1.67722] ; [1.24649, 1.24803]
[1.67917, 1.6794] ; [1.24803, 1.24957]
[1.68135, 1.68158] ; [1.24957, 1.25111]
[1.68353, 1.68376] ; [1.25111, 1.25265]
[1.68571, 1.68595] ; [1.25265, 1.25419]
[1.6879, 1.68813] ; [1.25419, 1.25573]
[1.69009, 1.69032] ; [1.25573, 1.25727]
[1.69228, 1.69251] ; [1.25727, 1.25881]
[1.69447, 1.6947] ; [1.25881, 1.26035]
[1.69667, 1.6969] ; [1.26035, 1.26189]
[1.69887, 1.6991] ; [1.26189, 1.26343]
[1.70107, 1.70131] ; [1.26343, 1.26498]
[1.7033, 1.70354] ; [1.26498, 1.26654]
[1.70556, 1.70579] ; [1.26654, 1.26811]
[1.70784, 1.70808] ; [1.26811, 1.26971]
[1.71015, 1.71038] ; [1.26971, 1.27132]
[1.71248, 1.71272] ; [1.27132, 1.27294]
[1.71484, 1.71508] ; [1.27294, 1.27458]
[1.71723, 1.71746] ; [1.27458, 1.27624]
[1.71964, 1.71988] ; [1.27624, 1.27791]
[1.72208, 1.72232] ; [1.27791, 1.2796]
[1.72456, 1.7248] ; [1.2796, 1.28131]
[1.72706, 1.7273] ; [1.28131, 1.28304]
[1.72959, 1.72983] ; [1.28304, 1.28479]
[1.73216, 1.7324] ; [1.28479, 1.28655]
[1.73476, 1.735] ; [1.28655, 1.28834]
[1.73739, 1.73763] ; [1.28834, 1.29014]
[1.74006, 1.7403] ; [1.29014, 1.29197]
[1.74277, 1.74301] ; [1.29197, 1.29381]
[1.74552, 1.74576] ; [1.29381, 1.29569]
[1.7483, 1.74855] ; [1.29569, 1.29758]
[1.75114, 1.75138] ; [1.29758, 1.2995]
[1.75401, 1.75426] ; [1.2995, 1.30145]
[1.75694, 1.75719] ; [1.30145, 1.30343]
[1.75993, 1.76017] ; [1.30343, 1.30544]
[1.76296, 1.76321] ; [1.30544, 1.30748]
[1.76607, 1.76631] ; [1.30748, 1.30956]
[1.76924, 1.76948] ; [1.30956, 1.31169]
[1.77248, 1.77273] ; [1.31169, 1.31385]
[1.77581, 1.77606] ; [1.31385, 1.31607]
[1.77923, 1.77948] ; [1.31607, 1.31834]
[1.78276, 1.78301] ; [1.31834, 1.32068]
[1.78641, 1.78666] ; [1.32068, 1.3231]
[1.7902, 1.79046] ; [1.3231, 1.3256]
[1.79396, 1.79421] ; [1.3256, 1.32808]
[1.79757, 1.79782] ; [1.32808, 1.33045]
[1.80107, 1.80132] ; [1.33045, 1.33274]
[1.80447, 1.80472] ; [1.33274, 1.33497]
[1.80778, 1.80804] ; [1.33497, 1.33714]
[1.81102, 1.81128] ; [1.33714, 1.33925]
[1.81419, 1.81445] ; [1.33925, 1.34132]
[1.8173, 1.81756] ; [1.34132, 1.34335]
[1.82035, 1.82061] ; [1.34335, 1.34534]
[1.82335, 1.82362] ; [1.34534, 1.34729]
[1.82631, 1.82657] ; [1.34729, 1.34922]
[1.82922, 1.82949] ; [1.34922, 1.35111]
[1.83209, 1.83236] ; [1.35111, 1.35298]
[1.83493, 1.8352] ; [1.35298, 1.35483]
[1.83772, 1.838] ; [1.35483, 1.35665]
[1.84048, 1.84076] ; [1.35665, 1.35844]
[1.84321, 1.84348] ; [1.35844, 1.36022]
[1.8459, 1.84617] ; [1.36022, 1.36197]
[1.84856, 1.84884] ; [1.36197, 1.36371]
[1.85119, 1.85147] ; [1.36371, 1.36543]
[1.8538, 1.85408] ; [1.36543, 1.36714]
[1.85638, 1.85666] ; [1.36714, 1.36883]
[1.85893, 1.85922] ; [1.36883, 1.37051]
[1.86147, 1.86176] ; [1.37051, 1.37218]
[1.86398, 1.86427] ; [1.37218, 1.37383]
[1.86648, 1.86677] ; [1.37383, 1.37548]
[1.86896, 1.86925] ; [1.37548, 1.37712]
[1.87142, 1.87171] ; [1.37712, 1.37876]
[1.87386, 1.87416] ; [1.37876, 1.38039]
[1.87629, 1.87659] ; [1.38039, 1.38201]
[1.87871, 1.87901] ; [1.38201, 1.38363]
[1.88111, 1.88142] ; [1.38363, 1.38524]
[1.8835, 1.88381] ; [1.38524, 1.38685]
[1.88589, 1.88619] ; [1.38685, 1.38846]
[1.88826, 1.88857] ; [1.38846, 1.39007]
[1.89062, 1.89093] ; [1.39007, 1.39168]
[1.89297, 1.89329] ; [1.39168, 1.39329]
[1.89532, 1.89564] ; [1.39329, 1.39491]
[1.89766, 1.89798] ; [1.39491, 1.39652]
[1.89999, 1.90031] ; [1.39652, 1.39814]
[1.90232, 1.90264] ; [1.39814, 1.39976]
[1.90464, 1.90497] ; [1.39976, 1.40139]
[1.90696, 1.9073] ; [1.40139, 1.40303]
[1.90928, 1.90962] ; [1.40303, 1.40467]
[1.9116, 1.91194] ; [1.40467, 1.40632]
[1.91392, 1.91426] ; [1.40632, 1.40798]
[1.91624, 1.91658] ; [1.40798, 1.40965]
[1.91856, 1.9189] ; [1.40965, 1.41133]
[1.92088, 1.92123] ; [1.41133, 1.41303]
[1.92321, 1.92356] ; [1.41303, 1.41474]
[1.92554, 1.92589] ; [1.41474, 1.41646]
[1.92787, 1.92823] ; [1.41646, 1.4182]
[1.93022, 1.93058] ; [1.4182, 1.41996]
[1.93257, 1.93293] ; [1.41996, 1.42174]
[1.93493, 1.93529] ; [1.42174, 1.42354]
[1.9373, 1.93767] ; [1.42354, 1.42536]
[1.93968, 1.94005] ; [1.42536, 1.4272]
[1.94207, 1.94244] ; [1.4272, 1.42907]
[1.94447, 1.94485] ; [1.42907, 1.43096]
[1.9469, 1.94728] ; [1.43096, 1.43289]
[1.94933, 1.94972] ; [1.43289, 1.43484]
[1.95168, 1.95207] ; [1.43484, 1.43674]
[1.95397, 1.95436] ; [1.43674, 1.43861]
[1.9562, 1.9566] ; [1.43861, 1.44045]
[1.95838, 1.95878] ; [1.44045, 1.44226]
[1.96051, 1.96092] ; [1.44226, 1.44405]
[1.9626, 1.96301] ; [1.44405, 1.44582]
[1.96466, 1.96507] ; [1.44582, 1.44758]
[1.96667, 1.96709] ; [1.44758, 1.44931]
[1.96865, 1.96907] ; [1.44931, 1.45103]
[1.97061, 1.97103] ; [1.45103, 1.45274]
[1.97253, 1.97295] ; [1.45274, 1.45444]
[1.97443, 1.97485] ; [1.45444, 1.45612]
[1.9763, 1.97673] ; [1.45612, 1.4578]
[1.97815, 1.97858] ; [1.4578, 1.45948]
[1.97997, 1.98041] ; [1.45948, 1.46114]
[1.98178, 1.98221] ; [1.46114, 1.46279]
[1.98356, 1.984] ; [1.46279, 1.46445]
[1.98532, 1.98577] ; [1.46445, 1.46609]
[1.98707, 1.98752] ; [1.46609, 1.46773]
[1.9888, 1.98925] ; [1.46773, 1.46937]
[1.99051, 1.99097] ; [1.46937, 1.47101]
[1.99221, 1.99267] ; [1.47101, 1.47264]
[1.9939, 1.99436] ; [1.47264, 1.47427]
[1.99558, 1.99604] ; [1.47427, 1.4759]
[1.99724, 1.99771] ; [1.4759, 1.47753]
[1.99889, 1.99936] ; [1.47753, 1.47917]
[2.00053, 2.00101] ; [1.47917, 1.4808]
[2.00217, 2.00265] ; [1.4808, 1.48244]
[2.0038, 2.00428] ; [1.48244, 1.48407]
[2.00541, 2.0059] ; [1.48407, 1.48571]
[2.00703, 2.00752] ; [1.48571, 1.48736]
[2.00863, 2.00912] ; [1.48736, 1.489]
[2.01023, 2.01073] ; [1.489, 1.49065]
[2.01183, 2.01233] ; [1.49065, 1.49231]
[2.01342, 2.01392] ; [1.49231, 1.49397]
[2.01501, 2.01552] ; [1.49397, 1.49564]
[2.0166, 2.01711] ; [1.49564, 1.49731]
[2.01818, 2.01869] ; [1.49731, 1.49899]
[2.01976, 2.02028] ; [1.49899, 1.50067]
[2.02135, 2.02187] ; [1.50067, 1.50236]
[2.02293, 2.02345] ; [1.50236, 1.50406]
[2.02451, 2.02504] ; [1.50406, 1.50577]
[2.02609, 2.02662] ; [1.50577, 1.50749]
[2.02768, 2.02821] ; [1.50749, 1.50921]
[2.02927, 2.0298] ; [1.50921, 1.51095]
[2.03086, 2.0314] ; [1.51095, 1.51269]
[2.03245, 2.033] ; [1.51269, 1.51445]
[2.03405, 2.0346] ; [1.51445, 1.51622]
[2.03566, 2.03621] ; [1.51622, 1.51799]
[2.03727, 2.03782] ; [1.51799, 1.51978]
[2.03889, 2.03944] ; [1.51978, 1.52159]
[2.04051, 2.04107] ; [1.52159, 1.5234]
[2.04215, 2.04271] ; [1.5234, 1.52523]
[2.04379, 2.04435] ; [1.52523, 1.52707]
[2.04544, 2.046] ; [1.52707, 1.52893]
[2.0471, 2.04767] ; [1.52893, 1.53081]
[2.04878, 2.04935] ; [1.53081, 1.5327]
[2.05046, 2.05104] ; [1.5327, 1.5346]
[2.05216, 2.05274] ; [1.5346, 1.53653]
[2.05388, 2.05446] ; [1.53653, 1.53848]
[2.05561, 2.05619] ; [1.53848, 1.54044]
[2.05736, 2.05794] ; [1.54044, 1.54243]
[2.05913, 2.05972] ; [1.54243, 1.54444]
[2.06092, 2.06151] ; [1.54444, 1.54647]
[2.06273, 2.06332] ; [1.54647, 1.54853]
[2.06456, 2.06516] ; [1.54853, 1.55062]
[2.06643, 2.06702] ; [1.55062, 1.55274]
[2.0683, 2.0689] ; [1.55274, 1.55487]
[2.07014, 2.07074] ; [1.55487, 1.55696]
[2.07195, 2.07256] ; [1.55696, 1.55902]
[2.07374, 2.07434] ; [1.55902, 1.56105]
[2.0755, 2.07611] ; [1.56105, 1.56304]
[2.07723, 2.07785] ; [1.56304, 1.56501]
[2.07895, 2.07956] ; [1.56501, 1.56695]
[2.08064, 2.08125] ; [1.56695, 1.56886]
[2.08231, 2.08293] ; [1.56886, 1.57075]
[2.08396, 2.08458] ; [1.57075, 1.57261]
[2.08559, 2.08621] ; [1.57261, 1.57444]
[2.0872, 2.08783] ; [1.57444, 1.57626]
[2.08879, 2.08942] ; [1.57626, 1.57805]
[2.09037, 2.091] ; [1.57805, 1.57982]
[2.09193, 2.09256] ; [1.57982, 1.58156]
[2.09347, 2.09411] ; [1.58156, 1.58329]
[2.09501, 2.09565] ; [1.58329, 1.58501]
[2.09655, 2.09719] ; [1.58501, 1.58672]
[2.09808, 2.09872] ; [1.58672, 1.58843]
[2.09961, 2.10026] ; [1.58843, 1.59013]
[2.10114, 2.10179] ; [1.59013, 1.59182]
[2.10267, 2.10332] ; [1.59182, 1.59352]
[2.10419, 2.10485] ; [1.59352, 1.5952]
[2.10572, 2.10637] ; [1.5952, 1.59689]
[2.10724, 2.1079] ; [1.59689, 1.59857]
[2.10876, 2.10942] ; [1.59857, 1.60024]
[2.11029, 2.11095] ; [1.60024, 1.60191]
[2.11181, 2.11247] ; [1.60191, 1.60358]
[2.11333, 2.11399] ; [1.60358, 1.60525]
[2.11485, 2.11552] ; [1.60525, 1.60691]
[2.11637, 2.11704] ; [1.60691, 1.60857]
[2.11789, 2.11856] ; [1.60857, 1.61023]
[2.11942, 2.12009] ; [1.61023, 1.61189]
[2.12094, 2.12161] ; [1.61189, 1.61354]
[2.12246, 2.12314] ; [1.61354, 1.6152]
[2.12399, 2.12466] ; [1.6152, 1.61685]
[2.12551, 2.12619] ; [1.61685, 1.6185]
[2.12704, 2.12772] ; [1.6185, 1.62014]
[2.12857, 2.12925] ; [1.62014, 1.62179]
[2.1301, 2.13078] ; [1.62179, 1.62344]
[2.13163, 2.13231] ; [1.62344, 1.62509]
[2.13316, 2.13384] ; [1.62509, 1.62673]
[2.13469, 2.13538] ; [1.62673, 1.62838]
[2.13623, 2.13691] ; [1.62838, 1.63002]
[2.13777, 2.13845] ; [1.63002, 1.63167]
[2.1393, 2.13999] ; [1.63167, 1.63331]
[2.14085, 2.14154] ; [1.63331, 1.63496]
[2.14239, 2.14308] ; [1.63496, 1.63661]
[2.14394, 2.14463] ; [1.63661, 1.63825]
[2.14548, 2.14618] ; [1.63825, 1.6399]
[2.14704, 2.14773] ; [1.6399, 1.64155]
[2.14859, 2.14929] ; [1.64155, 1.6432]
[2.15015, 2.15084] ; [1.6432, 1.64485]
[2.15171, 2.1524] ; [1.64485, 1.64651]
[2.15327, 2.15397] ; [1.64651, 1.64816]
[2.15483, 2.15553] ; [1.64816, 1.64982]
[2.1564, 2.1571] ; [1.64982, 1.65148]
[2.15798, 2.15868] ; [1.65148, 1.65314]
[2.15955, 2.16026] ; [1.65314, 1.65481]
[2.16113, 2.16184] ; [1.65481, 1.65648]
[2.16272, 2.16342] ; [1.65648, 1.65815]
[2.16431, 2.16501] ; [1.65815, 1.65982]
[2.1659, 2.16661] ; [1.65982, 1.6615]
[2.1675, 2.16821] ; [1.6615, 1.66319]
[2.1691, 2.16981] ; [1.66319, 1.66487]
[2.17071, 2.17142] ; [1.66487, 1.66657]
[2.17232, 2.17303] ; [1.66657, 1.66826]
[2.17394, 2.17465] ; [1.66826, 1.66996]
[2.17556, 2.17627] ; [1.66996, 1.67166]
[2.17718, 2.17789] ; [1.67166, 1.67337]
[2.17882, 2.17953] ; [1.67337, 1.67509]
[2.18047, 2.18119] ; [1.67509, 1.67683]
[2.18214, 2.18286] ; [1.67683, 1.67859]
[2.18384, 2.18455] ; [1.67859, 1.68037]
[2.18555, 2.18626] ; [1.68037, 1.68216]
[2.18728, 2.18799] ; [1.68216, 1.68398]
[2.18903, 2.18974] ; [1.68398, 1.68582]
[2.19079, 2.19151] ; [1.68582, 1.68767]
[2.19259, 2.19331] ; [1.68767, 1.68955]
[2.1944, 2.19512] ; [1.68955, 1.69146]
[2.19623, 2.19696] ; [1.69146, 1.69338]
[2.19809, 2.19882] ; [1.69338, 1.69534]
[2.19997, 2.2007] ; [1.69534, 1.69731]
[2.20188, 2.20261] ; [1.69731, 1.69932]
[2.20382, 2.20455] ; [1.69932, 1.70135]
[2.20578, 2.20651] ; [1.70135, 1.70341]
[2.20777, 2.2085] ; [1.70341, 1.7055]
[2.20979, 2.21053] ; [1.7055, 1.70762]
[2.21185, 2.21259] ; [1.70762, 1.70978]
[2.21394, 2.21468] ; [1.70978, 1.71197]
[2.21606, 2.2168] ; [1.71197, 1.7142]
[2.21823, 2.21897] ; [1.7142, 1.71647]
[2.22043, 2.22118] ; [1.71647, 1.71878]
[2.22268, 2.22343] ; [1.71878, 1.72114]
[2.22498, 2.22574] ; [1.72114, 1.72354]
[2.22733, 2.22809] ; [1.72354, 1.726]
[2.22971, 2.23048] ; [1.726, 1.72849]
[2.23203, 2.2328] ; [1.72849, 1.73091]
[2.23429, 2.23506] ; [1.73091, 1.73327]
[2.23651, 2.23728] ; [1.73327, 1.73558]
[2.23868, 2.23946] ; [1.73558, 1.73784]
[2.24083, 2.24161] ; [1.73784, 1.74006]
[2.24293, 2.24372] ; [1.74006, 1.74225]
[2.24501, 2.24581] ; [1.74225, 1.7444]
[2.24707, 2.24787] ; [1.7444, 1.74653]
[2.2491, 2.24991] ; [1.74653, 1.74862]
[2.25112, 2.25193] ; [1.74862, 1.75069]
[2.25312, 2.25393] ; [1.75069, 1.75274]
[2.2551, 2.25592] ; [1.75274, 1.75477]
[2.25707, 2.25789] ; [1.75477, 1.75679]
[2.25903, 2.25986] ; [1.75679, 1.75878]
[2.26098, 2.26181] ; [1.75878, 1.76076]
[2.26292, 2.26376] ; [1.76076, 1.76273]
[2.26486, 2.26571] ; [1.76273, 1.76468]
[2.26679, 2.26764] ; [1.76468, 1.76662]
[2.26872, 2.26958] ; [1.76662, 1.76856]
[2.27065, 2.27151] ; [1.76856, 1.77048]
[2.27258, 2.27345] ; [1.77048, 1.7724]
[2.27451, 2.27538] ; [1.7724, 1.77432]
[2.27644, 2.27732] ; [1.77432, 1.77622]
[2.27838, 2.27926] ; [1.77622, 1.77813]
[2.28032, 2.2812] ; [1.77813, 1.78003]
[2.28226, 2.28316] ; [1.78003, 1.78193]
[2.28421, 2.28511] ; [1.78193, 1.78382]
[2.28617, 2.28708] ; [1.78382, 1.78572]
[2.28814, 2.28906] ; [1.78572, 1.78762]
[2.29012, 2.29104] ; [1.78762, 1.78951]
[2.29212, 2.29304] ; [1.78951, 1.79141]
[2.29412, 2.29505] ; [1.79141, 1.79332]
[2.29615, 2.29708] ; [1.79332, 1.79523]
[2.29818, 2.29913] ; [1.79523, 1.79714]
[2.30024, 2.30119] ; [1.79714, 1.79907]
[2.30231, 2.30326] ; [1.79907, 1.80099]
[2.3044, 2.30536] ; [1.80099, 1.80293]
[2.30651, 2.30748] ; [1.80293, 1.80488]
[2.30865, 2.30962] ; [1.80488, 1.80683]
[2.31081, 2.31179] ; [1.80683, 1.8088]
[2.31299, 2.31398] ; [1.8088, 1.81078]
[2.3152, 2.31619] ; [1.81078, 1.81277]
[2.31744, 2.31844] ; [1.81277, 1.81477]
[2.31971, 2.32071] ; [1.81477, 1.81679]
[2.322, 2.32301] ; [1.81679, 1.81883]
[2.32433, 2.32535] ; [1.81883, 1.82088]
[2.32669, 2.32771] ; [1.82088, 1.82295]
[2.32909, 2.33011] ; [1.82295, 1.82504]
[2.33147, 2.3325] ; [1.82504, 1.8271]
[2.33384, 2.33488] ; [1.8271, 1.82914]
[2.3362, 2.33724] ; [1.82914, 1.83116]
[2.33855, 2.3396] ; [1.83116, 1.83317]
[2.3409, 2.34195] ; [1.83317, 1.83515]
[2.34324, 2.3443] ; [1.83515, 1.83713]
[2.34558, 2.34664] ; [1.83713, 1.83909]
[2.34791, 2.34898] ; [1.83909, 1.84104]
[2.35025, 2.35132] ; [1.84104, 1.84298]
[2.35259, 2.35367] ; [1.84298, 1.84491]
[2.35493, 2.35601] ; [1.84491, 1.84683]
[2.35727, 2.35835] ; [1.84683, 1.84875]
[2.35961, 2.3607] ; [1.84875, 1.85066]
[2.36196, 2.36306] ; [1.85066, 1.85257]
[2.36432, 2.36542] ; [1.85257, 1.85447]
[2.36668, 2.36779] ; [1.85447, 1.85637]
[2.36905, 2.37016] ; [1.85637, 1.85827]
[2.37142, 2.37254] ; [1.85827, 1.86016]
[2.3738, 2.37492] ; [1.86016, 1.86205]
[2.37619, 2.37731] ; [1.86205, 1.86394]
[2.37858, 2.37972] ; [1.86394, 1.86583]
[2.38099, 2.38213] ; [1.86583, 1.86773]
[2.38341, 2.38455] ; [1.86773, 1.86962]
[2.38584, 2.38699] ; [1.86962, 1.87151]
[2.38828, 2.38943] ; [1.87151, 1.87341]
[2.39073, 2.39189] ; [1.87341, 1.87531]
[2.3932, 2.39436] ; [1.87531, 1.87722]
[2.39568, 2.39685] ; [1.87722, 1.87913]
[2.39818, 2.39935] ; [1.87913, 1.88104]
[2.40069, 2.40187] ; [1.88104, 1.88296]
[2.40322, 2.4044] ; [1.88296, 1.88489]
[2.40576, 2.40695] ; [1.88489, 1.88683]
[2.40832, 2.40951] ; [1.88683, 1.88877]
[2.4109, 2.4121] ; [1.88877, 1.89072]
[2.4135, 2.4147] ; [1.89072, 1.89268]
[2.41612, 2.41732] ; [1.89268, 1.89465]
[2.41876, 2.41997] ; [1.89465, 1.89663]
[2.42142, 2.42263] ; [1.89663, 1.89863]
[2.4241, 2.42532] ; [1.89863, 1.90063]
[2.4268, 2.42803] ; [1.90063, 1.90265]
[2.42953, 2.43076] ; [1.90265, 1.90468]
[2.43228, 2.43351] ; [1.90468, 1.90672]
[2.43506, 2.4363] ; [1.90672, 1.90878]
[2.43786, 2.4391] ; [1.90878, 1.91085]
[2.4407, 2.44194] ; [1.91085, 1.91294]
[2.44356, 2.4448] ; [1.91294, 1.91505]
[2.44645, 2.4477] ; [1.91505, 1.91717]
[2.44937, 2.45063] ; [1.91717, 1.91932]
[2.45233, 2.45359] ; [1.91932, 1.92149]
[2.4553, 2.45656] ; [1.92149, 1.92366]
[2.45825, 2.45951] ; [1.92366, 1.92582]
[2.46117, 2.46244] ; [1.92582, 1.92795]
[2.46408, 2.46535] ; [1.92795, 1.93007]
[2.46696, 2.46824] ; [1.93007, 1.93217]
[2.46982, 2.4711] ; [1.93217, 1.93425]
[2.47265, 2.47394] ; [1.93425, 1.93631]
[2.47547, 2.47675] ; [1.93631, 1.93835]
[2.47826, 2.47954] ; [1.93835, 1.94038]
[2.48102, 2.48231] ; [1.94038, 1.94238]
[2.48376, 2.48506] ; [1.94238, 1.94436]
[2.48648, 2.48777] ; [1.94436, 1.94633]
[2.48917, 2.49047] ; [1.94633, 1.94828]
[2.49184, 2.49314] ; [1.94828, 1.9502]
[2.49448, 2.49578] ; [1.9502, 1.95211]
[2.49709, 2.4984] ; [1.95211, 1.954]
[2.49969, 2.50099] ; [1.954, 1.95587]
[2.50225, 2.50356] ; [1.95587, 1.95772]
[2.50481, 2.50612] ; [1.95772, 1.95957]
[2.50736, 2.50868] ; [1.95957, 1.96141]
[2.50991, 2.51123] ; [1.96141, 1.96324]
[2.51245, 2.51377] ; [1.96324, 1.96507]
[2.51498, 2.5163] ; [1.96507, 1.9669]
[2.51751, 2.51883] ; [1.9669, 1.96871]
[2.52003, 2.52136] ; [1.96871, 1.97053]
[2.52255, 2.52388] ; [1.97053, 1.97234]
[2.52506, 2.52639] ; [1.97234, 1.97415]
[2.52757, 2.5289] ; [1.97415, 1.97595]
[2.53007, 2.5314] ; [1.97595, 1.97775]
[2.53257, 2.5339] ; [1.97775, 1.97954]
[2.53506, 2.5364] ; [1.97954, 1.98133]
[2.53755, 2.53889] ; [1.98133, 1.98312]
[2.54003, 2.54137] ; [1.98312, 1.9849]
[2.54252, 2.54386] ; [1.9849, 1.98668]
[2.54499, 2.54634] ; [1.98668, 1.98846]
[2.54747, 2.54881] ; [1.98846, 1.99024]
[2.54994, 2.55129] ; [1.99024, 1.99201]
[2.55241, 2.55376] ; [1.99201, 1.99378]
[2.55488, 2.55622] ; [1.99378, 1.99555]
[2.55734, 2.55869] ; [1.99555, 1.99732]
[2.5598, 2.56115] ; [1.99732, 1.99908]
[2.56226, 2.56362] ; [1.99908, 2.00084]
[2.56472, 2.56607] ; [2.00084, 2.0026]
[2.56717, 2.56853] ; [2.0026, 2.00436]
[2.56963, 2.57098] ; [2.00436, 2.00611]
[2.57208, 2.57343] ; [2.00611, 2.00787]
[2.57452, 2.57588] ; [2.00787, 2.00962]
[2.57697, 2.57833] ; [2.00962, 2.01137]
[2.57941, 2.58077] ; [2.01137, 2.01311]
[2.58186, 2.58322] ; [2.01311, 2.01486]
[2.5843, 2.58566] ; [2.01486, 2.0166]
[2.58674, 2.5881] ; [2.0166, 2.01834]
[2.58918, 2.59054] ; [2.01834, 2.02009]
[2.59162, 2.59298] ; [2.02009, 2.02183]
[2.59406, 2.59543] ; [2.02183, 2.02357]
[2.5965, 2.59787] ; [2.02357, 2.02531]
[2.59894, 2.60031] ; [2.02531, 2.02704]
[2.60138, 2.60275] ; [2.02704, 2.02878]
[2.60382, 2.6052] ; [2.02878, 2.03052]
[2.60626, 2.60764] ; [2.03052, 2.03226]
[2.60871, 2.61009] ; [2.03226, 2.034]
[2.61116, 2.61254] ; [2.034, 2.03574]
[2.61361, 2.61499] ; [2.03574, 2.03748]
[2.61606, 2.61745] ; [2.03748, 2.03922]
[2.61852, 2.61991] ; [2.03922, 2.04097]
[2.62098, 2.62237] ; [2.04097, 2.04271]
[2.62345, 2.62484] ; [2.04271, 2.04446]
[2.62592, 2.62731] ; [2.04446, 2.04621]
[2.6284, 2.62979] ; [2.04621, 2.04796]
[2.63088, 2.63227] ; [2.04796, 2.04972]
[2.63336, 2.63476] ; [2.04972, 2.05148]
[2.63586, 2.63726] ; [2.05148, 2.05324]
[2.63836, 2.63976] ; [2.05324, 2.05501]
[2.64087, 2.64227] ; [2.05501, 2.05678]
[2.64339, 2.64479] ; [2.05678, 2.05855]
[2.64591, 2.64732] ; [2.05855, 2.06033]
[2.64845, 2.64986] ; [2.06033, 2.06212]
[2.651, 2.65241] ; [2.06212, 2.06391]
[2.65355, 2.65497] ; [2.06391, 2.06571]
[2.65612, 2.65754] ; [2.06571, 2.06751]
[2.6587, 2.66012] ; [2.06751, 2.06932]
[2.6613, 2.66272] ; [2.06932, 2.07114]
[2.66391, 2.66533] ; [2.07114, 2.07297]
[2.66653, 2.66796] ; [2.07297, 2.07481]
[2.66917, 2.6706] ; [2.07481, 2.07666]
[2.67182, 2.67326] ; [2.07666, 2.07852]
[2.6745, 2.67593] ; [2.07852, 2.08038]
[2.67719, 2.67863] ; [2.08038, 2.08227]
[2.6799, 2.68134] ; [2.08227, 2.08416]
[2.68264, 2.68409] ; [2.08416, 2.08607]
[2.68542, 2.68687] ; [2.08607, 2.08801]
[2.68824, 2.68969] ; [2.08801, 2.08998]
[2.6911, 2.69256] ; [2.08998, 2.09197]
[2.694, 2.69546] ; [2.09197, 2.09399]
[2.69695, 2.69841] ; [2.09399, 2.09604]
[2.69994, 2.70141] ; [2.09604, 2.09813]
[2.70299, 2.70445] ; [2.09813, 2.10024]
[2.70608, 2.70755] ; [2.10024, 2.1024]
[2.70923, 2.7107] ; [2.1024, 2.10458]
[2.71239, 2.71387] ; [2.10458, 2.10679]
[2.7155, 2.71698] ; [2.10679, 2.10894]
[2.71855, 2.72004] ; [2.10894, 2.11107]
[2.72156, 2.72305] ; [2.11107, 2.11316]
[2.72451, 2.72601] ; [2.11316, 2.11521]
[2.72741, 2.72892] ; [2.11521, 2.11723]
[2.73027, 2.73178] ; [2.11723, 2.11922]
[2.73309, 2.7346] ; [2.11922, 2.12118]
[2.73587, 2.73739] ; [2.12118, 2.12312]
[2.73862, 2.74014] ; [2.12312, 2.12504]
[2.74133, 2.74285] ; [2.12504, 2.12693]
[2.74401, 2.74553] ; [2.12693, 2.1288]
[2.74666, 2.74819] ; [2.1288, 2.13065]
[2.74928, 2.75081] ; [2.13065, 2.13248]
[2.75187, 2.75341] ; [2.13248, 2.1343]
[2.75444, 2.75599] ; [2.1343, 2.1361]
[2.75699, 2.75854] ; [2.1361, 2.13789]
[2.75951, 2.76106] ; [2.13789, 2.13967]
[2.76201, 2.76357] ; [2.13967, 2.14143]
[2.76449, 2.76605] ; [2.14143, 2.14318]
[2.76695, 2.76852] ; [2.14318, 2.14492]
[2.76939, 2.77096] ; [2.14492, 2.14664]
[2.77181, 2.77338] ; [2.14664, 2.14836]
[2.77422, 2.77579] ; [2.14836, 2.15007]
[2.7766, 2.77818] ; [2.15007, 2.15176]
[2.77897, 2.78055] ; [2.15176, 2.15346]
[2.78133, 2.78291] ; [2.15346, 2.15514]
[2.78367, 2.78525] ; [2.15514, 2.15681]
[2.78599, 2.78758] ; [2.15681, 2.15848]
[2.7883, 2.7899] ; [2.15848, 2.16015]
[2.7906, 2.7922] ; [2.16015, 2.16181]
[2.79288, 2.79449] ; [2.16181, 2.16346]
[2.79516, 2.79676] ; [2.16346, 2.16511]
[2.79741, 2.79902] ; [2.16511, 2.16675]
[2.79966, 2.80127] ; [2.16675, 2.16839]
[2.8019, 2.80351] ; [2.16839, 2.17003]
[2.80412, 2.80574] ; [2.17003, 2.17166]
[2.80633, 2.80795] ; [2.17166, 2.17329]
[2.80853, 2.81016] ; [2.17329, 2.17492]
[2.81072, 2.81235] ; [2.17492, 2.17654]
[2.81289, 2.81454] ; [2.17654, 2.17816]
[2.81506, 2.81671] ; [2.17816, 2.17978]
[2.81721, 2.81888] ; [2.17978, 2.1814]
[2.81936, 2.82104] ; [2.1814, 2.18301]
[2.8215, 2.82319] ; [2.18301, 2.18463]
[2.82363, 2.82534] ; [2.18463, 2.18625]
[2.82576, 2.82747] ; [2.18625, 2.18787]
[2.82787, 2.82961] ; [2.18787, 2.18949]
[2.82999, 2.83173] ; [2.18949, 2.19112]
[2.8321, 2.83385] ; [2.19112, 2.19274]
[2.8342, 2.83597] ; [2.19274, 2.19438]
[2.8363, 2.83808] ; [2.19438, 2.19601]
[2.83839, 2.84019] ; [2.19601, 2.19765]
[2.84048, 2.84229] ; [2.19765, 2.19929]
[2.84257, 2.84439] ; [2.19929, 2.20093]
[2.84465, 2.84649] ; [2.20093, 2.20258]
[2.84673, 2.84858] ; [2.20258, 2.20424]
[2.8488, 2.85067] ; [2.20424, 2.2059]
[2.85087, 2.85276] ; [2.2059, 2.20756]
[2.85294, 2.85484] ; [2.20756, 2.20923]
[2.85501, 2.85692] ; [2.20923, 2.21091]
[2.85707, 2.859] ; [2.21091, 2.21259]
[2.85914, 2.86108] ; [2.21259, 2.21428]
[2.8612, 2.86315] ; [2.21428, 2.21598]
[2.86326, 2.86523] ; [2.21598, 2.21769]
[2.86529, 2.86728] ; [2.21769, 2.21938]
[2.86731, 2.86931] ; [2.21938, 2.22106]
[2.8693, 2.87131] ; [2.22106, 2.22274]
[2.87127, 2.8733] ; [2.22274, 2.2244]
[2.87322, 2.87526] ; [2.2244, 2.22606]
[2.87515, 2.87721] ; [2.22606, 2.22771]
[2.87706, 2.87914] ; [2.22771, 2.22935]
[2.87896, 2.88105] ; [2.22935, 2.23098]
[2.88084, 2.88294] ; [2.23098, 2.23261]
[2.8827, 2.88482] ; [2.23261, 2.23424]
[2.88456, 2.88669] ; [2.23424, 2.23586]
[2.8864, 2.88854] ; [2.23586, 2.23747]
[2.88822, 2.89038] ; [2.23747, 2.23909]
[2.89004, 2.89221] ; [2.23909, 2.2407]
[2.89184, 2.89403] ; [2.2407, 2.24231]
[2.89364, 2.89584] ; [2.24231, 2.24391]
[2.89542, 2.89764] ; [2.24391, 2.24552]
[2.89719, 2.89942] ; [2.24552, 2.24712]
[2.89895, 2.9012] ; [2.24712, 2.24872]
[2.90071, 2.90296] ; [2.24872, 2.25032]
[2.90245, 2.90472] ; [2.25032, 2.25192]
[2.90418, 2.90647] ; [2.25192, 2.25352]
[2.90591, 2.90821] ; [2.25352, 2.25511]
[2.90763, 2.90994] ; [2.25511, 2.25671]
[2.90934, 2.91166] ; [2.25671, 2.25831]
[2.91105, 2.91338] ; [2.25831, 2.2599]
[2.91275, 2.91509] ; [2.2599, 2.2615]
[2.91444, 2.9168] ; [2.2615, 2.2631]
[2.91613, 2.9185] ; [2.2631, 2.2647]
[2.91782, 2.9202] ; [2.2647, 2.26631]
[2.9195, 2.92189] ; [2.26631, 2.26791]
[2.92117, 2.92358] ; [2.26791, 2.26952]
[2.92285, 2.92527] ; [2.26952, 2.27113]
[2.92452, 2.92695] ; [2.27113, 2.27275]
[2.92619, 2.92863] ; [2.27275, 2.27437]
[2.92786, 2.93031] ; [2.27437, 2.27599]
[2.92952, 2.93198] ; [2.27599, 2.27762]
[2.93119, 2.93366] ; [2.27762, 2.27925]
[2.93285, 2.93534] ; [2.27925, 2.28089]
[2.93452, 2.93701] ; [2.28089, 2.28253]
[2.93618, 2.93869] ; [2.28253, 2.28418]
[2.93785, 2.94036] ; [2.28418, 2.28583]
[2.93952, 2.94204] ; [2.28583, 2.28749]
[2.94119, 2.94372] ; [2.28749, 2.28916]
[2.94286, 2.9454] ; [2.28916, 2.29083]
[2.94453, 2.94708] ; [2.29083, 2.29251]
[2.94621, 2.94877] ; [2.29251, 2.2942]
[2.94789, 2.95046] ; [2.2942, 2.2959]
[2.94957, 2.95215] ; [2.2959, 2.2976]
[2.95126, 2.95385] ; [2.2976, 2.29931]
[2.95296, 2.95555] ; [2.29931, 2.30104]
[2.95466, 2.95726] ; [2.30104, 2.30277]
[2.95636, 2.95897] ; [2.30277, 2.30451]
[2.95807, 2.96069] ; [2.30451, 2.30626]
[2.95979, 2.96241] ; [2.30626, 2.30803]
[2.96152, 2.96415] ; [2.30803, 2.3098]
[2.96325, 2.96589] ; [2.3098, 2.31159]
[2.965, 2.96764] ; [2.31159, 2.31339]
[2.96675, 2.9694] ; [2.31339, 2.3152]
[2.96851, 2.97117] ; [2.3152, 2.31702]
[2.97028, 2.97295] ; [2.31702, 2.31886]
[2.97207, 2.97474] ; [2.31886, 2.32071]
[2.97387, 2.97654] ; [2.32071, 2.32259]
[2.97569, 2.97837] ; [2.32259, 2.32449]
[2.97754, 2.98022] ; [2.32449, 2.32641]
[2.97941, 2.9821] ; [2.32641, 2.32836]
[2.98127, 2.98397] ; [2.32836, 2.33031]
[2.98314, 2.98584] ; [2.33031, 2.33226]
[2.98499, 2.9877] ; [2.33226, 2.3342]
[2.98684, 2.98956] ; [2.3342, 2.33614]
[2.98869, 2.99141] ; [2.33614, 2.33808]
[2.99053, 2.99326] ; [2.33808, 2.34001]
[2.99237, 2.9951] ; [2.34001, 2.34194]
[2.99421, 2.99694] ; [2.34194, 2.34386]
[2.99604, 2.99877] ; [2.34386, 2.34578]
[2.99786, 3.0006] ; [2.34578, 2.3477]
[2.99968, 3.00243] ; [2.3477, 2.34961]
[3.0015, 3.00425] ; [2.34961, 2.35152]
[3.00332, 3.00607] ; [2.35152, 2.35343]
[3.00513, 3.00789] ; [2.35343, 2.35533]
[3.00694, 3.0097] ; [2.35533, 2.35724]
[3.00875, 3.01151] ; [2.35724, 2.35913]
[3.01055, 3.01331] ; [2.35913, 2.36103]
[3.01235, 3.01512] ; [2.36103, 2.36292]
[3.01415, 3.01692] ; [2.36292, 2.3648]
[3.01594, 3.01871] ; [2.3648, 2.36668]
[3.01773, 3.0205] ; [2.36668, 2.36856]
[3.01951, 3.02229] ; [2.36856, 2.37043]
[3.02129, 3.02408] ; [2.37043, 2.3723]
[3.02307, 3.02586] ; [2.3723, 2.37416]
[3.02485, 3.02764] ; [2.37416, 2.37602]
[3.02663, 3.02941] ; [2.37602, 2.37788]
[3.0284, 3.03119] ; [2.37788, 2.37974]
[3.03017, 3.03296] ; [2.37974, 2.38159]
[3.03194, 3.03473] ; [2.38159, 2.38344]
[3.03371, 3.0365] ; [2.38344, 2.38528]
[3.03548, 3.03827] ; [2.38528, 2.38713]
[3.03724, 3.04004] ; [2.38713, 2.38897]
[3.03901, 3.04181] ; [2.38897, 2.39082]
[3.04078, 3.04358] ; [2.39082, 2.39266]
[3.04255, 3.04535] ; [2.39266, 2.3945]
[3.04432, 3.04712] ; [2.3945, 2.39634]
[3.04609, 3.04889] ; [2.39634, 2.39818]
[3.04786, 3.05067] ; [2.39818, 2.40002]
[3.04963, 3.05244] ; [2.40002, 2.40186]
[3.0514, 3.05421] ; [2.40186, 2.4037]
[3.05318, 3.05599] ; [2.4037, 2.40554]
[3.05496, 3.05777] ; [2.40554, 2.40738]
[3.05673, 3.05955] ; [2.40738, 2.40922]
[3.05851, 3.06133] ; [2.40922, 2.41106]
[3.0603, 3.06311] ; [2.41106, 2.4129]
[3.06208, 3.0649] ; [2.4129, 2.41475]
[3.06387, 3.06668] ; [2.41475, 2.41659]
[3.06566, 3.06848] ; [2.41659, 2.41844]
[3.06745, 3.07027] ; [2.41844, 2.42028]
[3.06925, 3.07207] ; [2.42028, 2.42213]
[3.07105, 3.07387] ; [2.42213, 2.42399]
[3.07285, 3.07567] ; [2.42399, 2.42584]
[3.07466, 3.07748] ; [2.42584, 2.4277]
[3.07647, 3.07929] ; [2.4277, 2.42956]
[3.07829, 3.08111] ; [2.42956, 2.43142]
[3.08011, 3.08293] ; [2.43142, 2.43329]
[3.08194, 3.08476] ; [2.43329, 2.43516]
[3.08377, 3.08659] ; [2.43516, 2.43704]
[3.0856, 3.08843] ; [2.43704, 2.43892]
[3.08745, 3.09027] ; [2.43892, 2.4408]
[3.08929, 3.09212] ; [2.4408, 2.44269]
[3.09115, 3.09397] ; [2.44269, 2.44458]
[3.093, 3.09583] ; [2.44458, 2.44648]
[3.09486, 3.09769] ; [2.44648, 2.44837]
[3.09673, 3.09956] ; [2.44837, 2.45028]
[3.0986, 3.10143] ; [2.45028, 2.45218]
[3.10048, 3.10331] ; [2.45218, 2.45409]
[3.10236, 3.10519] ; [2.45409, 2.45601]
[3.10425, 3.10708] ; [2.45601, 2.45793]
[3.10615, 3.10898] ; [2.45793, 2.45985]
[3.10805, 3.11088] ; [2.45985, 2.46178]
[3.10996, 3.11279] ; [2.46178, 2.46371]
[3.11187, 3.11471] ; [2.46371, 2.46565]
[3.11379, 3.11663] ; [2.46565, 2.4676]
[3.11572, 3.11856] ; [2.4676, 2.46955]
[3.11766, 3.1205] ; [2.46955, 2.4715]
[3.1196, 3.12244] ; [2.4715, 2.47346]
[3.12156, 3.1244] ; [2.47346, 2.47543]
[3.12352, 3.12636] ; [2.47543, 2.47741]
[3.12549, 3.12833] ; [2.47741, 2.47939]
[3.12746, 3.13031] ; [2.47939, 2.48138]
[3.12945, 3.1323] ; [2.48138, 2.48337]
[3.13145, 3.13429] ; [2.48337, 2.48537]
[3.13345, 3.1363] ; [2.48537, 2.48738]
[3.13547, 3.13831] ; [2.48738, 2.4894]
[3.13749, 3.14034] ; [2.4894, 2.49142]
[3.13952, 3.14237] ; [2.49142, 2.49345]
[3.14157, 3.14442] ; [2.49345, 2.49549]
[3.14362, 3.14647] ; [2.49549, 2.49753]
[3.14568, 3.14854] ; [2.49753, 2.49958]
[3.14776, 3.15061] ; [2.49958, 2.50164]
[3.14985, 3.1527] ; [2.50164, 2.50371]
[3.15195, 3.15481] ; [2.50371, 2.50579]
[3.15403, 3.15689] ; [2.50579, 2.50784]
[3.15609, 3.15895] ; [2.50784, 2.50987]
[3.15814, 3.161] ; [2.50987, 2.51189]
[3.16017, 3.16303] ; [2.51189, 2.51388]
[3.16219, 3.16505] ; [2.51388, 2.51586]
[3.1642, 3.16706] ; [2.51586, 2.51783]
[3.16619, 3.16906] ; [2.51783, 2.51977]
[3.16818, 3.17104] ; [2.51977, 2.5217]
[3.17015, 3.17301] ; [2.5217, 2.52362]
[3.1721, 3.17498] ; [2.52362, 2.52553]
[3.17405, 3.17694] ; [2.52553, 2.52742]
[3.17599, 3.17889] ; [2.52742, 2.5293]
[3.17793, 3.18083] ; [2.5293, 2.53116]
[3.17986, 3.18277] ; [2.53116, 2.53302]
[3.18178, 3.18471] ; [2.53302, 2.53487]
[3.18369, 3.18663] ; [2.53487, 2.53671]
[3.18561, 3.18856] ; [2.53671, 2.53854]
[3.18751, 3.19048] ; [2.53854, 2.54036]
[3.18942, 3.19239] ; [2.54036, 2.54218]
[3.19132, 3.19431] ; [2.54218, 2.54399]
[3.19322, 3.19622] ; [2.54399, 2.54579]
[3.19512, 3.19813] ; [2.54579, 2.54758]
[3.19702, 3.20004] ; [2.54758, 2.54937]
[3.19892, 3.20195] ; [2.54937, 2.55116]
[3.20081, 3.20386] ; [2.55116, 2.55293]
[3.20271, 3.20577] ; [2.55293, 2.55471]
[3.20461, 3.20768] ; [2.55471, 2.55648]
[3.20651, 3.2096] ; [2.55648, 2.55825]
[3.20841, 3.21151] ; [2.55825, 2.56001]
[3.21031, 3.21343] ; [2.56001, 2.56177]
[3.21222, 3.21534] ; [2.56177, 2.56352]
[3.21412, 3.21726] ; [2.56352, 2.56527]
[3.21602, 3.21918] ; [2.56527, 2.56702]
[3.21793, 3.22109] ; [2.56702, 2.56876]
[3.21983, 3.22301] ; [2.56876, 2.57049]
[3.22174, 3.22493] ; [2.57049, 2.57223]
[3.22364, 3.22685] ; [2.57223, 2.57395]
[3.22555, 3.22878] ; [2.57395, 2.57568]
[3.22747, 3.2307] ; [2.57568, 2.5774]
[3.22938, 3.23263] ; [2.5774, 2.57912]
[3.2313, 3.23457] ; [2.57912, 2.58084]
[3.23322, 3.2365] ; [2.58084, 2.58255]
[3.23515, 3.23844] ; [2.58255, 2.58426]
[3.23707, 3.24038] ; [2.58426, 2.58597]
[3.23901, 3.24233] ; [2.58597, 2.58768]
[3.24094, 3.24428] ; [2.58768, 2.58938]
[3.24288, 3.24624] ; [2.58938, 2.59109]
[3.24483, 3.2482] ; [2.59109, 2.59279]
[3.24677, 3.25016] ; [2.59279, 2.59449]
[3.24873, 3.25213] ; [2.59449, 2.5962]
[3.25069, 3.25411] ; [2.5962, 2.5979]
[3.25265, 3.25609] ; [2.5979, 2.5996]
[3.25462, 3.25808] ; [2.5996, 2.6013]
[3.2566, 3.26007] ; [2.6013, 2.603]
[3.25857, 3.26206] ; [2.603, 2.60469]
[3.26054, 3.26405] ; [2.60469, 2.60637]
[3.26251, 3.26603] ; [2.60637, 2.60805]
[3.26447, 3.26801] ; [2.60805, 2.60971]
[3.26643, 3.26999] ; [2.60971, 2.61138]
[3.26839, 3.27196] ; [2.61138, 2.61303]
[3.27035, 3.27394] ; [2.61303, 2.61468]
[3.27231, 3.27591] ; [2.61468, 2.61633]
[3.27427, 3.27789] ; [2.61633, 2.61797]
[3.27623, 3.27986] ; [2.61797, 2.61961]
[3.27819, 3.28184] ; [2.61961, 2.62124]
[3.28016, 3.28382] ; [2.62124, 2.62287]
[3.28212, 3.2858] ; [2.62287, 2.6245]
[3.28409, 3.28778] ; [2.6245, 2.62612]
[3.28606, 3.28976] ; [2.62612, 2.62774]
[3.28803, 3.29175] ; [2.62774, 2.62937]
[3.29, 3.29374] ; [2.62937, 2.63098]
[3.29198, 3.29573] ; [2.63098, 2.6326]
[3.29396, 3.29773] ; [2.6326, 2.63422]
[3.29595, 3.29973] ; [2.63422, 2.63583]
[3.29794, 3.30173] ; [2.63583, 2.63745]
[3.29993, 3.30374] ; [2.63745, 2.63906]
[3.30193, 3.30575] ; [2.63906, 2.64068]
[3.30394, 3.30777] ; [2.64068, 2.64229]
[3.30594, 3.30979] ; [2.64229, 2.64391]
[3.30795, 3.31181] ; [2.64391, 2.64552]
[3.30997, 3.31384] ; [2.64552, 2.64713]
[3.31199, 3.31588] ; [2.64713, 2.64874]
[3.31401, 3.31791] ; [2.64874, 2.65036]
[3.31604, 3.31996] ; [2.65036, 2.65197]
[3.31808, 3.32201] ; [2.65197, 2.65359]
[3.32012, 3.32406] ; [2.65359, 2.6552]
[3.32217, 3.32612] ; [2.6552, 2.65682]
[3.32423, 3.32819] ; [2.65682, 2.65844]
[3.32629, 3.33026] ; [2.65844, 2.66006]
[3.32836, 3.33234] ; [2.66006, 2.66169]
[3.33043, 3.33443] ; [2.66169, 2.66332]
[3.33251, 3.33653] ; [2.66332, 2.66495]
[3.33461, 3.33863] ; [2.66495, 2.66658]
[3.33671, 3.34074] ; [2.66658, 2.66822]
[3.33881, 3.34286] ; [2.66822, 2.66986]
[3.34093, 3.34499] ; [2.66986, 2.6715]
[3.34305, 3.34712] ; [2.6715, 2.67315]
[3.34519, 3.34927] ; [2.67315, 2.6748]
[3.34733, 3.35142] ; [2.6748, 2.67646]
[3.34949, 3.35359] ; [2.67646, 2.67812]
[3.35166, 3.35577] ; [2.67812, 2.67979]
[3.35384, 3.35797] ; [2.67979, 2.68147]
[3.35604, 3.36018] ; [2.68147, 2.68316]
[3.35826, 3.36241] ; [2.68316, 2.68486]
[3.3605, 3.36466] ; [2.68486, 2.68658]
[3.36276, 3.36693] ; [2.68658, 2.6883]
[3.36504, 3.36921] ; [2.6883, 2.69004]
[3.36733, 3.37152] ; [2.69004, 2.69179]
[3.36965, 3.37385] ; [2.69179, 2.69356]
[3.37199, 3.3762] ; [2.69356, 2.69534]
[3.37435, 3.37857] ; [2.69534, 2.69713]
[3.37672, 3.38095] ; [2.69713, 2.69893]
[3.3791, 3.38334] ; [2.69893, 2.70073]
[3.38148, 3.38573] ; [2.70073, 2.70253]
[3.38387, 3.38813] ; [2.70253, 2.70434]
[3.38627, 3.39054] ; [2.70434, 2.70614]
[3.38868, 3.39295] ; [2.70614, 2.70796]
[3.39109, 3.39537] ; [2.70796, 2.70977]
[3.39351, 3.3978] ; [2.70977, 2.71159]
[3.39593, 3.40023] ; [2.71159, 2.71341]
[3.39836, 3.40267] ; [2.71341, 2.71524]
[3.40079, 3.40512] ; [2.71524, 2.71706]
[3.40323, 3.40758] ; [2.71706, 2.71889]
[3.40568, 3.41003] ; [2.71889, 2.72072]
[3.40813, 3.4125] ; [2.72072, 2.72256]
[3.41059, 3.41497] ; [2.72256, 2.7244]
[3.41305, 3.41745] ; [2.7244, 2.72624]
[3.41552, 3.41993] ; [2.72624, 2.72808]
[3.41799, 3.42241] ; [2.72808, 2.72992]
[3.42047, 3.4249] ; [2.72992, 2.73177]
[3.42295, 3.4274] ; [2.73177, 2.73362]
[3.42544, 3.4299] ; [2.73362, 2.73547]
[3.42794, 3.43241] ; [2.73547, 2.73732]
[3.43043, 3.43492] ; [2.73732, 2.73918]
[3.43294, 3.43743] ; [2.73918, 2.74104]
[3.43544, 3.43995] ; [2.74104, 2.7429]
[3.43795, 3.44247] ; [2.7429, 2.74476]
[3.44046, 3.44499] ; [2.74476, 2.74662]
[3.44298, 3.44752] ; [2.74662, 2.74848]
[3.44549, 3.45005] ; [2.74848, 2.75034]
[3.44801, 3.45257] ; [2.75034, 2.7522]
[3.45053, 3.4551] ; [2.7522, 2.75406]
[3.45305, 3.45763] ; [2.75406, 2.75592]
[3.45557, 3.46016] ; [2.75592, 2.75778]
[3.45809, 3.46269] ; [2.75778, 2.75964]
[3.46061, 3.46523] ; [2.75964, 2.7615]
[3.46313, 3.46776] ; [2.7615, 2.76336]
[3.46565, 3.47029] ; [2.76336, 2.76521]
[3.46816, 3.47281] ; [2.76521, 2.76707]
[3.47068, 3.47534] ; [2.76707, 2.76892]
[3.47319, 3.47786] ; [2.76892, 2.77077]
[3.4757, 3.48039] ; [2.77077, 2.77262]
[3.47822, 3.48291] ; [2.77262, 2.77446]
[3.48073, 3.48543] ; [2.77446, 2.7763]
[3.48323, 3.48795] ; [2.7763, 2.77815]
[3.48574, 3.49046] ; [2.77815, 2.77999]
[3.48825, 3.49298] ; [2.77999, 2.78183]
[3.49075, 3.49549] ; [2.78183, 2.78366]
[3.49325, 3.498] ; [2.78366, 2.78549]
[3.49575, 3.50051] ; [2.78549, 2.78733]
[3.49825, 3.50302] ; [2.78733, 2.78916]
[3.50074, 3.50553] ; [2.78916, 2.79098]
[3.50322, 3.50802] ; [2.79098, 2.7928]
[3.50571, 3.51052] ; [2.7928, 2.79462]
[3.50818, 3.51301] ; [2.79462, 2.79643]
[3.51065, 3.51549] ; [2.79643, 2.79824]
[3.51312, 3.51797] ; [2.79824, 2.80004]
[3.51558, 3.52045] ; [2.80004, 2.80184]
[3.51804, 3.52292] ; [2.80184, 2.80364]
[3.5205, 3.52539] ; [2.80364, 2.80543]
[3.52295, 3.52786] ; [2.80543, 2.80723]
[3.5254, 3.53032] ; [2.80723, 2.80902]
[3.52785, 3.53278] ; [2.80902, 2.8108]
[3.5303, 3.53524] ; [2.8108, 2.81259]
[3.53274, 3.5377] ; [2.81259, 2.81437]
[3.53518, 3.54015] ; [2.81437, 2.81615]
[3.53762, 3.54261] ; [2.81615, 2.81793]
[3.54006, 3.54506] ; [2.81793, 2.81971]
[3.54249, 3.54751] ; [2.81971, 2.82148]
[3.54493, 3.54996] ; [2.82148, 2.82326]
[3.54736, 3.55241] ; [2.82326, 2.82503]
[3.54979, 3.55486] ; [2.82503, 2.8268]
[3.55222, 3.5573] ; [2.8268, 2.82857]
[3.55465, 3.55975] ; [2.82857, 2.83034]
[3.55708, 3.56219] ; [2.83034, 2.83211]
[3.55951, 3.56464] ; [2.83211, 2.83388]
[3.56194, 3.56708] ; [2.83388, 2.83564]
[3.56436, 3.56952] ; [2.83564, 2.83741]
[3.56679, 3.57196] ; [2.83741, 2.83917]
[3.56922, 3.5744] ; [2.83917, 2.84094]
[3.57164, 3.57685] ; [2.84094, 2.8427]
[3.57406, 3.57929] ; [2.8427, 2.84447]
[3.57649, 3.58172] ; [2.84447, 2.84623]
[3.57891, 3.58416] ; [2.84623, 2.84799]
[3.58132, 3.58659] ; [2.84799, 2.84975]
[3.58374, 3.58903] ; [2.84975, 2.8515]
[3.58615, 3.59145] ; [2.8515, 2.85326]
[3.58855, 3.59388] ; [2.85326, 2.85501]
[3.59096, 3.5963] ; [2.85501, 2.85676]
[3.59335, 3.59872] ; [2.85676, 2.8585]
[3.59575, 3.60113] ; [2.8585, 2.86025]
[3.59813, 3.60354] ; [2.86025, 2.86199]
[3.60049, 3.60592] ; [2.86199, 2.86371]
[3.60283, 3.60827] ; [2.86371, 2.86541]
[3.60514, 3.61061] ; [2.86541, 2.8671]
[3.60743, 3.61292] ; [2.8671, 2.86877]
[3.6097, 3.61521] ; [2.86877, 2.87042]
[3.61195, 3.61747] ; [2.87042, 2.87206]
[3.61417, 3.61972] ; [2.87206, 2.87369]
[3.61638, 3.62195] ; [2.87369, 2.8753]
[3.61856, 3.62415] ; [2.8753, 2.8769]
[3.62072, 3.62634] ; [2.8769, 2.87848]
[3.62287, 3.62851] ; [2.87848, 2.88005]
[3.62499, 3.63065] ; [2.88005, 2.88161]
[3.6271, 3.63279] ; [2.88161, 2.88316]
[3.62919, 3.6349] ; [2.88316, 2.88469]
[3.63126, 3.637] ; [2.88469, 2.88621]
[3.63332, 3.63908] ; [2.88621, 2.88772]
[3.63536, 3.64114] ; [2.88772, 2.88922]
[3.63739, 3.64319] ; [2.88922, 2.89072]
[3.6394, 3.64523] ; [2.89072, 2.8922]
[3.64139, 3.64725] ; [2.8922, 2.89367]
[3.64337, 3.64925] ; [2.89367, 2.89513]
[3.64534, 3.65125] ; [2.89513, 2.89658]
[3.6473, 3.65323] ; [2.89658, 2.89803]
[3.64924, 3.6552] ; [2.89803, 2.89947]
[3.65117, 3.65715] ; [2.89947, 2.9009]
[3.65309, 3.65909] ; [2.9009, 2.90232]
[3.65499, 3.66103] ; [2.90232, 2.90373]
[3.65688, 3.66295] ; [2.90373, 2.90514]
[3.65877, 3.66486] ; [2.90514, 2.90654]
[3.66064, 3.66675] ; [2.90654, 2.90794]
[3.6625, 3.66864] ; [2.90794, 2.90933]
[3.66435, 3.67052] ; [2.90933, 2.91071]
[3.66619, 3.67239] ; [2.91071, 2.91209]
[3.66802, 3.67425] ; [2.91209, 2.91346]
[3.66984, 3.6761] ; [2.91346, 2.91482]
[3.67165, 3.67794] ; [2.91482, 2.91618]
[3.67346, 3.67977] ; [2.91618, 2.91754]
[3.67525, 3.68159] ; [2.91754, 2.91889]
[3.67704, 3.6834] ; [2.91889, 2.92024]
[3.67882, 3.68521] ; [2.92024, 2.92158]
[3.68059, 3.68701] ; [2.92158, 2.92292]
[3.68235, 3.6888] ; [2.92292, 2.92426]
[3.6841, 3.69058] ; [2.92426, 2.92559]
[3.68585, 3.69236] ; [2.92559, 2.92691]
[3.68759, 3.69413] ; [2.92691, 2.92824]
[3.68932, 3.69589] ; [2.92824, 2.92956]
[3.69105, 3.69764] ; [2.92956, 2.93088]
[3.69277, 3.69939] ; [2.93088, 2.93219]
[3.69448, 3.70113] ; [2.93219, 2.9335]
[3.69618, 3.70287] ; [2.9335, 2.93481]
[3.69788, 3.70459] ; [2.93481, 2.93612]
[3.69957, 3.70632] ; [2.93612, 2.93742]
[3.70126, 3.70803] ; [2.93742, 2.93873]
[3.70294, 3.70975] ; [2.93873, 2.94003]
[3.70462, 3.71145] ; [2.94003, 2.94133]
[3.70629, 3.71315] ; [2.94133, 2.94262]
[3.70796, 3.71485] ; [2.94262, 2.94392]
[3.70962, 3.71655] ; [2.94392, 2.94522]
[3.71128, 3.71824] ; [2.94522, 2.94651]
[3.71294, 3.71992] ; [2.94651, 2.94781]
[3.71459, 3.72161] ; [2.94781, 2.9491]
[3.71624, 3.72329] ; [2.9491, 2.9504]
[3.71789, 3.72496] ; [2.9504, 2.9517]
[3.71953, 3.72663] ; [2.9517, 2.95299]
[3.72117, 3.7283] ; [2.95299, 2.95429]
[3.72281, 3.72997] ; [2.95429, 2.95558]
[3.72444, 3.73163] ; [2.95558, 2.95688]
[3.72607, 3.73329] ; [2.95688, 2.95818]
[3.7277, 3.73495] ; [2.95818, 2.95947]
[3.72932, 3.73661] ; [2.95947, 2.96077]
[3.73094, 3.73825] ; [2.96077, 2.96207]
[3.73255, 3.7399] ; [2.96207, 2.96336]
[3.73416, 3.74153] ; [2.96336, 2.96465]
[3.73576, 3.74316] ; [2.96465, 2.96594]
[3.73735, 3.74479] ; [2.96594, 2.96724]
[3.73895, 3.74641] ; [2.96724, 2.96853]
[3.74054, 3.74803] ; [2.96853, 2.96982]
[3.74212, 3.74965] ; [2.96982, 2.9711]
[3.7437, 3.75125] ; [2.9711, 2.97239]
[3.74527, 3.75286] ; [2.97239, 2.97368]
[3.74684, 3.75446] ; [2.97368, 2.97497]
[3.7484, 3.75605] ; [2.97497, 2.97625]
[3.74996, 3.75764] ; [2.97625, 2.97754]
[3.75152, 3.75922] ; [2.97754, 2.97882]
[3.75307, 3.7608] ; [2.97882, 2.9801]
[3.75461, 3.76237] ; [2.9801, 2.98138]
[3.75614, 3.76394] ; [2.98138, 2.98266]
[3.75767, 3.7655] ; [2.98266, 2.98394]
[3.75919, 3.76705] ; [2.98394, 2.98521]
[3.7607, 3.76859] ; [2.98521, 2.98648]
[3.76221, 3.77013] ; [2.98648, 2.98774]
[3.7637, 3.77166] ; [2.98774, 2.989]
[3.76519, 3.77318] ; [2.989, 2.99026]
[3.76667, 3.77469] ; [2.99026, 2.99152]
[3.76814, 3.7762] ; [2.99152, 2.99277]
[3.7696, 3.77769] ; [2.99277, 2.99401]
[3.77105, 3.77918] ; [2.99401, 2.99525]
[3.7725, 3.78065] ; [2.99525, 2.99649]
[3.77393, 3.78212] ; [2.99649, 2.99772]
[3.77535, 3.78358] ; [2.99772, 2.99894]
[3.77676, 3.78502] ; [2.99894, 3.00016]
[3.77816, 3.78646] ; [3.00016, 3.00138]
[3.77956, 3.78789] ; [3.00138, 3.00259]
[3.78095, 3.78932] ; [3.00259, 3.0038]
[3.78233, 3.79073] ; [3.0038, 3.005]
[3.7837, 3.79214] ; [3.005, 3.0062]
[3.78507, 3.79355] ; [3.0062, 3.0074]
[3.78642, 3.79494] ; [3.0074, 3.00859]
[3.78778, 3.79633] ; [3.00859, 3.00978]
[3.78912, 3.79772] ; [3.00978, 3.01097]
[3.79046, 3.79909] ; [3.01097, 3.01216]
[3.7918, 3.80047] ; [3.01216, 3.01335]
[3.79313, 3.80184] ; [3.01335, 3.01453]
[3.79445, 3.8032] ; [3.01453, 3.01571]
[3.79577, 3.80456] ; [3.01571, 3.01689]
[3.79709, 3.80591] ; [3.01689, 3.01807]
[3.7984, 3.80726] ; [3.01807, 3.01924]
[3.7997, 3.80861] ; [3.01924, 3.02042]
[3.801, 3.80995] ; [3.02042, 3.02159]
[3.8023, 3.81129] ; [3.02159, 3.02277]
[3.80359, 3.81262] ; [3.02277, 3.02394]
[3.80488, 3.81394] ; [3.02394, 3.02511]
[3.80616, 3.81527] ; [3.02511, 3.02627]
[3.80744, 3.81658] ; [3.02627, 3.02744]
[3.80871, 3.8179] ; [3.02744, 3.0286]
[3.80998, 3.81921] ; [3.0286, 3.02977]
[3.81124, 3.82051] ; [3.02977, 3.03093]
[3.8125, 3.82181] ; [3.03093, 3.03209]
[3.81376, 3.82311] ; [3.03209, 3.03325]
[3.81501, 3.8244] ; [3.03325, 3.0344]
[3.81626, 3.82569] ; [3.0344, 3.03556]
[3.8175, 3.82698] ; [3.03556, 3.03672]
[3.81875, 3.82826] ; [3.03672, 3.03787]
[3.81999, 3.82955] ; [3.03787, 3.03903]
[3.82122, 3.83082] ; [3.03903, 3.04018]
[3.82246, 3.8321] ; [3.04018, 3.04133]
[3.82369, 3.83337] ; [3.04133, 3.04249]
[3.82492, 3.83465] ; [3.04249, 3.04364]
[3.82614, 3.83591] ; [3.04364, 3.0448]
[3.82737, 3.83718] ; [3.0448, 3.04595]
[3.82859, 3.83845] ; [3.04595, 3.04711]
[3.82981, 3.83971] ; [3.04711, 3.04826]
[3.83103, 3.84097] ; [3.04826, 3.04942]
[3.83225, 3.84223] ; [3.04942, 3.05057]
[3.83347, 3.84349] ; [3.05057, 3.05173]
[3.83468, 3.84475] ; [3.05173, 3.05289]
[3.8359, 3.84601] ; [3.05289, 3.05405]
[3.83711, 3.84727] ; [3.05405, 3.05521]
[3.83832, 3.84852] ; [3.05521, 3.05637]
[3.83953, 3.84978] ; [3.05637, 3.05753]
[3.84075, 3.85103] ; [3.05753, 3.0587]
[3.84196, 3.85229] ; [3.0587, 3.05986]
[3.84317, 3.85354] ; [3.05986, 3.06103]
[3.84438, 3.85479] ; [3.06103, 3.0622]
[3.84559, 3.85605] ; [3.0622, 3.06336]
[3.8468, 3.8573] ; [3.06336, 3.06454]
[3.84801, 3.85855] ; [3.06454, 3.06571]
[3.84922, 3.85981] ; [3.06571, 3.06688]
[3.85043, 3.86106] ; [3.06688, 3.06806]
[3.85164, 3.86231] ; [3.06806, 3.06924]
[3.85285, 3.86357] ; [3.06924, 3.07042]
[3.85407, 3.86482] ; [3.07042, 3.0716]
[3.85528, 3.86608] ; [3.0716, 3.07279]
[3.85649, 3.86734] ; [3.07279, 3.07398]
[3.85771, 3.8686] ; [3.07398, 3.07517]
[3.85892, 3.86986] ; [3.07517, 3.07636]
[3.86014, 3.87112] ; [3.07636, 3.07755]
[3.86136, 3.87238] ; [3.07755, 3.07875]
[3.86258, 3.87364] ; [3.07875, 3.07995]
[3.8638, 3.87491] ; [3.07995, 3.08116]
[3.86503, 3.87617] ; [3.08116, 3.08236]
[3.86625, 3.87744] ; [3.08236, 3.08357]
[3.86748, 3.87871] ; [3.08357, 3.08479]
[3.86871, 3.87998] ; [3.08479, 3.086]
[3.86994, 3.88126] ; [3.086, 3.08722]
[3.87117, 3.88253] ; [3.08722, 3.08845]
[3.87241, 3.88381] ; [3.08845, 3.08967]
[3.87365, 3.88509] ; [3.08967, 3.0909]
[3.87489, 3.88638] ; [3.0909, 3.09213]
[3.87613, 3.88766] ; [3.09213, 3.09337]
[3.87738, 3.88895] ; [3.09337, 3.09461]
[3.87863, 3.89024] ; [3.09461, 3.09586]
[3.87988, 3.89154] ; [3.09586, 3.09711]
[3.88114, 3.89283] ; [3.09711, 3.09836]
[3.8824, 3.89414] ; [3.09836, 3.09962]
[3.88366, 3.89544] ; [3.09962, 3.10088]
[3.88492, 3.89675] ; [3.10088, 3.10214]
[3.88619, 3.89806] ; [3.10214, 3.10341]
[3.88746, 3.89937] ; [3.10341, 3.10469]
[3.88874, 3.90069] ; [3.10469, 3.10596]
[3.89002, 3.90201] ; [3.10596, 3.10725]
[3.8913, 3.90334] ; [3.10725, 3.10853]
[3.89259, 3.90466] ; [3.10853, 3.10983]
[3.89388, 3.906] ; [3.10983, 3.11112]
[3.89518, 3.90734] ; [3.11112, 3.11243]
[3.89648, 3.90868] ; [3.11243, 3.11373]
[3.89779, 3.91002] ; [3.11373, 3.11505]
[3.8991, 3.91138] ; [3.11505, 3.11636]
[3.90041, 3.91273] ; [3.11636, 3.11769]
[3.90173, 3.91409] ; [3.11769, 3.11902]
[3.90306, 3.91546] ; [3.11902, 3.12035]
[3.90439, 3.91683] ; [3.12035, 3.12169]
[3.90572, 3.9182] ; [3.12169, 3.12303]
[3.90706, 3.91958] ; [3.12303, 3.12438]
[3.90841, 3.92097] ; [3.12438, 3.12574]
[3.90976, 3.92236] ; [3.12574, 3.1271]
[3.91111, 3.92375] ; [3.1271, 3.12847]
[3.91247, 3.92515] ; [3.12847, 3.12984]
[3.91384, 3.92656] ; [3.12984, 3.13122]
[3.91521, 3.92797] ; [3.13122, 3.13261]
[3.91659, 3.92939] ; [3.13261, 3.134]
[3.91798, 3.93082] ; [3.134, 3.1354]
[3.91937, 3.93224] ; [3.1354, 3.1368]
[3.92076, 3.93368] ; [3.1368, 3.1382]
[3.92216, 3.93511] ; [3.1382, 3.13962]
[3.92356, 3.93656] ; [3.13962, 3.14103]
[3.92497, 3.938] ; [3.14103, 3.14245]
[3.92638, 3.93945] ; [3.14245, 3.14388]
[3.9278, 3.94091] ; [3.14388, 3.1453]
[3.92922, 3.94236] ; [3.1453, 3.14674]
[3.93064, 3.94383] ; [3.14674, 3.14818]
[3.93207, 3.9453] ; [3.14818, 3.14962]
[3.93351, 3.94677] ; [3.14962, 3.15107]
[3.93495, 3.94824] ; [3.15107, 3.15252]
[3.93638, 3.94972] ; [3.15252, 3.15397]
[3.93781, 3.95119] ; [3.15397, 3.15541]
[3.93923, 3.95265] ; [3.15541, 3.15685]
[3.94065, 3.95411] ; [3.15685, 3.15828]
[3.94207, 3.95557] ; [3.15828, 3.15972]
[3.94349, 3.95703] ; [3.15972, 3.16114]
[3.9449, 3.95848] ; [3.16114, 3.16257]
[3.94631, 3.95994] ; [3.16257, 3.16399]
[3.94772, 3.96139] ; [3.16399, 3.16542]
[3.94912, 3.96283] ; [3.16542, 3.16684]
[3.95053, 3.96428] ; [3.16684, 3.16825]
[3.95193, 3.96572] ; [3.16825, 3.16967]
[3.95333, 3.96717] ; [3.16967, 3.17108]
[3.95472, 3.96861] ; [3.17108, 3.17249]
[3.95612, 3.97005] ; [3.17249, 3.1739]
[3.95751, 3.97148] ; [3.1739, 3.1753]
[3.9589, 3.97292] ; [3.1753, 3.17671]
[3.96029, 3.97435] ; [3.17671, 3.17811]
[3.96168, 3.97578] ; [3.17811, 3.17951]
[3.96306, 3.97721] ; [3.17951, 3.1809]
[3.96445, 3.97864] ; [3.1809, 3.1823]
[3.96583, 3.98006] ; [3.1823, 3.18369]
[3.96721, 3.98149] ; [3.18369, 3.18508]
[3.96859, 3.98291] ; [3.18508, 3.18647]
[3.96996, 3.98433] ; [3.18647, 3.18785]
[3.97134, 3.98575] ; [3.18785, 3.18923]
[3.97271, 3.98717] ; [3.18923, 3.19062]
[3.97408, 3.98859] ; [3.19062, 3.192]
[3.97545, 3.99] ; [3.192, 3.19337]
[3.97682, 3.99142] ; [3.19337, 3.19475]
[3.97819, 3.99283] ; [3.19475, 3.19612]
[3.97955, 3.99424] ; [3.19612, 3.19749]
[3.98091, 3.99565] ; [3.19749, 3.19886]
[3.98227, 3.99706] ; [3.19886, 3.20023]
[3.98363, 3.99846] ; [3.20023, 3.20159]
[3.98499, 3.99987] ; [3.20159, 3.20295]
[3.98634, 4.00127] ; [3.20295, 3.20431]
[3.9877, 4.00267] ; [3.20431, 3.20567]
[3.98905, 4.00407] ; [3.20567, 3.20702]
[3.9904, 4.00546] ; [3.20702, 3.20838]
[3.99175, 4.00686] ; [3.20838, 3.20973]
[3.9931, 4.00825] ; [3.20973, 3.21107]
[3.99444, 4.00965] ; [3.21107, 3.21242]
[3.99578, 4.01104] ; [3.21242, 3.21376]
[3.99712, 4.01243] ; [3.21376, 3.2151]
[3.99846, 4.01381] ; [3.2151, 3.21644]
[3.99979, 4.01519] ; [3.21644, 3.21777]
[4.00112, 4.01657] ; [3.21777, 3.2191]
[4.00245, 4.01795] ; [3.2191, 3.22042]
[4.00377, 4.01932] ; [3.22042, 3.22174]
[4.00509, 4.02068] ; [3.22174, 3.22305]
[4.0064, 4.02205] ; [3.22305, 3.22436]
[4.00772, 4.02341] ; [3.22436, 3.22567]
[4.00902, 4.02476] ; [3.22567, 3.22697]
[4.01033, 4.02612] ; [3.22697, 3.22827]
[4.01162, 4.02746] ; [3.22827, 3.22956]
[4.01292, 4.02881] ; [3.22956, 3.23085]
[4.01421, 4.03015] ; [3.23085, 3.23213]
[4.0155, 4.03149] ; [3.23213, 3.23341]
[4.01679, 4.03282] ; [3.23341, 3.23468]
[4.01807, 4.03416] ; [3.23468, 3.23595]
[4.01934, 4.03548] ; [3.23595, 3.23722]
[4.02062, 4.03681] ; [3.23722, 3.23848]
[4.02189, 4.03813] ; [3.23848, 3.23974]
[4.02315, 4.03944] ; [3.23974, 3.24099]
[4.02442, 4.04076] ; [3.24099, 3.24224]
[4.02568, 4.04207] ; [3.24224, 3.24349]
[4.02693, 4.04338] ; [3.24349, 3.24473]
[4.02818, 4.04468] ; [3.24473, 3.24597]
[4.02943, 4.04598] ; [3.24597, 3.2472]
[4.03068, 4.04727] ; [3.2472, 3.24842]
[4.03192, 4.04857] ; [3.24842, 3.24965]
[4.03315, 4.04985] ; [3.24965, 3.25086]
[4.03438, 4.05114] ; [3.25086, 3.25208]
[4.03561, 4.05241] ; [3.25208, 3.25328]
[4.03683, 4.05369] ; [3.25328, 3.25448]
[4.03805, 4.05496] ; [3.25448, 3.25568]
[4.03926, 4.05622] ; [3.25568, 3.25687]
[4.04047, 4.05748] ; [3.25687, 3.25806]
[4.04167, 4.05874] ; [3.25806, 3.25924]
[4.04287, 4.05999] ; [3.25924, 3.26041]
[4.04406, 4.06124] ; [3.26041, 3.26159]
[4.04526, 4.06249] ; [3.26159, 3.26275]
[4.04644, 4.06373] ; [3.26275, 3.26391]
[4.04763, 4.06496] ; [3.26391, 3.26507]
[4.0488, 4.0662] ; [3.26507, 3.26622]
[4.04998, 4.06743] ; [3.26622, 3.26737]
[4.05115, 4.06865] ; [3.26737, 3.26851]
[4.05232, 4.06987] ; [3.26851, 3.26965]
[4.05348, 4.07109] ; [3.26965, 3.27078]
[4.05464, 4.07231] ; [3.27078, 3.27191]
[4.0558, 4.07352] ; [3.27191, 3.27304]
[4.05695, 4.07473] ; [3.27304, 3.27416]
[4.0581, 4.07593] ; [3.27416, 3.27527]
[4.05924, 4.07713] ; [3.27527, 3.27639]
[4.06038, 4.07833] ; [3.27639, 3.27749]
[4.06152, 4.07952] ; [3.27749, 3.2786]
[4.06266, 4.08072] ; [3.2786, 3.2797]
[4.06379, 4.0819] ; [3.2797, 3.28079]
[4.06492, 4.08309] ; [3.28079, 3.28189]
[4.06605, 4.08427] ; [3.28189, 3.28297]
[4.06717, 4.08545] ; [3.28297, 3.28406]
[4.06829, 4.08663] ; [3.28406, 3.28514]
[4.06941, 4.08781] ; [3.28514, 3.28622]
[4.07052, 4.08898] ; [3.28622, 3.28729]
[4.07163, 4.09015] ; [3.28729, 3.28836]
[4.07274, 4.09132] ; [3.28836, 3.28943]
[4.07385, 4.09248] ; [3.28943, 3.29049]
[4.07495, 4.09364] ; [3.29049, 3.29155]
[4.07605, 4.0948] ; [3.29155, 3.29261]
[4.07715, 4.09596] ; [3.29261, 3.29366]
[4.07825, 4.09712] ; [3.29366, 3.29471]
[4.07934, 4.09827] ; [3.29471, 3.29576]
[4.08043, 4.09942] ; [3.29576, 3.2968]
[4.08152, 4.10057] ; [3.2968, 3.29784]
[4.08261, 4.10171] ; [3.29784, 3.29888]
[4.08369, 4.10286] ; [3.29888, 3.29991]
[4.08477, 4.104] ; [3.29991, 3.30094]
[4.08585, 4.10514] ; [3.30094, 3.30197]
[4.08693, 4.10628] ; [3.30197, 3.30299]
[4.08801, 4.10742] ; [3.30299, 3.30402]
[4.08908, 4.10856] ; [3.30402, 3.30504]
[4.09016, 4.10969] ; [3.30504, 3.30606]
[4.09123, 4.11082] ; [3.30606, 3.30707]
[4.0923, 4.11195] ; [3.30707, 3.30808]
[4.09336, 4.11308] ; [3.30808, 3.30909]
[4.09443, 4.11421] ; [3.30909, 3.3101]
[4.0955, 4.11534] ; [3.3101, 3.31111]
[4.09656, 4.11647] ; [3.31111, 3.31211]
[4.09762, 4.11759] ; [3.31211, 3.31311]
[4.09868, 4.11872] ; [3.31311, 3.31411]
[4.09974, 4.11984] ; [3.31411, 3.31511]
[4.1008, 4.12096] ; [3.31511, 3.3161]
[4.10186, 4.12208] ; [3.3161, 3.31709]
[4.10292, 4.1232] ; [3.31709, 3.31808]
[4.10397, 4.12432] ; [3.31808, 3.31907]
[4.10503, 4.12544] ; [3.31907, 3.32006]
[4.10608, 4.12656] ; [3.32006, 3.32104]
[4.10713, 4.12768] ; [3.32104, 3.32202]
[4.10819, 4.12879] ; [3.32202, 3.32301]
[4.10924, 4.12991] ; [3.32301, 3.32399]
[4.11029, 4.13102] ; [3.32399, 3.32496]
[4.11134, 4.13214] ; [3.32496, 3.32594]
[4.11239, 4.13325] ; [3.32594, 3.32691]
[4.11344, 4.13437] ; [3.32691, 3.32789]
[4.11449, 4.13548] ; [3.32789, 3.32886]
[4.11553, 4.13659] ; [3.32886, 3.32983]
[4.11658, 4.13771] ; [3.32983, 3.3308]
[4.11763, 4.13882] ; [3.3308, 3.33176]
[4.11868, 4.13993] ; [3.33176, 3.33273]
[4.11972, 4.14105] ; [3.33273, 3.33369]
[4.12077, 4.14216] ; [3.33369, 3.33466]
[4.12181, 4.14327] ; [3.33466, 3.33562]
[4.12286, 4.14438] ; [3.33562, 3.33658]
[4.1239, 4.14549] ; [3.33658, 3.33753]
[4.12494, 4.1466] ; [3.33753, 3.33848]
[4.12598, 4.1477] ; [3.33848, 3.33944]
[4.12702, 4.14881] ; [3.33944, 3.34038]
[4.12805, 4.14991] ; [3.34038, 3.34133]
[4.12909, 4.15101] ; [3.34133, 3.34228]
[4.13012, 4.15211] ; [3.34228, 3.34322]
[4.13115, 4.15321] ; [3.34322, 3.34416]
[4.13218, 4.15431] ; [3.34416, 3.34509]
[4.13321, 4.15541] ; [3.34509, 3.34603]
[4.13424, 4.1565] ; [3.34603, 3.34696]
[4.13526, 4.1576] ; [3.34696, 3.34789]
[4.13629, 4.15869] ; [3.34789, 3.34882]
[4.13731, 4.15979] ; [3.34882, 3.34975]
[4.13833, 4.16088] ; [3.34975, 3.35067]
[4.13936, 4.16197] ; [3.35067, 3.3516]
[4.14038, 4.16306] ; [3.3516, 3.35252]
[4.1414, 4.16415] ; [3.35252, 3.35344]
[4.14242, 4.16524] ; [3.35344, 3.35436]
[4.14343, 4.16633] ; [3.35436, 3.35527]
[4.14445, 4.16742] ; [3.35527, 3.35619]
[4.14547, 4.16851] ; [3.35619, 3.3571]
[4.14649, 4.1696] ; [3.3571, 3.35801]
[4.1475, 4.17068] ; [3.35801, 3.35892]
[4.14852, 4.17177] ; [3.35892, 3.35983]
[4.14953, 4.17286] ; [3.35983, 3.36074]
[4.15055, 4.17395] ; [3.36074, 3.36165]
[4.15156, 4.17504] ; [3.36165, 3.36255]
[4.15258, 4.17612] ; [3.36255, 3.36346]
[4.15359, 4.17721] ; [3.36346, 3.36436]
[4.15461, 4.1783] ; [3.36436, 3.36526]
[4.15562, 4.17939] ; [3.36526, 3.36617]
[4.15664, 4.18048] ; [3.36617, 3.36707]
[4.15765, 4.18157] ; [3.36707, 3.36797]
[4.15867, 4.18266] ; [3.36797, 3.36887]
[4.15968, 4.18375] ; [3.36887, 3.36976]
[4.16069, 4.18484] ; [3.36976, 3.37066]
[4.16171, 4.18592] ; [3.37066, 3.37156]
[4.16272, 4.18701] ; [3.37156, 3.37245]
[4.16373, 4.1881] ; [3.37245, 3.37334]
[4.16474, 4.18918] ; [3.37334, 3.37423]
[4.16574, 4.19027] ; [3.37423, 3.37512]
[4.16675, 4.19135] ; [3.37512, 3.376]
[4.16776, 4.19243] ; [3.376, 3.37688]
[4.16876, 4.19351] ; [3.37688, 3.37777]
[4.16977, 4.1946] ; [3.37777, 3.37865]
[4.17077, 4.19568] ; [3.37865, 3.37953]
[4.17177, 4.19676] ; [3.37953, 3.3804]
[4.17278, 4.19783] ; [3.3804, 3.38128]
[4.17378, 4.19891] ; [3.38128, 3.38215]
[4.17478, 4.19999] ; [3.38215, 3.38303]
[4.17578, 4.20107] ; [3.38303, 3.3839]
[4.17678, 4.20214] ; [3.3839, 3.38477]
[4.17777, 4.20322] ; [3.38477, 3.38564]
[4.17877, 4.2043] ; [3.38564, 3.3865]
[4.17977, 4.20537] ; [3.3865, 3.38737]
[4.18077, 4.20645] ; [3.38737, 3.38823]
[4.18176, 4.20752] ; [3.38823, 3.3891]
[4.18276, 4.2086] ; [3.3891, 3.38996]
[4.18375, 4.20967] ; [3.38996, 3.39082]
[4.18475, 4.21074] ; [3.39082, 3.39168]
[4.18574, 4.21182] ; [3.39168, 3.39254]
[4.18674, 4.21289] ; [3.39254, 3.3934]
[4.18773, 4.21397] ; [3.3934, 3.39425]
[4.18872, 4.21504] ; [3.39425, 3.39511]
[4.18972, 4.21611] ; [3.39511, 3.39596]
[4.19071, 4.21719] ; [3.39596, 3.39682]
[4.1917, 4.21826] ; [3.39682, 3.39767]
[4.1927, 4.21933] ; [3.39767, 3.39852]
[4.19369, 4.22041] ; [3.39852, 3.39937]
[4.19468, 4.22148] ; [3.39937, 3.40022]
[4.19568, 4.22255] ; [3.40022, 3.40107]
[4.19667, 4.22363] ; [3.40107, 3.40192]
[4.19766, 4.2247] ; [3.40192, 3.40277]
[4.19866, 4.22577] ; [3.40277, 3.40362]
[4.19965, 4.22685] ; [3.40362, 3.40447]
[4.20064, 4.22792] ; [3.40447, 3.40531]
[4.20164, 4.229] ; [3.40531, 3.40616]
[4.20263, 4.23007] ; [3.40616, 3.407]
[4.20363, 4.23115] ; [3.407, 3.40785]
[4.20462, 4.23223] ; [3.40785, 3.40869]
[4.20562, 4.2333] ; [3.40869, 3.40954]
[4.20661, 4.23438] ; [3.40954, 3.41038]
[4.20761, 4.23546] ; [3.41038, 3.41122]
[4.2086, 4.23654] ; [3.41122, 3.41207]
[4.2096, 4.23761] ; [3.41207, 3.41291]
[4.2106, 4.23869] ; [3.41291, 3.41375]
[4.21159, 4.23977] ; [3.41375, 3.41459]
[4.21259, 4.24085] ; [3.41459, 3.41543]
[4.21359, 4.24193] ; [3.41543, 3.41628]
[4.21459, 4.24302] ; [3.41628, 3.41712]
[4.21559, 4.2441] ; [3.41712, 3.41796]
[4.21659, 4.24518] ; [3.41796, 3.4188]
[4.21759, 4.24627] ; [3.4188, 3.41964]
[4.21859, 4.24735] ; [3.41964, 3.42048]
[4.2196, 4.24844] ; [3.42048, 3.42132]
[4.2206, 4.24952] ; [3.42132, 3.42216]
[4.2216, 4.25061] ; [3.42216, 3.423]
[4.22261, 4.2517] ; [3.423, 3.42384]
[4.22361, 4.25279] ; [3.42384, 3.42468]
[4.22462, 4.25388] ; [3.42468, 3.42552]
[4.22563, 4.25497] ; [3.42552, 3.42636]
[4.22664, 4.25606] ; [3.42636, 3.42721]
[4.22765, 4.25715] ; [3.42721, 3.42805]
[4.22865, 4.25825] ; [3.42805, 3.42889]
[4.22967, 4.25934] ; [3.42889, 3.42973]
[4.23068, 4.26044] ; [3.42973, 3.43057]
[4.23169, 4.26153] ; [3.43057, 3.43141]
[4.2327, 4.26263] ; [3.43141, 3.43225]
[4.23372, 4.26373] ; [3.43225, 3.43309]
[4.23473, 4.26483] ; [3.43309, 3.43393]
[4.23575, 4.26593] ; [3.43393, 3.43477]
[4.23677, 4.26703] ; [3.43477, 3.43562]
[4.23778, 4.26813] ; [3.43562, 3.43646]
[4.2388, 4.26924] ; [3.43646, 3.4373]
[4.23982, 4.27034] ; [3.4373, 3.43814]
[4.24084, 4.27145] ; [3.43814, 3.43898]
[4.24187, 4.27255] ; [3.43898, 3.43983]
[4.24289, 4.27366] ; [3.43983, 3.44067]
[4.24391, 4.27477] ; [3.44067, 3.44151]
[4.24494, 4.27588] ; [3.44151, 3.44236]
[4.24597, 4.27699] ; [3.44236, 3.4432]
[4.24699, 4.27811] ; [3.4432, 3.44405]
[4.24802, 4.27922] ; [3.44405, 3.44489]
[4.24905, 4.28033] ; [3.44489, 3.44573]
[4.25008, 4.28145] ; [3.44573, 3.44658]
[4.25111, 4.28257] ; [3.44658, 3.44742]
[4.25214, 4.28368] ; [3.44742, 3.44827]
[4.25318, 4.2848] ; [3.44827, 3.44912]
[4.25421, 4.28592] ; [3.44912, 3.44996]
[4.25525, 4.28704] ; [3.44996, 3.45081]
[4.25628, 4.28817] ; [3.45081, 3.45165]
[4.25732, 4.28929] ; [3.45165, 3.4525]
[4.25836, 4.29041] ; [3.4525, 3.45335]
[4.2594, 4.29154] ; [3.45335, 3.4542]
[4.26044, 4.29266] ; [3.4542, 3.45504]
[4.26148, 4.29379] ; [3.45504, 3.45589]
[4.26251, 4.29491] ; [3.45589, 3.45673]
[4.26355, 4.29603] ; [3.45673, 3.45757]
[4.26458, 4.29715] ; [3.45757, 3.45841]
[4.26561, 4.29827] ; [3.45841, 3.45925]
[4.26664, 4.29939] ; [3.45925, 3.46009]
[4.26766, 4.3005] ; [3.46009, 3.46092]
[4.26869, 4.30161] ; [3.46092, 3.46175]
[4.26971, 4.30272] ; [3.46175, 3.46258]
[4.27073, 4.30383] ; [3.46258, 3.46341]
[4.27174, 4.30494] ; [3.46341, 3.46424]
[4.27276, 4.30604] ; [3.46424, 3.46506]
[4.27377, 4.30714] ; [3.46506, 3.46588]
[4.27478, 4.30824] ; [3.46588, 3.4667]
[4.27579, 4.30934] ; [3.4667, 3.46752]
[4.27679, 4.31044] ; [3.46752, 3.46833]
[4.2778, 4.31153] ; [3.46833, 3.46915]
[4.2788, 4.31262] ; [3.46915, 3.46996]
[4.2798, 4.31371] ; [3.46996, 3.47077]
[4.28079, 4.3148] ; [3.47077, 3.47157]
[4.28179, 4.31589] ; [3.47157, 3.47238]
[4.28278, 4.31698] ; [3.47238, 3.47318]
[4.28377, 4.31806] ; [3.47318, 3.47398]
[4.28476, 4.31914] ; [3.47398, 3.47478]
[4.28574, 4.32022] ; [3.47478, 3.47558]
[4.28673, 4.3213] ; [3.47558, 3.47638]
[4.28771, 4.32238] ; [3.47638, 3.47717]
[4.28869, 4.32345] ; [3.47717, 3.47797]
[4.28967, 4.32453] ; [3.47797, 3.47876]
[4.29065, 4.3256] ; [3.47876, 3.47955]
[4.29162, 4.32667] ; [3.47955, 3.48034]
[4.29259, 4.32774] ; [3.48034, 3.48112]
[4.29357, 4.32881] ; [3.48112, 3.48191]
[4.29453, 4.32988] ; [3.48191, 3.48269]
[4.2955, 4.33094] ; [3.48269, 3.48347]
[4.29647, 4.332] ; [3.48347, 3.48425]
[4.29743, 4.33307] ; [3.48425, 3.48503]
[4.29839, 4.33413] ; [3.48503, 3.48581]
[4.29935, 4.33519] ; [3.48581, 3.48658]
[4.30031, 4.33624] ; [3.48658, 3.48736]
[4.30127, 4.3373] ; [3.48736, 3.48813]
[4.30222, 4.33835] ; [3.48813, 3.4889]
[4.30318, 4.33941] ; [3.4889, 3.48967]
[4.30413, 4.34046] ; [3.48967, 3.49044]
[4.30508, 4.34151] ; [3.49044, 3.4912]
[4.30603, 4.34256] ; [3.4912, 3.49197]
[4.30697, 4.34361] ; [3.49197, 3.49273]
[4.30792, 4.34465] ; [3.49273, 3.49349]
[4.30886, 4.3457] ; [3.49349, 3.49425]
[4.3098, 4.34674] ; [3.49425, 3.49501]
[4.31074, 4.34778] ; [3.49501, 3.49577]
[4.31168, 4.34883] ; [3.49577, 3.49653]
[4.31262, 4.34987] ; [3.49653, 3.49728]
[4.31356, 4.35091] ; [3.49728, 3.49804]
[4.31449, 4.35194] ; [3.49804, 3.49879]
[4.31542, 4.35298] ; [3.49879, 3.49954]
[4.31635, 4.35401] ; [3.49954, 3.50029]
[4.31728, 4.35505] ; [3.50029, 3.50104]
[4.31821, 4.35608] ; [3.50104, 3.50179]
[4.31913, 4.35711] ; [3.50179, 3.50254]
[4.32006, 4.35814] ; [3.50254, 3.50328]
[4.32098, 4.35917] ; [3.50328, 3.50403]
[4.3219, 4.3602] ; [3.50403, 3.50477]
[4.32282, 4.36122] ; [3.50477, 3.50551]
[4.32374, 4.36225] ; [3.50551, 3.50625]
[4.32466, 4.36327] ; [3.50625, 3.50699]
[4.32557, 4.36429] ; [3.50699, 3.50773]
[4.32649, 4.36532] ; [3.50773, 3.50846]
[4.3274, 4.36634] ; [3.50846, 3.5092]
[4.32831, 4.36735] ; [3.5092, 3.50993]
[4.32922, 4.36837] ; [3.50993, 3.51066]
[4.33013, 4.36939] ; [3.51066, 3.51139]
[4.33103, 4.3704] ; [3.51139, 3.51212]
[4.33194, 4.37142] ; [3.51212, 3.51285]
[4.33284, 4.37243] ; [3.51285, 3.51358]
[4.33374, 4.37344] ; [3.51358, 3.51431]
[4.33464, 4.37445] ; [3.51431, 3.51503]
[4.33554, 4.37546] ; [3.51503, 3.51575]
[4.33644, 4.37647] ; [3.51575, 3.51648]
[4.33733, 4.37747] ; [3.51648, 3.5172]
[4.33822, 4.37848] ; [3.5172, 3.51792]
[4.33912, 4.37948] ; [3.51792, 3.51864]
[4.34001, 4.38048] ; [3.51864, 3.51935]
[4.34089, 4.38148] ; [3.51935, 3.52007]
[4.34178, 4.38248] ; [3.52007, 3.52078]
[4.34267, 4.38348] ; [3.52078, 3.5215]
[4.34355, 4.38447] ; [3.5215, 3.52221]
[4.34442, 4.38547] ; [3.52221, 3.52292]
[4.3453, 4.38646] ; [3.52292, 3.52362]
[4.34617, 4.38744] ; [3.52362, 3.52433]
[4.34704, 4.38842] ; [3.52433, 3.52503]
[4.3479, 4.3894] ; [3.52503, 3.52572]
[4.34876, 4.39038] ; [3.52572, 3.52642]
[4.34962, 4.39135] ; [3.52642, 3.52711]
[4.35048, 4.39232] ; [3.52711, 3.5278]
[4.35133, 4.39329] ; [3.5278, 3.52849]
[4.35218, 4.39426] ; [3.52849, 3.52918]
[4.35303, 4.39522] ; [3.52918, 3.52986]
[4.35387, 4.39618] ; [3.52986, 3.53054]
[4.35471, 4.39714] ; [3.53054, 3.53122]
[4.35555, 4.39809] ; [3.53122, 3.5319]
[4.35638, 4.39904] ; [3.5319, 3.53257]
[4.35721, 4.39999] ; [3.53257, 3.53325]
[4.35804, 4.40094] ; [3.53325, 3.53392]
[4.35887, 4.40188] ; [3.53392, 3.53458]
[4.35969, 4.40282] ; [3.53458, 3.53525]
[4.36051, 4.40376] ; [3.53525, 3.53591]
[4.36132, 4.40469] ; [3.53591, 3.53657]
[4.36213, 4.40562] ; [3.53657, 3.53723]
[4.36294, 4.40655] ; [3.53723, 3.53788]
[4.36374, 4.40747] ; [3.53788, 3.53853]
[4.36455, 4.40839] ; [3.53853, 3.53918]
[4.36534, 4.40931] ; [3.53918, 3.53983]
[4.36614, 4.41023] ; [3.53983, 3.54048]
[4.36693, 4.41114] ; [3.54048, 3.54112]
[4.36772, 4.41205] ; [3.54112, 3.54176]
[4.3685, 4.41296] ; [3.54176, 3.5424]
[4.36929, 4.41386] ; [3.5424, 3.54303]
[4.37006, 4.41476] ; [3.54303, 3.54367]
[4.37084, 4.41566] ; [3.54367, 3.5443]
[4.37161, 4.41656] ; [3.5443, 3.54493]
[4.37238, 4.41745] ; [3.54493, 3.54555]
[4.37314, 4.41834] ; [3.54555, 3.54618]
[4.37391, 4.41923] ; [3.54618, 3.5468]
[4.37466, 4.42011] ; [3.5468, 3.54742]
[4.37542, 4.42099] ; [3.54742, 3.54803]
[4.37617, 4.42187] ; [3.54803, 3.54865]
[4.37692, 4.42275] ; [3.54865, 3.54926]
[4.37766, 4.42362] ; [3.54926, 3.54987]
[4.3784, 4.42449] ; [3.54987, 3.55047]
[4.37914, 4.42535] ; [3.55047, 3.55108]
[4.37988, 4.42622] ; [3.55108, 3.55168]
[4.38061, 4.42708] ; [3.55168, 3.55228]
[4.38134, 4.42794] ; [3.55228, 3.55287]
[4.38206, 4.42879] ; [3.55287, 3.55347]
[4.38278, 4.42964] ; [3.55347, 3.55406]
[4.3835, 4.43049] ; [3.55406, 3.55465]
[4.38421, 4.43134] ; [3.55465, 3.55524]
[4.38492, 4.43218] ; [3.55524, 3.55582]
[4.38563, 4.43302] ; [3.55582, 3.5564]
[4.38633, 4.43386] ; [3.5564, 3.55698]
[4.38703, 4.43469] ; [3.55698, 3.55756]
[4.38773, 4.43552] ; [3.55756, 3.55813]
[4.38842, 4.43635] ; [3.55813, 3.5587]
[4.38911, 4.43717] ; [3.5587, 3.55927]
[4.38979, 4.43799] ; [3.55927, 3.55984]
[4.39047, 4.43881] ; [3.55984, 3.5604]
[4.39115, 4.43962] ; [3.5604, 3.56096]
[4.39182, 4.44043] ; [3.56096, 3.56152]
[4.39249, 4.44123] ; [3.56152, 3.56207]
[4.39315, 4.44204] ; [3.56207, 3.56262]
[4.39381, 4.44284] ; [3.56262, 3.56317]
[4.39447, 4.44363] ; [3.56317, 3.56372]
[4.39512, 4.44443] ; [3.56372, 3.56426]
[4.39577, 4.44522] ; [3.56426, 3.5648]
[4.39642, 4.44601] ; [3.5648, 3.56534]
[4.39706, 4.44679] ; [3.56534, 3.56588]
[4.39769, 4.44757] ; [3.56588, 3.56641]
[4.39833, 4.44835] ; [3.56641, 3.56694]
[4.39896, 4.44912] ; [3.56694, 3.56747]
[4.39958, 4.44989] ; [3.56747, 3.56799]
[4.4002, 4.45066] ; [3.56799, 3.56851]
[4.40082, 4.45142] ; [3.56851, 3.56903]
[4.40143, 4.45219] ; [3.56903, 3.56955]
[4.40204, 4.45294] ; [3.56955, 3.57006]
[4.40264, 4.4537] ; [3.57006, 3.57057]
[4.40324, 4.45445] ; [3.57057, 3.57108]
[4.40383, 4.4552] ; [3.57108, 3.57158]
[4.40442, 4.45595] ; [3.57158, 3.57209]
[4.40501, 4.45669] ; [3.57209, 3.57259]
[4.4056, 4.45743] ; [3.57259, 3.57308]
[4.40617, 4.45816] ; [3.57308, 3.57358]
[4.40675, 4.4589] ; [3.57358, 3.57407]
[4.40732, 4.45963] ; [3.57407, 3.57456]
[4.40789, 4.46035] ; [3.57456, 3.57504]
[4.40845, 4.46108] ; [3.57504, 3.57553]
[4.40901, 4.4618] ; [3.57553, 3.57601]
[4.40957, 4.46252] ; [3.57601, 3.57649]
[4.41012, 4.46324] ; [3.57649, 3.57697]
[4.41067, 4.46395] ; [3.57697, 3.57744]
[4.41121, 4.46466] ; [3.57744, 3.57791]
[4.41175, 4.46537] ; [3.57791, 3.57838]
[4.41229, 4.46607] ; [3.57838, 3.57884]
[4.41282, 4.46677] ; [3.57884, 3.57931]
[4.41335, 4.46747] ; [3.57931, 3.57977]
[4.41387, 4.46817] ; [3.57977, 3.58023]
[4.41439, 4.46886] ; [3.58023, 3.58068]
[4.41491, 4.46955] ; [3.58068, 3.58114]
[4.41542, 4.47024] ; [3.58114, 3.58159]
[4.41593, 4.47092] ; [3.58159, 3.58204]
[4.41644, 4.4716] ; [3.58204, 3.58248]
[4.41694, 4.47228] ; [3.58248, 3.58293]
[4.41743, 4.47296] ; [3.58293, 3.58337]
[4.41793, 4.47363] ; [3.58337, 3.58381]
[4.41842, 4.47431] ; [3.58381, 3.58424]
[4.41891, 4.47497] ; [3.58424, 3.58468]
[4.41939, 4.47564] ; [3.58468, 3.58511]
[4.41987, 4.4763] ; [3.58511, 3.58554]
[4.42034, 4.47697] ; [3.58554, 3.58597]
