[-0.00349066, -0.00349066] ; [-0.000194829, 0]
[-0.0034921, -0.0034921] ; [0, 0.000194829]
[-0.00350192, -0.00350192] ; [0.000194829, 0.000545522]
[-0.00352727, -0.00352726] ; [0.000545522, 0.00098588]
[-0.00356721, -0.00356721] ; [0.00098588, 0.00142927]
[-0.00362177, -0.00362177] ; [0.00142927, 0.00187524]
[-0.00369098, -0.00369098] ; [0.00187524, 0.00232382]
[-0.00377488, -0.00377487] ; [0.00232382, 0.00277502]
[-0.00387349, -0.00387349] ; [0.00277502, 0.00322888]
[-0.00398687, -0.00398686] ; [0.00322888, 0.0036854]
[-0.00411503, -0.00411502] ; [0.0036854, 0.00414462]
[-0.00425802, -0.00425801] ; [0.00414462, 0.00460656]
[-0.00441588, -0.00441587] ; [0.00460656, 0.00507124]
[-0.00458864, -0.00458863] ; [0.00507124, 0.00553868]
[-0.00477633, -0.00477632] ; [0.00553868, 0.0060089]
[-0.00497901, -0.004979] ; [0.0060089, 0.00648194]
[-0.0051967, -0.00519669] ; [0.00648194, 0.0069578]
[-0.00542944, -0.00542943] ; [0.0069578, 0.00743653]
[-0.00567729, -0.00567727] ; [0.00743653, 0.00791813]
[-0.00594026, -0.00594025] ; [0.00791813, 0.00840265]
[-0.00621842, -0.0062184] ; [0.00840265, 0.00889009]
[-0.00651179, -0.00651177] ; [0.00889009, 0.0093805]
[-0.00682063, -0.00682061] ; [0.0093805, 0.00987421]
[-0.00714714, -0.00714712] ; [0.00987421, 0.0103745]
[-0.00749169, -0.00749167] ; [0.0103745, 0.0108813]
[-0.00785463, -0.00785462] ; [0.0108813, 0.0113949]
[-0.00823634, -0.00823632] ; [0.0113949, 0.0119152]
[-0.00863716, -0.00863714] ; [0.0119152, 0.0124424]
[-0.00905747, -0.00905745] ; [0.0124424, 0.0129765]
[-0.00949764, -0.00949761] ; [0.0129765, 0.0135176]
[-0.00995804, -0.00995801] ; [0.0135176, 0.0140657]
[-0.010439, -0.010439] ; [0.0140657, 0.014621]
[-0.010941, -0.010941] ; [0.014621, 0.0151835]
[-0.0114644, -0.0114644] ; [0.0151835, 0.0157534]
[-0.0120095, -0.0120095] ; [0.0157534, 0.0163307]
[-0.0125768, -0.0125768] ; [0.0163307, 0.0169154]
[-0.0131666, -0.0131666] ; [0.0169154, 0.0175078]
[-0.0137793, -0.0137793] ; [0.0175078, 0.0181079]
[-0.0144154, -0.0144154] ; [0.0181079, 0.0187158]
[-0.0150752, -0.0150752] ; [0.0187158, 0.0193316]
[-0.0157592, -0.0157592] ; [0.0193316, 0.0199555]
[-0.0164678, -0.0164677] ; [0.0199555, 0.0205874]
[-0.0172013, -0.0172013] ; [0.0205874, 0.0212276]
[-0.0179603, -0.0179602] ; [0.0212276, 0.0218761]
[-0.0187451, -0.0187451] ; [0.0218761, 0.022533]
[-0.0195562, -0.0195562] ; [0.022533, 0.0231986]
[-0.020394, -0.020394] ; [0.0231986, 0.0238728]
[-0.021259, -0.021259] ; [0.0238728, 0.0245559]
[-0.0221516, -0.0221516] ; [0.0245559, 0.0252479]
[-0.0230723, -0.0230723] ; [0.0252479, 0.025949]
[-0.0240216, -0.0240215] ; [0.025949, 0.0266594]
[-0.0249998, -0.0249998] ; [0.0266594, 0.027379]
[-0.0260076, -0.0260075] ; [0.027379, 0.0281082]
[-0.0270453, -0.0270452] ; [0.0281082, 0.028847]
[-0.0281135, -0.0281134] ; [0.028847, 0.0295956]
[-0.0292126, -0.0292126] ; [0.0295956, 0.0303542]
[-0.0303432, -0.0303431] ; [0.0303542, 0.0311228]
[-0.0315057, -0.0315057] ; [0.0311228, 0.0319016]
[-0.0327007, -0.0327006] ; [0.0319016, 0.0326908]
[-0.0339285, -0.0339285] ; [0.0326908, 0.0334906]
[-0.0351899, -0.0351898] ; [0.0334906, 0.034301]
[-0.0364851, -0.036485] ; [0.034301, 0.0351222]
[-0.0378149, -0.0378148] ; [0.0351222, 0.0359545]
[-0.0391797, -0.0391796] ; [0.0359545, 0.0367979]
[-0.0405801, -0.0405799] ; [0.0367979, 0.0376526]
[-0.0420165, -0.0420164] ; [0.0376526, 0.0385189]
[-0.0434896, -0.0434894] ; [0.0385189, 0.0393969]
[-0.0449998, -0.0449997] ; [0.0393969, 0.0402867]
[-0.0465478, -0.0465476] ; [0.0402867, 0.0411885]
[-0.048134, -0.0481338] ; [0.0411885, 0.0421025]
[-0.049759, -0.0497588] ; [0.0421025, 0.0430289]
[-0.0514233, -0.0514232] ; [0.0430289, 0.0439679]
[-0.0531275, -0.0531274] ; [0.0439679, 0.0449195]
[-0.0548721, -0.0548719] ; [0.0449195, 0.0458841]
[-0.0566576, -0.0566574] ; [0.0458841, 0.0468616]
[-0.0584845, -0.0584844] ; [0.0468616, 0.0478524]
[-0.0603534, -0.0603532] ; [0.0478524, 0.0488566]
[-0.0622647, -0.0622645] ; [0.0488566, 0.0498742]
[-0.0642188, -0.0642186] ; [0.0498742, 0.0509056]
[-0.0662163, -0.0662161] ; [0.0509056, 0.0519507]
[-0.0682575, -0.0682573] ; [0.0519507, 0.0530097]
[-0.0703428, -0.0703426] ; [0.0530097, 0.0540828]
[-0.0724727, -0.0724725] ; [0.0540828, 0.0551701]
[-0.0746474, -0.0746472] ; [0.0551701, 0.0562716]
[-0.0768673, -0.076867] ; [0.0562716, 0.0573875]
[-0.0791325, -0.0791322] ; [0.0573875, 0.0585177]
[-0.0814433, -0.0814431] ; [0.0585177, 0.0596624]
[-0.0837999, -0.0837996] ; [0.0596624, 0.0608216]
[-0.0862023, -0.086202] ; [0.0608216, 0.0619953]
[-0.0886505, -0.0886502] ; [0.0619953, 0.0631834]
[-0.0911445, -0.0911442] ; [0.0631834, 0.0643859]
[-0.0936843, -0.0936839] ; [0.0643859, 0.0656028]
[-0.0962695, -0.0962692] ; [0.0656028, 0.066834]
[-0.0988999, -0.0988996] ; [0.066834, 0.0680794]
[-0.101575, -0.101575] ; [0.0680794, 0.0693387]
[-0.104295, -0.104295] ; [0.0693387, 0.0706118]
[-0.107059, -0.107058] ; [0.0706118, 0.0718986]
[-0.109865, -0.109865] ; [0.0718986, 0.0731987]
[-0.112715, -0.112714] ; [0.0731987, 0.0745119]
[-0.115606, -0.115605] ; [0.0745119, 0.0758379]
[-0.118538, -0.118537] ; [0.0758379, 0.0771764]
[-0.121509, -0.121509] ; [0.0771764, 0.078527]
[-0.124519, -0.124519] ; [0.078527, 0.0798893]
[-0.127567, -0.127567] ; [0.0798893, 0.0812629]
[-0.130651, -0.130651] ; [0.0812629, 0.0826474]
[-0.13377, -0.13377] ; [0.0826474, 0.0840424]
[-0.136923, -0.136922] ; [0.0840424, 0.0854473]
[-0.140108, -0.140107] ; [0.0854473, 0.0868619]
[-0.143323, -0.143323] ; [0.0868619, 0.0882855]
[-0.146568, -0.146568] ; [0.0882855, 0.0897177]
[-0.149841, -0.14984] ; [0.0897177, 0.0911582]
[-0.15314, -0.15314] ; [0.0911582, 0.0926064]
[-0.156464, -0.156464] ; [0.0926064, 0.0940619]
[-0.159812, -0.159811] ; [0.0940619, 0.0955242]
[-0.163179, -0.163179] ; [0.0955242, 0.0969923]
[-0.166565, -0.166565] ; [0.0969923, 0.0984656]
[-0.169969, -0.169968] ; [0.0984656, 0.0999438]
[-0.173388, -0.173388] ; [0.0999438, 0.101427]
[-0.176822, -0.176821] ; [0.101427, 0.102914]
[-0.180269, -0.180269] ; [0.102914, 0.104405]
[-0.183729, -0.183728] ; [0.104405, 0.105899]
[-0.187199, -0.187198] ; [0.105899, 0.107398]
[-0.19068, -0.190679] ; [0.107398, 0.108899]
[-0.19417, -0.194169] ; [0.108899, 0.110404]
[-0.197669, -0.197668] ; [0.110404, 0.111913]
[-0.201176, -0.201175] ; [0.111913, 0.113424]
[-0.204691, -0.20469] ; [0.113424, 0.114939]
[-0.208211, -0.20821] ; [0.114939, 0.116457]
[-0.211735, -0.211734] ; [0.116457, 0.117977]
[-0.21526, -0.215259] ; [0.117977, 0.119498]
[-0.218787, -0.218786] ; [0.119498, 0.121022]
[-0.222316, -0.222315] ; [0.121022, 0.122548]
[-0.225848, -0.225846] ; [0.122548, 0.124076]
[-0.229381, -0.22938] ; [0.124076, 0.125607]
[-0.232916, -0.232915] ; [0.125607, 0.127142]
[-0.236454, -0.236453] ; [0.127142, 0.12868]
[-0.239994, -0.239993] ; [0.12868, 0.130222]
[-0.243538, -0.243537] ; [0.130222, 0.131768]
[-0.247086, -0.247085] ; [0.131768, 0.13332]
[-0.250639, -0.250637] ; [0.13332, 0.134878]
[-0.254196, -0.254195] ; [0.134878, 0.136441]
[-0.25776, -0.257759] ; [0.136441, 0.138012]
[-0.261332, -0.26133] ; [0.138012, 0.139591]
[-0.264911, -0.264909] ; [0.139591, 0.141178]
[-0.2685, -0.268498] ; [0.141178, 0.142774]
[-0.272099, -0.272097] ; [0.142774, 0.144381]
[-0.27571, -0.275709] ; [0.144381, 0.145999]
[-0.279335, -0.279334] ; [0.145999, 0.14763]
[-0.282976, -0.282974] ; [0.14763, 0.149273]
[-0.286633, -0.286631] ; [0.149273, 0.150932]
[-0.29031, -0.290308] ; [0.150932, 0.152607]
[-0.294008, -0.294006] ; [0.152607, 0.154299]
[-0.29773, -0.297727] ; [0.154299, 0.156011]
[-0.301478, -0.301476] ; [0.156011, 0.157743]
[-0.305256, -0.305253] ; [0.157743, 0.159499]
[-0.309066, -0.309064] ; [0.159499, 0.161279]
[-0.312913, -0.312911] ; [0.161279, 0.163087]
[-0.316798, -0.316796] ; [0.163087, 0.164923]
[-0.320726, -0.320723] ; [0.164923, 0.166791]
[-0.3247, -0.324697] ; [0.166791, 0.168694]
[-0.328726, -0.328723] ; [0.168694, 0.170634]
[-0.33281, -0.332807] ; [0.170634, 0.172616]
[-0.336959, -0.336956] ; [0.172616, 0.174645]
[-0.341181, -0.341177] ; [0.174645, 0.176724]
[-0.345484, -0.34548] ; [0.176724, 0.17886]
[-0.349879, -0.349875] ; [0.17886, 0.18106]
[-0.354359, -0.354354] ; [0.18106, 0.183322]
[-0.358649, -0.358644] ; [0.183322, 0.185506]
[-0.36278, -0.362775] ; [0.185506, 0.187627]
[-0.366774, -0.366769] ; [0.187627, 0.189695]
[-0.37065, -0.370644] ; [0.189695, 0.191717]
[-0.374421, -0.374416] ; [0.191717, 0.193701]
[-0.378102, -0.378096] ; [0.193701, 0.195652]
[-0.3817, -0.381694] ; [0.195652, 0.197573]
[-0.385226, -0.38522] ; [0.197573, 0.19947]
[-0.388686, -0.388679] ; [0.19947, 0.201346]
[-0.392087, -0.39208] ; [0.201346, 0.203202]
[-0.395434, -0.395427] ; [0.203202, 0.205043]
[-0.398732, -0.398725] ; [0.205043, 0.206869]
[-0.401986, -0.401979] ; [0.206869, 0.208683]
[-0.4052, -0.405192] ; [0.208683, 0.210487]
[-0.408375, -0.408367] ; [0.210487, 0.212281]
[-0.411515, -0.411507] ; [0.212281, 0.214067]
[-0.414622, -0.414614] ; [0.214067, 0.215845]
[-0.417699, -0.417691] ; [0.215845, 0.217618]
[-0.420749, -0.420741] ; [0.217618, 0.219387]
[-0.423775, -0.423766] ; [0.219387, 0.221151]
[-0.426777, -0.426768] ; [0.221151, 0.222913]
[-0.429759, -0.42975] ; [0.222913, 0.224673]
[-0.432721, -0.432712] ; [0.224673, 0.226431]
[-0.435667, -0.435658] ; [0.226431, 0.22819]
[-0.438597, -0.438587] ; [0.22819, 0.229949]
[-0.441513, -0.441504] ; [0.229949, 0.23171]
[-0.444417, -0.444408] ; [0.23171, 0.233472]
[-0.44731, -0.447301] ; [0.233472, 0.235237]
[-0.450194, -0.450184] ; [0.235237, 0.237005]
[-0.45307, -0.45306] ; [0.237005, 0.238777]
[-0.455939, -0.455929] ; [0.238777, 0.240553]
[-0.458803, -0.458792] ; [0.240553, 0.242334]
[-0.461662, -0.461651] ; [0.242334, 0.244121]
[-0.464518, -0.464507] ; [0.244121, 0.245914]
[-0.467373, -0.467362] ; [0.245914, 0.247713]
[-0.470227, -0.470216] ; [0.247713, 0.24952]
[-0.473081, -0.47307] ; [0.24952, 0.251334]
[-0.475938, -0.475926] ; [0.251334, 0.253157]
[-0.478797, -0.478785] ; [0.253157, 0.254988]
[-0.48166, -0.481649] ; [0.254988, 0.256828]
[-0.484529, -0.484517] ; [0.256828, 0.258679]
[-0.487405, -0.487393] ; [0.258679, 0.260539]
[-0.490288, -0.490276] ; [0.260539, 0.262411]
[-0.49318, -0.493168] ; [0.262411, 0.264294]
[-0.496082, -0.49607] ; [0.264294, 0.26619]
[-0.498996, -0.498984] ; [0.26619, 0.268098]
[-0.501923, -0.501911] ; [0.268098, 0.27002]
[-0.504865, -0.504852] ; [0.27002, 0.271956]
[-0.507822, -0.507809] ; [0.271956, 0.273907]
[-0.510797, -0.510783] ; [0.273907, 0.275874]
[-0.51379, -0.513777] ; [0.275874, 0.277857]
[-0.516805, -0.516791] ; [0.277857, 0.279858]
[-0.519842, -0.519828] ; [0.279858, 0.281877]
[-0.522904, -0.52289] ; [0.281877, 0.283916]
[-0.525992, -0.525978] ; [0.283916, 0.285976]
[-0.529109, -0.529095] ; [0.285976, 0.288057]
[-0.532257, -0.532243] ; [0.288057, 0.290162]
[-0.53544, -0.535426] ; [0.290162, 0.292291]
[-0.53866, -0.538646] ; [0.292291, 0.294448]
[-0.541921, -0.541906] ; [0.294448, 0.296632]
[-0.545205, -0.545189] ; [0.296632, 0.298834]
[-0.54843, -0.548414] ; [0.298834, 0.300997]
[-0.5516, -0.551585] ; [0.300997, 0.303124]
[-0.55472, -0.554704] ; [0.303124, 0.305217]
[-0.55779, -0.557774] ; [0.305217, 0.307276]
[-0.560812, -0.560797] ; [0.307276, 0.309304]
[-0.563787, -0.563771] ; [0.309304, 0.311298]
[-0.566717, -0.566701] ; [0.311298, 0.313263]
[-0.569605, -0.569589] ; [0.313263, 0.315197]
[-0.572451, -0.572435] ; [0.315197, 0.317103]
[-0.575259, -0.575243] ; [0.317103, 0.318983]
[-0.578029, -0.578013] ; [0.318983, 0.320835]
[-0.580763, -0.580747] ; [0.320835, 0.322663]
[-0.583462, -0.583446] ; [0.322663, 0.324466]
[-0.586128, -0.586111] ; [0.324466, 0.326244]
[-0.58876, -0.588743] ; [0.326244, 0.328]
[-0.591361, -0.591344] ; [0.328, 0.329732]
[-0.59393, -0.593913] ; [0.329732, 0.331443]
[-0.596469, -0.596452] ; [0.331443, 0.333131]
[-0.598978, -0.598961] ; [0.333131, 0.334798]
[-0.601458, -0.601441] ; [0.334798, 0.336444]
[-0.603929, -0.603911] ; [0.336444, 0.338082]
[-0.606394, -0.606377] ; [0.338082, 0.339715]
[-0.608855, -0.608838] ; [0.339715, 0.341344]
[-0.611312, -0.611295] ; [0.341344, 0.342968]
[-0.613766, -0.613748] ; [0.342968, 0.344589]
[-0.616217, -0.616199] ; [0.344589, 0.346205]
[-0.618665, -0.618647] ; [0.346205, 0.347818]
[-0.62111, -0.621092] ; [0.347818, 0.349428]
[-0.623554, -0.623536] ; [0.349428, 0.351034]
[-0.625996, -0.625978] ; [0.351034, 0.352638]
[-0.628436, -0.628418] ; [0.352638, 0.354239]
[-0.630876, -0.630857] ; [0.354239, 0.355837]
[-0.633314, -0.633296] ; [0.355837, 0.357434]
[-0.635752, -0.635734] ; [0.357434, 0.359028]
[-0.63819, -0.638172] ; [0.359028, 0.36062]
[-0.640628, -0.64061] ; [0.36062, 0.36221]
[-0.643066, -0.643048] ; [0.36221, 0.363799]
[-0.645505, -0.645486] ; [0.363799, 0.365386]
[-0.647944, -0.647926] ; [0.365386, 0.366972]
[-0.650385, -0.650366] ; [0.366972, 0.368557]
[-0.652826, -0.652808] ; [0.368557, 0.37014]
[-0.65527, -0.655251] ; [0.37014, 0.371724]
[-0.657714, -0.657695] ; [0.371724, 0.373306]
[-0.660161, -0.660142] ; [0.373306, 0.374888]
[-0.662609, -0.66259] ; [0.374888, 0.376469]
[-0.665059, -0.665041] ; [0.376469, 0.37805]
[-0.667512, -0.667494] ; [0.37805, 0.379631]
[-0.669968, -0.669949] ; [0.379631, 0.381212]
[-0.672427, -0.672407] ; [0.381212, 0.382793]
[-0.674888, -0.674869] ; [0.382793, 0.384375]
[-0.677353, -0.677334] ; [0.384375, 0.385957]
[-0.679821, -0.679802] ; [0.385957, 0.38754]
[-0.682293, -0.682274] ; [0.38754, 0.389124]
[-0.684769, -0.68475] ; [0.389124, 0.390709]
[-0.68725, -0.68723] ; [0.390709, 0.392295]
[-0.689734, -0.689715] ; [0.392295, 0.393882]
[-0.692224, -0.692204] ; [0.393882, 0.395471]
[-0.694718, -0.694699] ; [0.395471, 0.397062]
[-0.697218, -0.697198] ; [0.397062, 0.398654]
[-0.699723, -0.699703] ; [0.398654, 0.400249]
[-0.702234, -0.702214] ; [0.400249, 0.401846]
[-0.70475, -0.704731] ; [0.401846, 0.403445]
[-0.707273, -0.707254] ; [0.403445, 0.405047]
[-0.709803, -0.709783] ; [0.405047, 0.406652]
[-0.712345, -0.712325] ; [0.406652, 0.408264]
[-0.714915, -0.714895] ; [0.408264, 0.409892]
[-0.717513, -0.717494] ; [0.409892, 0.411536]
[-0.72014, -0.72012] ; [0.411536, 0.413198]
[-0.722796, -0.722776] ; [0.413198, 0.414877]
[-0.725482, -0.725462] ; [0.414877, 0.416573]
[-0.728198, -0.728178] ; [0.416573, 0.418286]
[-0.730944, -0.730924] ; [0.418286, 0.420018]
[-0.73372, -0.7337] ; [0.420018, 0.421767]
[-0.736527, -0.736507] ; [0.421767, 0.423535]
[-0.739366, -0.739346] ; [0.423535, 0.425321]
[-0.742238, -0.742218] ; [0.425321, 0.427127]
[-0.745143, -0.745122] ; [0.427127, 0.428952]
[-0.748081, -0.748061] ; [0.428952, 0.430797]
[-0.751055, -0.751035] ; [0.430797, 0.432663]
[-0.754066, -0.754045] ; [0.432663, 0.43455]
[-0.757113, -0.757093] ; [0.43455, 0.436459]
[-0.760199, -0.760179] ; [0.436459, 0.438391]
[-0.763325, -0.763305] ; [0.438391, 0.440347]
[-0.766493, -0.766473] ; [0.440347, 0.442327]
[-0.769705, -0.769684] ; [0.442327, 0.444333]
[-0.772962, -0.772941] ; [0.444333, 0.446365]
[-0.776266, -0.776245] ; [0.446365, 0.448426]
[-0.77962, -0.779599] ; [0.448426, 0.450516]
[-0.783026, -0.783005] ; [0.450516, 0.452636]
[-0.786488, -0.786467] ; [0.452636, 0.45479]
[-0.790009, -0.789988] ; [0.45479, 0.456978]
[-0.793592, -0.79357] ; [0.456978, 0.459202]
[-0.797241, -0.79722] ; [0.459202, 0.461465]
[-0.800961, -0.80094] ; [0.461465, 0.46377]
[-0.804757, -0.804736] ; [0.46377, 0.466119]
[-0.808635, -0.808613] ; [0.466119, 0.468516]
[-0.812601, -0.812579] ; [0.468516, 0.470964]
[-0.816663, -0.816641] ; [0.470964, 0.473467]
[-0.820828, -0.820806] ; [0.473467, 0.476031]
[-0.825106, -0.825084] ; [0.476031, 0.47866]
[-0.829509, -0.829486] ; [0.47866, 0.48136]
[-0.834044, -0.834021] ; [0.48136, 0.484137]
[-0.838461, -0.838439] ; [0.484137, 0.486835]
[-0.842799, -0.842776] ; [0.486835, 0.48948]
[-0.847067, -0.847044] ; [0.48948, 0.492076]
[-0.851276, -0.851252] ; [0.492076, 0.494631]
[-0.855435, -0.855411] ; [0.494631, 0.497149]
[-0.859552, -0.859528] ; [0.497149, 0.499636]
[-0.863634, -0.86361] ; [0.499636, 0.502096]
[-0.867688, -0.867663] ; [0.502096, 0.504532]
[-0.871718, -0.871694] ; [0.504532, 0.506948]
[-0.875732, -0.875707] ; [0.506948, 0.509347]
[-0.879732, -0.879707] ; [0.509347, 0.511732]
[-0.883725, -0.8837] ; [0.511732, 0.514105]
[-0.887715, -0.88769] ; [0.514105, 0.516469]
[-0.891707, -0.891681] ; [0.516469, 0.518826]
[-0.895703, -0.895677] ; [0.518826, 0.521179]
[-0.89971, -0.899684] ; [0.521179, 0.52353]
[-0.903731, -0.903704] ; [0.52353, 0.525882]
[-0.90777, -0.907743] ; [0.525882, 0.528235]
[-0.911831, -0.911804] ; [0.528235, 0.530594]
[-0.915919, -0.915891] ; [0.530594, 0.532959]
[-0.920038, -0.92001] ; [0.532959, 0.535333]
[-0.924192, -0.924164] ; [0.535333, 0.537719]
[-0.928387, -0.928358] ; [0.537719, 0.540118]
[-0.932625, -0.932596] ; [0.540118, 0.542533]
[-0.936914, -0.936884] ; [0.542533, 0.544966]
[-0.941256, -0.941227] ; [0.544966, 0.547419]
[-0.945659, -0.945629] ; [0.547419, 0.549896]
[-0.950127, -0.950096] ; [0.549896, 0.552399]
[-0.954665, -0.954634] ; [0.552399, 0.55493]
[-0.959281, -0.959249] ; [0.55493, 0.557492]
[-0.963979, -0.963947] ; [0.557492, 0.560089]
[-0.968765, -0.968732] ; [0.560089, 0.562722]
[-0.973642, -0.973609] ; [0.562722, 0.565392]
[-0.978617, -0.978584] ; [0.565392, 0.568103]
[-0.983642, -0.983608] ; [0.568103, 0.570828]
[-0.988551, -0.988516] ; [0.570828, 0.573478]
[-0.993407, -0.993372] ; [0.573478, 0.576087]
[-0.998206, -0.99817] ; [0.576087, 0.578654]
[-1.00296, -1.00292] ; [0.578654, 0.581186]
[-1.00768, -1.00764] ; [0.581186, 0.583688]
[-1.01236, -1.01233] ; [0.583688, 0.586163]
[-1.01703, -1.01699] ; [0.586163, 0.588615]
[-1.02167, -1.02163] ; [0.588615, 0.591047]
[-1.0263, -1.02626] ; [0.591047, 0.593463]
[-1.03092, -1.03088] ; [0.593463, 0.595865]
[-1.03553, -1.03549] ; [0.595865, 0.598256]
[-1.04015, -1.04011] ; [0.598256, 0.600637]
[-1.04476, -1.04472] ; [0.600637, 0.603011]
[-1.04939, -1.04935] ; [0.603011, 0.605381]
[-1.05402, -1.05398] ; [0.605381, 0.607746]
[-1.05866, -1.05862] ; [0.607746, 0.610111]
[-1.06332, -1.06328] ; [0.610111, 0.612475]
[-1.068, -1.06795] ; [0.612475, 0.614839]
[-1.07269, -1.07265] ; [0.614839, 0.617206]
[-1.0774, -1.07736] ; [0.617206, 0.619576]
[-1.08214, -1.0821] ; [0.619576, 0.621951]
[-1.08691, -1.08686] ; [0.621951, 0.624332]
[-1.0917, -1.09165] ; [0.624332, 0.626722]
[-1.09652, -1.09648] ; [0.626722, 0.62912]
[-1.10138, -1.10134] ; [0.62912, 0.631529]
[-1.10628, -1.10623] ; [0.631529, 0.633951]
[-1.11121, -1.11117] ; [0.633951, 0.636385]
[-1.11619, -1.11615] ; [0.636385, 0.638835]
[-1.12122, -1.12117] ; [0.638835, 0.641302]
[-1.12629, -1.12624] ; [0.641302, 0.643786]
[-1.13142, -1.13137] ; [0.643786, 0.646291]
[-1.13651, -1.13646] ; [0.646291, 0.648773]
[-1.14155, -1.1415] ; [0.648773, 0.651227]
[-1.14654, -1.1465] ; [0.651227, 0.653653]
[-1.15149, -1.15144] ; [0.653653, 0.656051]
[-1.15639, -1.15634] ; [0.656051, 0.658421]
[-1.16124, -1.16119] ; [0.658421, 0.660763]
[-1.16604, -1.16599] ; [0.660763, 0.663079]
[-1.1708, -1.17074] ; [0.663079, 0.665368]
[-1.1755, -1.17545] ; [0.665368, 0.66763]
[-1.18016, -1.18011] ; [0.66763, 0.669866]
[-1.18477, -1.18472] ; [0.669866, 0.672077]
[-1.18934, -1.18928] ; [0.672077, 0.674263]
[-1.19386, -1.1938] ; [0.674263, 0.676424]
[-1.19833, -1.19828] ; [0.676424, 0.67856]
[-1.20276, -1.2027] ; [0.67856, 0.680673]
[-1.20714, -1.20709] ; [0.680673, 0.682763]
[-1.21148, -1.21143] ; [0.682763, 0.684829]
[-1.21578, -1.21573] ; [0.684829, 0.686873]
[-1.22003, -1.21998] ; [0.686873, 0.688894]
[-1.22425, -1.22419] ; [0.688894, 0.690893]
[-1.22842, -1.22836] ; [0.690893, 0.692871]
[-1.23254, -1.23249] ; [0.692871, 0.694828]
[-1.23663, -1.23658] ; [0.694828, 0.696764]
[-1.24068, -1.24063] ; [0.696764, 0.69868]
[-1.24469, -1.24463] ; [0.69868, 0.700575]
[-1.24866, -1.2486] ; [0.700575, 0.70245]
[-1.25259, -1.25253] ; [0.70245, 0.704306]
[-1.25648, -1.25643] ; [0.704306, 0.706142]
[-1.26035, -1.2603] ; [0.706142, 0.707968]
[-1.26422, -1.26416] ; [0.707968, 0.709788]
[-1.26807, -1.26801] ; [0.709788, 0.711602]
[-1.27191, -1.27186] ; [0.711602, 0.713411]
[-1.27575, -1.27569] ; [0.713411, 0.715214]
[-1.27957, -1.27951] ; [0.715214, 0.717012]
[-1.28339, -1.28333] ; [0.717012, 0.718804]
[-1.28719, -1.28714] ; [0.718804, 0.720591]
[-1.29099, -1.29093] ; [0.720591, 0.722374]
[-1.29478, -1.29472] ; [0.722374, 0.724151]
[-1.29857, -1.29851] ; [0.724151, 0.725925]
[-1.30234, -1.30228] ; [0.725925, 0.727694]
[-1.30611, -1.30605] ; [0.727694, 0.729459]
[-1.30988, -1.30982] ; [0.729459, 0.73122]
[-1.31363, -1.31358] ; [0.73122, 0.732977]
[-1.31739, -1.31733] ; [0.732977, 0.734731]
[-1.32113, -1.32108] ; [0.734731, 0.736482]
[-1.32488, -1.32482] ; [0.736482, 0.738229]
[-1.32861, -1.32856] ; [0.738229, 0.739974]
[-1.33235, -1.33229] ; [0.739974, 0.741715]
[-1.33608, -1.33602] ; [0.741715, 0.743455]
[-1.33981, -1.33975] ; [0.743455, 0.745191]
[-1.34353, -1.34347] ; [0.745191, 0.746926]
[-1.34725, -1.3472] ; [0.746926, 0.748658]
[-1.35097, -1.35092] ; [0.748658, 0.750389]
[-1.35469, -1.35463] ; [0.750389, 0.752118]
[-1.35841, -1.35835] ; [0.752118, 0.753845]
[-1.36213, -1.36207] ; [0.753845, 0.755571]
[-1.36585, -1.36579] ; [0.755571, 0.757296]
[-1.36956, -1.3695] ; [0.757296, 0.75902]
[-1.37328, -1.37322] ; [0.75902, 0.760744]
[-1.377, -1.37694] ; [0.760744, 0.762466]
[-1.38072, -1.38066] ; [0.762466, 0.764189]
[-1.38444, -1.38438] ; [0.764189, 0.765911]
[-1.38817, -1.3881] ; [0.765911, 0.767633]
[-1.39189, -1.39183] ; [0.767633, 0.769356]
[-1.39562, -1.39556] ; [0.769356, 0.771078]
[-1.39936, -1.39929] ; [0.771078, 0.772802]
[-1.40309, -1.40303] ; [0.772802, 0.774526]
[-1.40684, -1.40677] ; [0.774526, 0.776252]
[-1.41058, -1.41052] ; [0.776252, 0.777978]
[-1.41434, -1.41428] ; [0.777978, 0.779707]
[-1.4181, -1.41804] ; [0.779707, 0.781437]
[-1.42187, -1.4218] ; [0.781437, 0.78317]
[-1.42564, -1.42558] ; [0.78317, 0.784905]
[-1.42943, -1.42936] ; [0.784905, 0.786643]
[-1.43322, -1.43316] ; [0.786643, 0.788384]
[-1.43702, -1.43696] ; [0.788384, 0.790128]
[-1.44084, -1.44078] ; [0.790128, 0.791877]
[-1.44466, -1.4446] ; [0.791877, 0.793629]
[-1.4485, -1.44844] ; [0.793629, 0.795386]
[-1.45236, -1.45229] ; [0.795386, 0.797148]
[-1.45622, -1.45616] ; [0.797148, 0.798915]
[-1.4601, -1.46004] ; [0.798915, 0.800688]
[-1.464, -1.46394] ; [0.800688, 0.802467]
[-1.46792, -1.46785] ; [0.802467, 0.804253]
[-1.47185, -1.47179] ; [0.804253, 0.806046]
[-1.47581, -1.47574] ; [0.806046, 0.807847]
[-1.47978, -1.47972] ; [0.807847, 0.809656]
[-1.48378, -1.48372] ; [0.809656, 0.811475]
[-1.4878, -1.48774] ; [0.811475, 0.813303]
[-1.49185, -1.49179] ; [0.813303, 0.815142]
[-1.49593, -1.49586] ; [0.815142, 0.816992]
[-1.50003, -1.49997] ; [0.816992, 0.818855]
[-1.50417, -1.50411] ; [0.818855, 0.82073]
[-1.50834, -1.50828] ; [0.82073, 0.82262]
[-1.51256, -1.5125] ; [0.82262, 0.824531]
[-1.51685, -1.51678] ; [0.824531, 0.82647]
[-1.5212, -1.52114] ; [0.82647, 0.828439]
[-1.52563, -1.52556] ; [0.828439, 0.83044]
[-1.53014, -1.53007] ; [0.83044, 0.832475]
[-1.53472, -1.53466] ; [0.832475, 0.834546]
[-1.5394, -1.53933] ; [0.834546, 0.836656]
[-1.54417, -1.5441] ; [0.836656, 0.838808]
[-1.54905, -1.54898] ; [0.838808, 0.841006]
[-1.55404, -1.55397] ; [0.841006, 0.843253]
[-1.55915, -1.55908] ; [0.843253, 0.845556]
[-1.5644, -1.56433] ; [0.845556, 0.84792]
[-1.5698, -1.56973] ; [0.84792, 0.850353]
[-1.57538, -1.57531] ; [0.850353, 0.852864]
[-1.58099, -1.58092] ; [0.852864, 0.855391]
[-1.58647, -1.5864] ; [0.855391, 0.857857]
[-1.59182, -1.59175] ; [0.857857, 0.860267]
[-1.59706, -1.59698] ; [0.860267, 0.862625]
[-1.60219, -1.60211] ; [0.862625, 0.864936]
[-1.60722, -1.60715] ; [0.864936, 0.867206]
[-1.61217, -1.6121] ; [0.867206, 0.869439]
[-1.61705, -1.61697] ; [0.869439, 0.871639]
[-1.62185, -1.62178] ; [0.871639, 0.873809]
[-1.6266, -1.62652] ; [0.873809, 0.875951]
[-1.63128, -1.6312] ; [0.875951, 0.878069]
[-1.63591, -1.63583] ; [0.878069, 0.880165]
[-1.64049, -1.64041] ; [0.880165, 0.882241]
[-1.64502, -1.64494] ; [0.882241, 0.884298]
[-1.64951, -1.64943] ; [0.884298, 0.886339]
[-1.65396, -1.65388] ; [0.886339, 0.888365]
[-1.65838, -1.6583] ; [0.888365, 0.890378]
[-1.66277, -1.66268] ; [0.890378, 0.892379]
[-1.66712, -1.66704] ; [0.892379, 0.89437]
[-1.67145, -1.67136] ; [0.89437, 0.896351]
[-1.67575, -1.67567] ; [0.896351, 0.898325]
[-1.68003, -1.67994] ; [0.898325, 0.900291]
[-1.68428, -1.6842] ; [0.900291, 0.902252]
[-1.68852, -1.68844] ; [0.902252, 0.904209]
[-1.69275, -1.69266] ; [0.904209, 0.906162]
[-1.69695, -1.69687] ; [0.906162, 0.908113]
[-1.70115, -1.70106] ; [0.908113, 0.910063]
[-1.70533, -1.70524] ; [0.910063, 0.912013]
[-1.70951, -1.70942] ; [0.912013, 0.913963]
[-1.71367, -1.71358] ; [0.913963, 0.915915]
[-1.71783, -1.71774] ; [0.915915, 0.917871]
[-1.72199, -1.7219] ; [0.917871, 0.91983]
[-1.72615, -1.72606] ; [0.91983, 0.921794]
[-1.7303, -1.73021] ; [0.921794, 0.923765]
[-1.73446, -1.73437] ; [0.923765, 0.925742]
[-1.73862, -1.73853] ; [0.925742, 0.927729]
[-1.74279, -1.7427] ; [0.927729, 0.929724]
[-1.74697, -1.74687] ; [0.929724, 0.931731]
[-1.75115, -1.75105] ; [0.931731, 0.933749]
[-1.75535, -1.75525] ; [0.933749, 0.935781]
[-1.75956, -1.75946] ; [0.935781, 0.937828]
[-1.76378, -1.76368] ; [0.937828, 0.939891]
[-1.76803, -1.76793] ; [0.939891, 0.941971]
[-1.7723, -1.77219] ; [0.941971, 0.94407]
[-1.77658, -1.77648] ; [0.94407, 0.94619]
[-1.7809, -1.7808] ; [0.94619, 0.948333]
[-1.78524, -1.78514] ; [0.948333, 0.950498]
[-1.78961, -1.7895] ; [0.950498, 0.952688]
[-1.79401, -1.7939] ; [0.952688, 0.954904]
[-1.79845, -1.79834] ; [0.954904, 0.957148]
[-1.80292, -1.80281] ; [0.957148, 0.959423]
[-1.80744, -1.80733] ; [0.959423, 0.961732]
[-1.812, -1.81189] ; [0.961732, 0.964076]
[-1.8166, -1.81648] ; [0.964076, 0.966452]
[-1.8212, -1.82108] ; [0.966452, 0.968842]
[-1.82571, -1.82559] ; [0.968842, 0.971195]
[-1.83011, -1.82999] ; [0.971195, 0.973507]
[-1.83442, -1.8343] ; [0.973507, 0.975784]
[-1.83866, -1.83853] ; [0.975784, 0.97803]
[-1.84281, -1.84269] ; [0.97803, 0.980249]
[-1.84691, -1.84678] ; [0.980249, 0.982443]
[-1.85094, -1.85081] ; [0.982443, 0.984615]
[-1.85491, -1.85478] ; [0.984615, 0.986767]
[-1.85884, -1.85871] ; [0.986767, 0.988902]
[-1.86272, -1.86258] ; [0.988902, 0.991021]
[-1.86655, -1.86642] ; [0.991021, 0.993127]
[-1.87034, -1.87021] ; [0.993127, 0.99522]
[-1.8741, -1.87396] ; [0.99522, 0.997303]
[-1.87783, -1.87769] ; [0.997303, 0.999377]
[-1.88152, -1.88138] ; [0.999377, 1.00144]
[-1.88519, -1.88504] ; [1.00144, 1.0035]
[-1.88882, -1.88868] ; [1.0035, 1.00555]
[-1.89244, -1.89229] ; [1.00555, 1.0076]
[-1.89602, -1.89588] ; [1.0076, 1.00964]
[-1.89959, -1.89944] ; [1.00964, 1.01167]
[-1.90314, -1.90299] ; [1.01167, 1.01371]
[-1.90667, -1.90651] ; [1.01371, 1.01574]
[-1.91018, -1.91003] ; [1.01574, 1.01777]
[-1.91368, -1.91352] ; [1.01777, 1.0198]
[-1.91716, -1.91701] ; [1.0198, 1.02182]
[-1.92064, -1.92048] ; [1.02182, 1.02385]
[-1.9241, -1.92394] ; [1.02385, 1.02588]
[-1.92756, -1.9274] ; [1.02588, 1.02791]
[-1.93101, -1.93085] ; [1.02791, 1.02995]
[-1.93445, -1.93429] ; [1.02995, 1.03199]
[-1.93789, -1.93773] ; [1.03199, 1.03403]
[-1.94133, -1.94116] ; [1.03403, 1.03607]
[-1.94477, -1.9446] ; [1.03607, 1.03813]
[-1.94821, -1.94803] ; [1.03813, 1.04019]
[-1.95165, -1.95147] ; [1.04019, 1.04225]
[-1.95509, -1.95491] ; [1.04225, 1.04432]
[-1.95853, -1.95836] ; [1.04432, 1.0464]
[-1.96199, -1.96181] ; [1.0464, 1.04849]
[-1.96545, -1.96526] ; [1.04849, 1.05059]
[-1.96891, -1.96873] ; [1.05059, 1.0527]
[-1.97239, -1.97221] ; [1.0527, 1.05482]
[-1.97588, -1.97569] ; [1.05482, 1.05695]
[-1.97938, -1.97919] ; [1.05695, 1.05909]
[-1.9829, -1.98271] ; [1.05909, 1.06125]
[-1.98644, -1.98624] ; [1.06125, 1.06342]
[-1.98999, -1.98979] ; [1.06342, 1.0656]
[-1.99356, -1.99336] ; [1.0656, 1.0678]
[-1.99708, -1.99688] ; [1.0678, 1.06997]
[-2.00055, -2.00035] ; [1.06997, 1.07212]
[-2.00398, -2.00378] ; [1.07212, 1.07425]
[-2.00737, -2.00717] ; [1.07425, 1.07635]
[-2.01072, -2.01051] ; [1.07635, 1.07842]
[-2.01402, -2.01381] ; [1.07842, 1.08047]
[-2.01728, -2.01707] ; [1.08047, 1.0825]
[-2.02051, -2.02029] ; [1.0825, 1.08451]
[-2.02369, -2.02348] ; [1.08451, 1.08649]
[-2.02685, -2.02663] ; [1.08649, 1.08846]
[-2.02999, -2.02977] ; [1.08846, 1.09042]
[-2.03311, -2.03289] ; [1.09042, 1.09237]
[-2.03623, -2.036] ; [1.09237, 1.09431]
[-2.03932, -2.0391] ; [1.09431, 1.09624]
[-2.04241, -2.04218] ; [1.09624, 1.09817]
[-2.04548, -2.04525] ; [1.09817, 1.10009]
[-2.04854, -2.04831] ; [1.10009, 1.10201]
[-2.05159, -2.05136] ; [1.10201, 1.10391]
[-2.05463, -2.0544] ; [1.10391, 1.10582]
[-2.05767, -2.05743] ; [1.10582, 1.10771]
[-2.06069, -2.06045] ; [1.10771, 1.1096]
[-2.0637, -2.06346] ; [1.1096, 1.11149]
[-2.06671, -2.06647] ; [1.11149, 1.11337]
[-2.06971, -2.06946] ; [1.11337, 1.11524]
[-2.0727, -2.07245] ; [1.11524, 1.11711]
[-2.07568, -2.07543] ; [1.11711, 1.11898]
[-2.07866, -2.07841] ; [1.11898, 1.12084]
[-2.08163, -2.08138] ; [1.12084, 1.1227]
[-2.08459, -2.08434] ; [1.1227, 1.12455]
[-2.08755, -2.0873] ; [1.12455, 1.1264]
[-2.0905, -2.09025] ; [1.1264, 1.12825]
[-2.09345, -2.0932] ; [1.12825, 1.13009]
[-2.0964, -2.09614] ; [1.13009, 1.13193]
[-2.09934, -2.09909] ; [1.13193, 1.13376]
[-2.10229, -2.10203] ; [1.13376, 1.1356]
[-2.10523, -2.10496] ; [1.1356, 1.13743]
[-2.10816, -2.1079] ; [1.13743, 1.13926]
[-2.1111, -2.11084] ; [1.13926, 1.14109]
[-2.11404, -2.11377] ; [1.14109, 1.14292]
[-2.11697, -2.11671] ; [1.14292, 1.14475]
[-2.11991, -2.11964] ; [1.14475, 1.14657]
[-2.12285, -2.12258] ; [1.14657, 1.1484]
[-2.12578, -2.12551] ; [1.1484, 1.15023]
[-2.12872, -2.12845] ; [1.15023, 1.15205]
[-2.13166, -2.13139] ; [1.15205, 1.15388]
[-2.13461, -2.13433] ; [1.15388, 1.1557]
[-2.13755, -2.13727] ; [1.1557, 1.15753]
[-2.1405, -2.14022] ; [1.15753, 1.15935]
[-2.14345, -2.14317] ; [1.15935, 1.16118]
[-2.1464, -2.14612] ; [1.16118, 1.16301]
[-2.14936, -2.14908] ; [1.16301, 1.16484]
[-2.15232, -2.15204] ; [1.16484, 1.16667]
[-2.15529, -2.155] ; [1.16667, 1.1685]
[-2.15826, -2.15797] ; [1.1685, 1.17033]
[-2.16124, -2.16095] ; [1.17033, 1.17217]
[-2.16422, -2.16393] ; [1.17217, 1.17401]
[-2.16721, -2.16692] ; [1.17401, 1.17585]
[-2.17021, -2.16992] ; [1.17585, 1.17769]
[-2.17321, -2.17292] ; [1.17769, 1.17954]
[-2.17623, -2.17593] ; [1.17954, 1.18139]
[-2.17925, -2.17895] ; [1.18139, 1.18325]
[-2.18228, -2.18198] ; [1.18325, 1.18511]
[-2.18532, -2.18502] ; [1.18511, 1.18697]
[-2.18837, -2.18807] ; [1.18697, 1.18884]
[-2.19143, -2.19113] ; [1.18884, 1.19071]
[-2.19451, -2.19421] ; [1.19071, 1.19259]
[-2.19759, -2.19729] ; [1.19259, 1.19448]
[-2.20069, -2.20039] ; [1.19448, 1.19637]
[-2.2038, -2.2035] ; [1.19637, 1.19827]
[-2.20693, -2.20662] ; [1.19827, 1.20017]
[-2.21007, -2.20976] ; [1.20017, 1.20208]
[-2.21322, -2.21291] ; [1.20208, 1.204]
[-2.21639, -2.21608] ; [1.204, 1.20593]
[-2.21958, -2.21926] ; [1.20593, 1.20786]
[-2.22278, -2.22246] ; [1.20786, 1.20981]
[-2.226, -2.22568] ; [1.20981, 1.21176]
[-2.22923, -2.22892] ; [1.21176, 1.21372]
[-2.23249, -2.23217] ; [1.21372, 1.21569]
[-2.23577, -2.23545] ; [1.21569, 1.21767]
[-2.23906, -2.23875] ; [1.21767, 1.21966]
[-2.24238, -2.24206] ; [1.21966, 1.22166]
[-2.24573, -2.2454] ; [1.22166, 1.22368]
[-2.24909, -2.24877] ; [1.22368, 1.2257]
[-2.25249, -2.25217] ; [1.2257, 1.22775]
[-2.25593, -2.25561] ; [1.22775, 1.22981]
[-2.25942, -2.25909] ; [1.22981, 1.2319]
[-2.26295, -2.26262] ; [1.2319, 1.23402]
[-2.26652, -2.26619] ; [1.23402, 1.23616]
[-2.27015, -2.26982] ; [1.23616, 1.23832]
[-2.27382, -2.27349] ; [1.23832, 1.24052]
[-2.27755, -2.27721] ; [1.24052, 1.24274]
[-2.28133, -2.28099] ; [1.24274, 1.24499]
[-2.28516, -2.28482] ; [1.24499, 1.24726]
[-2.28906, -2.28871] ; [1.24726, 1.24957]
[-2.29301, -2.29266] ; [1.24957, 1.25191]
[-2.29702, -2.29667] ; [1.25191, 1.25429]
[-2.30109, -2.30075] ; [1.25429, 1.25669]
[-2.30524, -2.30489] ; [1.25669, 1.25913]
[-2.30945, -2.3091] ; [1.25913, 1.26161]
[-2.31372, -2.31337] ; [1.26161, 1.26412]
[-2.31808, -2.31772] ; [1.26412, 1.26667]
[-2.3225, -2.32215] ; [1.26667, 1.26926]
[-2.327, -2.32665] ; [1.26926, 1.27188]
[-2.33158, -2.33122] ; [1.27188, 1.27455]
[-2.33622, -2.33586] ; [1.27455, 1.27724]
[-2.34082, -2.34046] ; [1.27724, 1.27991]
[-2.34541, -2.34505] ; [1.27991, 1.28256]
[-2.34999, -2.34962] ; [1.28256, 1.2852]
[-2.35455, -2.35418] ; [1.2852, 1.28782]
[-2.35911, -2.35874] ; [1.28782, 1.29044]
[-2.36367, -2.36329] ; [1.29044, 1.29304]
[-2.36823, -2.36785] ; [1.29304, 1.29564]
[-2.37279, -2.37241] ; [1.29564, 1.29824]
[-2.37735, -2.37697] ; [1.29824, 1.30083]
[-2.38192, -2.38154] ; [1.30083, 1.30342]
[-2.38651, -2.38612] ; [1.30342, 1.30601]
[-2.3911, -2.39072] ; [1.30601, 1.30859]
[-2.39572, -2.39533] ; [1.30859, 1.31118]
[-2.40035, -2.39996] ; [1.31118, 1.31378]
[-2.405, -2.40461] ; [1.31378, 1.31638]
[-2.40968, -2.40929] ; [1.31638, 1.31898]
[-2.41438, -2.41399] ; [1.31898, 1.32159]
[-2.41911, -2.41871] ; [1.32159, 1.3242]
[-2.42387, -2.42347] ; [1.3242, 1.32683]
[-2.42866, -2.42825] ; [1.32683, 1.32946]
[-2.43348, -2.43308] ; [1.32946, 1.3321]
[-2.43834, -2.43793] ; [1.3321, 1.33476]
[-2.44324, -2.44283] ; [1.33476, 1.33743]
[-2.44818, -2.44777] ; [1.33743, 1.34011]
[-2.45316, -2.45275] ; [1.34011, 1.34281]
[-2.45819, -2.45777] ; [1.34281, 1.34552]
[-2.46325, -2.46284] ; [1.34552, 1.34825]
[-2.46837, -2.46795] ; [1.34825, 1.35099]
[-2.47347, -2.47304] ; [1.35099, 1.35372]
[-2.47853, -2.47811] ; [1.35372, 1.35642]
[-2.48358, -2.48315] ; [1.35642, 1.3591]
[-2.4886, -2.48817] ; [1.3591, 1.36176]
[-2.4936, -2.49317] ; [1.36176, 1.3644]
[-2.4986, -2.49816] ; [1.3644, 1.36703]
[-2.50358, -2.50314] ; [1.36703, 1.36965]
[-2.50855, -2.50811] ; [1.36965, 1.37225]
[-2.51352, -2.51307] ; [1.37225, 1.37485]
[-2.51848, -2.51804] ; [1.37485, 1.37743]
[-2.52345, -2.523] ; [1.37743, 1.38001]
[-2.52841, -2.52795] ; [1.38001, 1.38258]
[-2.53335, -2.53289] ; [1.38258, 1.38513]
[-2.53827, -2.53781] ; [1.38513, 1.38767]
[-2.54317, -2.54271] ; [1.38767, 1.39019]
[-2.54805, -2.54759] ; [1.39019, 1.3927]
[-2.55291, -2.55245] ; [1.3927, 1.39518]
[-2.55775, -2.55729] ; [1.39518, 1.39766]
[-2.56257, -2.5621] ; [1.39766, 1.40011]
[-2.56737, -2.5669] ; [1.40011, 1.40255]
[-2.57215, -2.57167] ; [1.40255, 1.40497]
[-2.5769, -2.57642] ; [1.40497, 1.40738]
[-2.58162, -2.58114] ; [1.40738, 1.40976]
[-2.58632, -2.58584] ; [1.40976, 1.41213]
[-2.591, -2.59051] ; [1.41213, 1.41448]
[-2.59564, -2.59515] ; [1.41448, 1.41682]
[-2.60026, -2.59977] ; [1.41682, 1.41914]
[-2.60486, -2.60436] ; [1.41914, 1.42143]
[-2.60942, -2.60893] ; [1.42143, 1.42372]
[-2.61396, -2.61346] ; [1.42372, 1.42598]
[-2.61847, -2.61797] ; [1.42598, 1.42822]
[-2.62295, -2.62245] ; [1.42822, 1.43045]
[-2.6274, -2.62689] ; [1.43045, 1.43266]
[-2.63182, -2.63131] ; [1.43266, 1.43485]
[-2.63621, -2.6357] ; [1.43485, 1.43703]
[-2.64059, -2.64008] ; [1.43703, 1.43919]
[-2.64496, -2.64445] ; [1.43919, 1.44135]
[-2.64933, -2.64881] ; [1.44135, 1.4435]
[-2.65368, -2.65316] ; [1.4435, 1.44564]
[-2.65802, -2.65749] ; [1.44564, 1.44777]
[-2.66235, -2.66182] ; [1.44777, 1.4499]
[-2.66667, -2.66614] ; [1.4499, 1.45202]
[-2.67098, -2.67045] ; [1.45202, 1.45413]
[-2.67528, -2.67475] ; [1.45413, 1.45624]
[-2.67957, -2.67904] ; [1.45624, 1.45834]
[-2.68386, -2.68332] ; [1.45834, 1.46043]
[-2.68813, -2.6876] ; [1.46043, 1.46251]
[-2.6924, -2.69186] ; [1.46251, 1.46459]
[-2.69666, -2.69612] ; [1.46459, 1.46667]
[-2.70091, -2.70037] ; [1.46667, 1.46873]
[-2.70516, -2.70461] ; [1.46873, 1.4708]
[-2.70939, -2.70885] ; [1.4708, 1.47285]
[-2.71362, -2.71307] ; [1.47285, 1.4749]
[-2.71785, -2.7173] ; [1.4749, 1.47695]
[-2.72206, -2.72151] ; [1.47695, 1.47899]
[-2.72627, -2.72572] ; [1.47899, 1.48103]
[-2.73048, -2.72992] ; [1.48103, 1.48306]
[-2.73468, -2.73412] ; [1.48306, 1.48509]
[-2.73887, -2.73831] ; [1.48509, 1.48711]
[-2.74306, -2.7425] ; [1.48711, 1.48913]
[-2.74724, -2.74668] ; [1.48913, 1.49114]
[-2.75142, -2.75086] ; [1.49114, 1.49316]
[-2.7556, -2.75503] ; [1.49316, 1.49516]
[-2.75977, -2.7592] ; [1.49516, 1.49717]
[-2.76394, -2.76337] ; [1.49717, 1.49917]
[-2.76811, -2.76754] ; [1.49917, 1.50117]
[-2.77228, -2.7717] ; [1.50117, 1.50317]
[-2.77644, -2.77586] ; [1.50317, 1.50516]
[-2.7806, -2.78002] ; [1.50516, 1.50716]
[-2.78476, -2.78418] ; [1.50716, 1.50915]
[-2.78892, -2.78834] ; [1.50915, 1.51114]
[-2.79309, -2.7925] ; [1.51114, 1.51313]
[-2.79725, -2.79666] ; [1.51313, 1.51511]
[-2.80141, -2.80082] ; [1.51511, 1.5171]
[-2.80557, -2.80498] ; [1.5171, 1.51909]
[-2.80973, -2.80914] ; [1.51909, 1.52107]
[-2.8139, -2.8133] ; [1.52107, 1.52306]
[-2.81807, -2.81747] ; [1.52306, 1.52504]
[-2.82224, -2.82164] ; [1.52504, 1.52703]
[-2.82642, -2.82582] ; [1.52703, 1.52901]
[-2.8306, -2.82999] ; [1.52901, 1.531]
[-2.83478, -2.83418] ; [1.531, 1.53299]
[-2.83897, -2.83836] ; [1.53299, 1.53498]
[-2.84317, -2.84256] ; [1.53498, 1.53697]
[-2.84737, -2.84676] ; [1.53697, 1.53896]
[-2.85158, -2.85096] ; [1.53896, 1.54096]
[-2.85579, -2.85517] ; [1.54096, 1.54295]
[-2.86001, -2.85939] ; [1.54295, 1.54495]
[-2.86424, -2.86362] ; [1.54495, 1.54695]
[-2.86847, -2.86785] ; [1.54695, 1.54896]
[-2.87272, -2.87209] ; [1.54896, 1.55096]
[-2.87697, -2.87635] ; [1.55096, 1.55297]
[-2.88124, -2.88061] ; [1.55297, 1.55499]
[-2.88551, -2.88488] ; [1.55499, 1.55701]
[-2.8898, -2.88917] ; [1.55701, 1.55903]
[-2.8941, -2.89346] ; [1.55903, 1.56106]
[-2.89841, -2.89777] ; [1.56106, 1.5631]
[-2.90274, -2.9021] ; [1.5631, 1.56514]
[-2.90708, -2.90644] ; [1.56514, 1.56718]
[-2.91144, -2.91079] ; [1.56718, 1.56924]
[-2.91582, -2.91517] ; [1.56924, 1.5713]
[-2.92021, -2.91956] ; [1.5713, 1.57337]
[-2.92462, -2.92397] ; [1.57337, 1.57544]
[-2.92906, -2.9284] ; [1.57544, 1.57753]
[-2.93351, -2.93285] ; [1.57753, 1.57962]
[-2.93799, -2.93733] ; [1.57962, 1.58173]
[-2.94249, -2.94182] ; [1.58173, 1.58385]
[-2.94702, -2.94635] ; [1.58385, 1.58597]
[-2.95157, -2.9509] ; [1.58597, 1.58811]
[-2.95615, -2.95548] ; [1.58811, 1.59027]
[-2.96077, -2.96009] ; [1.59027, 1.59243]
[-2.96541, -2.96473] ; [1.59243, 1.59462]
[-2.97009, -2.9694] ; [1.59462, 1.59681]
[-2.9748, -2.97411] ; [1.59681, 1.59903]
[-2.97956, -2.97886] ; [1.59903, 1.60126]
[-2.98435, -2.98365] ; [1.60126, 1.60351]
[-2.98918, -2.98848] ; [1.60351, 1.60578]
[-2.99406, -2.99335] ; [1.60578, 1.60807]
[-2.99897, -2.99826] ; [1.60807, 1.61038]
[-3.00393, -3.00322] ; [1.61038, 1.61271]
[-3.00894, -3.00822] ; [1.61271, 1.61506]
[-3.01399, -3.01327] ; [1.61506, 1.61744]
[-3.0191, -3.01837] ; [1.61744, 1.61984]
[-3.02426, -3.02353] ; [1.61984, 1.62227]
[-3.02948, -3.02874] ; [1.62227, 1.62473]
[-3.03475, -3.03401] ; [1.62473, 1.62721]
[-3.04009, -3.03934] ; [1.62721, 1.62973]
[-3.04542, -3.04466] ; [1.62973, 1.63224]
[-3.05065, -3.04989] ; [1.63224, 1.63471]
[-3.05581, -3.05505] ; [1.63471, 1.63714]
[-3.06089, -3.06013] ; [1.63714, 1.63955]
[-3.06591, -3.06514] ; [1.63955, 1.64192]
[-3.07087, -3.07009] ; [1.64192, 1.64427]
[-3.07577, -3.07499] ; [1.64427, 1.64659]
[-3.08061, -3.07983] ; [1.64659, 1.64889]
[-3.08541, -3.08461] ; [1.64889, 1.65117]
[-3.09015, -3.08935] ; [1.65117, 1.65343]
[-3.09485, -3.09405] ; [1.65343, 1.65567]
[-3.0995, -3.09869] ; [1.65567, 1.65788]
[-3.10411, -3.1033] ; [1.65788, 1.66009]
[-3.10869, -3.10787] ; [1.66009, 1.66228]
[-3.11323, -3.11241] ; [1.66228, 1.66445]
[-3.11774, -3.11691] ; [1.66445, 1.66662]
[-3.12222, -3.12139] ; [1.66662, 1.66877]
[-3.12667, -3.12584] ; [1.66877, 1.67091]
[-3.1311, -3.13026] ; [1.67091, 1.67305]
[-3.1355, -3.13466] ; [1.67305, 1.67518]
[-3.13989, -3.13904] ; [1.67518, 1.6773]
[-3.14425, -3.1434] ; [1.6773, 1.67941]
[-3.1486, -3.14774] ; [1.67941, 1.68152]
[-3.15293, -3.15207] ; [1.68152, 1.68363]
[-3.15725, -3.15638] ; [1.68363, 1.68574]
[-3.16155, -3.16068] ; [1.68574, 1.68784]
[-3.16584, -3.16497] ; [1.68784, 1.68994]
[-3.17012, -3.16924] ; [1.68994, 1.69204]
[-3.17439, -3.17351] ; [1.69204, 1.69414]
[-3.17865, -3.17776] ; [1.69414, 1.69624]
[-3.1829, -3.182] ; [1.69624, 1.69834]
[-3.18714, -3.18624] ; [1.69834, 1.70044]
[-3.19138, -3.19047] ; [1.70044, 1.70255]
[-3.19561, -3.1947] ; [1.70255, 1.70465]
[-3.19984, -3.19892] ; [1.70465, 1.70676]
[-3.20407, -3.20314] ; [1.70676, 1.70888]
[-3.20829, -3.20736] ; [1.70888, 1.711]
[-3.21252, -3.21158] ; [1.711, 1.71312]
[-3.21675, -3.2158] ; [1.71312, 1.71526]
[-3.22098, -3.22003] ; [1.71526, 1.7174]
[-3.22521, -3.22426] ; [1.7174, 1.71954]
[-3.22945, -3.22849] ; [1.71954, 1.7217]
[-3.2337, -3.23273] ; [1.7217, 1.72387]
[-3.23795, -3.23698] ; [1.72387, 1.72604]
[-3.24221, -3.24123] ; [1.72604, 1.72823]
[-3.24648, -3.24549] ; [1.72823, 1.73043]
[-3.25076, -3.24976] ; [1.73043, 1.73263]
[-3.25505, -3.25404] ; [1.73263, 1.73485]
[-3.25935, -3.25833] ; [1.73485, 1.73709]
[-3.26366, -3.26263] ; [1.73709, 1.73933]
[-3.26799, -3.26695] ; [1.73933, 1.7416]
[-3.27233, -3.27129] ; [1.7416, 1.74387]
[-3.27669, -3.27564] ; [1.74387, 1.74617]
[-3.28106, -3.28] ; [1.74617, 1.74847]
[-3.28537, -3.28431] ; [1.74847, 1.75076]
[-3.28965, -3.28857] ; [1.75076, 1.75303]
[-3.29388, -3.2928] ; [1.75303, 1.75528]
[-3.29808, -3.29699] ; [1.75528, 1.75753]
[-3.30225, -3.30114] ; [1.75753, 1.75976]
[-3.30637, -3.30526] ; [1.75976, 1.76198]
[-3.31047, -3.30935] ; [1.76198, 1.76419]
[-3.31453, -3.3134] ; [1.76419, 1.76639]
[-3.31857, -3.31743] ; [1.76639, 1.76858]
[-3.32259, -3.32144] ; [1.76858, 1.77077]
[-3.32658, -3.32542] ; [1.77077, 1.77295]
[-3.33056, -3.32939] ; [1.77295, 1.77513]
[-3.33451, -3.33333] ; [1.77513, 1.7773]
[-3.33845, -3.33726] ; [1.7773, 1.77947]
[-3.34238, -3.34118] ; [1.77947, 1.78164]
[-3.34629, -3.34508] ; [1.78164, 1.78381]
[-3.3502, -3.34898] ; [1.78381, 1.78598]
[-3.3541, -3.35287] ; [1.78598, 1.78815]
[-3.35798, -3.35675] ; [1.78815, 1.79032]
[-3.36186, -3.36062] ; [1.79032, 1.79249]
[-3.36574, -3.36448] ; [1.79249, 1.79466]
[-3.3696, -3.36833] ; [1.79466, 1.79684]
[-3.37346, -3.37219] ; [1.79684, 1.79902]
[-3.37732, -3.37603] ; [1.79902, 1.8012]
[-3.38118, -3.37988] ; [1.8012, 1.80338]
[-3.38504, -3.38373] ; [1.80338, 1.80558]
[-3.3889, -3.38758] ; [1.80558, 1.80778]
[-3.39277, -3.39144] ; [1.80778, 1.80998]
[-3.39664, -3.3953] ; [1.80998, 1.81219]
[-3.40052, -3.39917] ; [1.81219, 1.81442]
[-3.4044, -3.40304] ; [1.81442, 1.81665]
[-3.4083, -3.40693] ; [1.81665, 1.81889]
[-3.41221, -3.41083] ; [1.81889, 1.82114]
[-3.41613, -3.41474] ; [1.82114, 1.82341]
[-3.42007, -3.41866] ; [1.82341, 1.82569]
[-3.42402, -3.4226] ; [1.82569, 1.82798]
[-3.42796, -3.42653] ; [1.82798, 1.83027]
[-3.43188, -3.43044] ; [1.83027, 1.83255]
[-3.43579, -3.43435] ; [1.83255, 1.83483]
[-3.43969, -3.43824] ; [1.83483, 1.83711]
[-3.44358, -3.44212] ; [1.83711, 1.83939]
[-3.44746, -3.44598] ; [1.83939, 1.84166]
[-3.45133, -3.44984] ; [1.84166, 1.84392]
[-3.45518, -3.45369] ; [1.84392, 1.84619]
[-3.45903, -3.45752] ; [1.84619, 1.84845]
[-3.46286, -3.46135] ; [1.84845, 1.85071]
[-3.46669, -3.46516] ; [1.85071, 1.85296]
[-3.4705, -3.46897] ; [1.85296, 1.85522]
[-3.47431, -3.47277] ; [1.85522, 1.85746]
[-3.47811, -3.47656] ; [1.85746, 1.85971]
[-3.4819, -3.48034] ; [1.85971, 1.86195]
[-3.48569, -3.48412] ; [1.86195, 1.8642]
[-3.48946, -3.48788] ; [1.8642, 1.86643]
[-3.49323, -3.49165] ; [1.86643, 1.86867]
[-3.497, -3.4954] ; [1.86867, 1.87091]
[-3.50075, -3.49915] ; [1.87091, 1.87314]
[-3.50451, -3.50289] ; [1.87314, 1.87537]
[-3.50825, -3.50663] ; [1.87537, 1.8776]
[-3.51199, -3.51037] ; [1.8776, 1.87982]
[-3.51573, -3.5141] ; [1.87982, 1.88205]
[-3.51947, -3.51783] ; [1.88205, 1.88428]
[-3.5232, -3.52155] ; [1.88428, 1.8865]
[-3.52693, -3.52527] ; [1.8865, 1.88872]
[-3.53066, -3.52899] ; [1.88872, 1.89094]
[-3.53438, -3.53271] ; [1.89094, 1.89317]
[-3.53811, -3.53643] ; [1.89317, 1.89539]
[-3.54183, -3.54015] ; [1.89539, 1.89761]
[-3.54556, -3.54387] ; [1.89761, 1.89983]
[-3.54928, -3.54758] ; [1.89983, 1.90206]
[-3.55301, -3.5513] ; [1.90206, 1.90428]
[-3.55674, -3.55502] ; [1.90428, 1.9065]
[-3.56047, -3.55875] ; [1.9065, 1.90873]
[-3.5642, -3.56247] ; [1.90873, 1.91095]
[-3.56793, -3.56619] ; [1.91095, 1.91318]
[-3.57166, -3.56992] ; [1.91318, 1.91541]
[-3.57539, -3.57365] ; [1.91541, 1.91763]
[-3.57913, -3.57738] ; [1.91763, 1.91986]
[-3.58287, -3.58111] ; [1.91986, 1.92209]
[-3.58661, -3.58485] ; [1.92209, 1.92432]
[-3.59036, -3.58859] ; [1.92432, 1.92655]
[-3.5941, -3.59233] ; [1.92655, 1.92878]
[-3.59786, -3.59608] ; [1.92878, 1.93102]
[-3.60161, -3.59982] ; [1.93102, 1.93325]
[-3.60536, -3.60357] ; [1.93325, 1.93548]
[-3.60912, -3.60732] ; [1.93548, 1.93772]
[-3.61287, -3.61107] ; [1.93772, 1.93995]
[-3.61664, -3.61482] ; [1.93995, 1.94218]
[-3.6204, -3.61858] ; [1.94218, 1.94442]
[-3.62417, -3.62235] ; [1.94442, 1.94666]
[-3.62795, -3.62612] ; [1.94666, 1.9489]
[-3.63173, -3.62989] ; [1.9489, 1.95114]
[-3.63552, -3.63368] ; [1.95114, 1.95338]
[-3.63932, -3.63747] ; [1.95338, 1.95563]
[-3.64313, -3.64126] ; [1.95563, 1.95788]
[-3.64694, -3.64507] ; [1.95788, 1.96014]
[-3.65077, -3.64889] ; [1.96014, 1.9624]
[-3.6546, -3.65272] ; [1.9624, 1.96466]
[-3.65845, -3.65656] ; [1.96466, 1.96693]
[-3.66231, -3.66041] ; [1.96693, 1.96921]
[-3.66618, -3.66428] ; [1.96921, 1.97149]
[-3.67007, -3.66815] ; [1.97149, 1.97377]
[-3.67397, -3.67205] ; [1.97377, 1.97607]
[-3.67788, -3.67595] ; [1.97607, 1.97837]
[-3.68181, -3.67987] ; [1.97837, 1.98067]
[-3.68576, -3.68381] ; [1.98067, 1.98298]
[-3.68972, -3.68776] ; [1.98298, 1.9853]
[-3.69369, -3.69173] ; [1.9853, 1.98763]
[-3.69768, -3.69571] ; [1.98763, 1.98996]
[-3.70169, -3.69971] ; [1.98996, 1.9923]
[-3.70572, -3.70373] ; [1.9923, 1.99465]
[-3.70977, -3.70777] ; [1.99465, 1.99701]
[-3.71383, -3.71182] ; [1.99701, 1.99938]
[-3.71792, -3.7159] ; [1.99938, 2.00175]
[-3.72203, -3.72] ; [2.00175, 2.00414]
[-3.72615, -3.72412] ; [2.00414, 2.00653]
[-3.73031, -3.72826] ; [2.00653, 2.00893]
[-3.73448, -3.73243] ; [2.00893, 2.01135]
[-3.73868, -3.73662] ; [2.01135, 2.01378]
[-3.7429, -3.74083] ; [2.01378, 2.01621]
[-3.74715, -3.74507] ; [2.01621, 2.01866]
[-3.75142, -3.74933] ; [2.01866, 2.02112]
[-3.75572, -3.75362] ; [2.02112, 2.02359]
[-3.76005, -3.75793] ; [2.02359, 2.02607]
[-3.7644, -3.76227] ; [2.02607, 2.02856]
[-3.76877, -3.76664] ; [2.02856, 2.03106]
[-3.77318, -3.77103] ; [2.03106, 2.03358]
[-3.77761, -3.77546] ; [2.03358, 2.03611]
[-3.78207, -3.77991] ; [2.03611, 2.03865]
[-3.78656, -3.78439] ; [2.03865, 2.0412]
[-3.79108, -3.7889] ; [2.0412, 2.04376]
[-3.79563, -3.79343] ; [2.04376, 2.04634]
[-3.80021, -3.798] ; [2.04634, 2.04893]
[-3.80482, -3.8026] ; [2.04893, 2.05153]
[-3.80946, -3.80722] ; [2.05153, 2.05414]
[-3.81407, -3.81183] ; [2.05414, 2.05674]
[-3.81867, -3.81641] ; [2.05674, 2.05932]
[-3.82326, -3.82099] ; [2.05932, 2.06189]
[-3.82783, -3.82555] ; [2.06189, 2.06445]
[-3.8324, -3.83011] ; [2.06445, 2.06699]
[-3.83696, -3.83466] ; [2.06699, 2.06953]
[-3.84151, -3.8392] ; [2.06953, 2.07206]
[-3.84606, -3.84373] ; [2.07206, 2.07459]
[-3.85061, -3.84827] ; [2.07459, 2.07711]
[-3.85515, -3.8528] ; [2.07711, 2.07962]
[-3.85969, -3.85733] ; [2.07962, 2.08212]
[-3.86424, -3.86186] ; [2.08212, 2.08462]
[-3.86878, -3.8664] ; [2.08462, 2.08712]
[-3.87333, -3.87093] ; [2.08712, 2.08962]
[-3.87789, -3.87548] ; [2.08962, 2.09211]
[-3.88245, -3.88003] ; [2.09211, 2.0946]
[-3.88702, -3.88458] ; [2.0946, 2.09709]
[-3.8916, -3.88915] ; [2.09709, 2.09958]
[-3.89619, -3.89373] ; [2.09958, 2.10207]
[-3.90079, -3.89831] ; [2.10207, 2.10457]
[-3.9054, -3.90291] ; [2.10457, 2.10706]
[-3.91002, -3.90752] ; [2.10706, 2.10955]
[-3.91465, -3.91214] ; [2.10955, 2.11205]
[-3.9193, -3.91677] ; [2.11205, 2.11454]
[-3.92395, -3.92141] ; [2.11454, 2.11704]
[-3.92862, -3.92607] ; [2.11704, 2.11954]
[-3.93329, -3.93073] ; [2.11954, 2.12204]
[-3.93798, -3.93541] ; [2.12204, 2.12454]
[-3.94269, -3.9401] ; [2.12454, 2.12704]
[-3.9474, -3.9448] ; [2.12704, 2.12954]
[-3.95213, -3.94952] ; [2.12954, 2.13205]
[-3.95687, -3.95424] ; [2.13205, 2.13455]
[-3.96162, -3.95898] ; [2.13455, 2.13706]
[-3.96638, -3.96372] ; [2.13706, 2.13957]
[-3.97113, -3.96847] ; [2.13957, 2.14207]
[-3.97589, -3.97321] ; [2.14207, 2.14456]
[-3.98063, -3.97794] ; [2.14456, 2.14705]
[-3.98536, -3.98265] ; [2.14705, 2.14952]
[-3.99007, -3.98735] ; [2.14952, 2.15198]
[-3.99476, -3.99203] ; [2.15198, 2.15442]
[-3.99944, -3.99669] ; [2.15442, 2.15685]
[-4.0041, -4.00134] ; [2.15685, 2.15927]
[-4.00875, -4.00597] ; [2.15927, 2.16168]
[-4.01338, -4.01059] ; [2.16168, 2.16407]
[-4.018, -4.01519] ; [2.16407, 2.16646]
[-4.0226, -4.01978] ; [2.16646, 2.16883]
[-4.02719, -4.02435] ; [2.16883, 2.17119]
[-4.03177, -4.02892] ; [2.17119, 2.17355]
[-4.03634, -4.03347] ; [2.17355, 2.17589]
[-4.04089, -4.03801] ; [2.17589, 2.17822]
[-4.04543, -4.04254] ; [2.17822, 2.18054]
[-4.04997, -4.04705] ; [2.18054, 2.18286]
[-4.05449, -4.05156] ; [2.18286, 2.18516]
[-4.059, -4.05605] ; [2.18516, 2.18746]
[-4.0635, -4.06054] ; [2.18746, 2.18975]
[-4.06799, -4.06501] ; [2.18975, 2.19203]
[-4.07247, -4.06948] ; [2.19203, 2.1943]
[-4.07694, -4.07393] ; [2.1943, 2.19657]
[-4.08141, -4.07838] ; [2.19657, 2.19882]
[-4.08586, -4.08282] ; [2.19882, 2.20107]
[-4.09031, -4.08725] ; [2.20107, 2.20332]
[-4.09476, -4.09168] ; [2.20332, 2.20556]
[-4.09919, -4.0961] ; [2.20556, 2.20779]
[-4.10362, -4.10051] ; [2.20779, 2.21001]
[-4.10805, -4.10492] ; [2.21001, 2.21224]
[-4.11247, -4.10933] ; [2.21224, 2.21445]
[-4.11688, -4.11372] ; [2.21445, 2.21666]
[-4.12129, -4.11812] ; [2.21666, 2.21887]
[-4.1257, -4.12251] ; [2.21887, 2.22107]
[-4.1301, -4.12689] ; [2.22107, 2.22327]
[-4.1345, -4.13127] ; [2.22327, 2.22546]
[-4.13889, -4.13565] ; [2.22546, 2.22765]
[-4.14329, -4.14002] ; [2.22765, 2.22984]
[-4.14768, -4.1444] ; [2.22984, 2.23202]
[-4.15206, -4.14877] ; [2.23202, 2.2342]
[-4.15645, -4.15313] ; [2.2342, 2.23637]
[-4.16083, -4.1575] ; [2.23637, 2.23854]
[-4.16521, -4.16186] ; [2.23854, 2.24071]
[-4.16959, -4.16622] ; [2.24071, 2.24288]
[-4.17396, -4.17058] ; [2.24288, 2.24504]
[-4.17834, -4.17493] ; [2.24504, 2.24721]
[-4.18271, -4.17929] ; [2.24721, 2.24936]
[-4.18708, -4.18364] ; [2.24936, 2.25152]
[-4.19146, -4.188] ; [2.25152, 2.25368]
[-4.19583, -4.19235] ; [2.25368, 2.25583]
[-4.2002, -4.1967] ; [2.25583, 2.25798]
[-4.20457, -4.20106] ; [2.25798, 2.26013]
[-4.20894, -4.20541] ; [2.26013, 2.26228]
[-4.21331, -4.20976] ; [2.26228, 2.26442]
[-4.21769, -4.21412] ; [2.26442, 2.26657]
[-4.22206, -4.21847] ; [2.26657, 2.26871]
[-4.22643, -4.22283] ; [2.26871, 2.27086]
[-4.23081, -4.22719] ; [2.27086, 2.273]
[-4.23519, -4.23155] ; [2.273, 2.27514]
[-4.23957, -4.23591] ; [2.27514, 2.27728]
[-4.24395, -4.24027] ; [2.27728, 2.27942]
[-4.24833, -4.24463] ; [2.27942, 2.28157]
[-4.25272, -4.249] ; [2.28157, 2.28371]
[-4.25711, -4.25337] ; [2.28371, 2.28585]
[-4.2615, -4.25775] ; [2.28585, 2.28799]
[-4.2659, -4.26213] ; [2.28799, 2.29014]
[-4.2703, -4.26651] ; [2.29014, 2.29228]
[-4.27471, -4.2709] ; [2.29228, 2.29443]
[-4.27912, -4.27529] ; [2.29443, 2.29657]
[-4.28354, -4.27968] ; [2.29657, 2.29872]
[-4.28796, -4.28409] ; [2.29872, 2.30087]
[-4.29239, -4.2885] ; [2.30087, 2.30302]
[-4.29682, -4.29291] ; [2.30302, 2.30518]
[-4.30127, -4.29733] ; [2.30518, 2.30733]
[-4.30571, -4.30176] ; [2.30733, 2.30949]
[-4.31017, -4.30619] ; [2.30949, 2.31165]
[-4.31463, -4.31063] ; [2.31165, 2.31382]
[-4.31909, -4.31507] ; [2.31382, 2.31598]
[-4.32356, -4.31952] ; [2.31598, 2.31815]
[-4.32804, -4.32398] ; [2.31815, 2.32032]
[-4.33252, -4.32844] ; [2.32032, 2.32249]
[-4.33701, -4.33291] ; [2.32249, 2.32466]
[-4.34151, -4.33739] ; [2.32466, 2.32684]
[-4.34602, -4.34188] ; [2.32684, 2.32902]
[-4.35053, -4.34637] ; [2.32902, 2.33121]
[-4.35506, -4.35087] ; [2.33121, 2.3334]
[-4.35959, -4.35539] ; [2.3334, 2.33559]
[-4.36413, -4.35991] ; [2.33559, 2.33779]
[-4.36869, -4.36444] ; [2.33779, 2.33999]
[-4.37325, -4.36898] ; [2.33999, 2.3422]
[-4.37783, -4.37354] ; [2.3422, 2.34441]
[-4.38242, -4.37811] ; [2.34441, 2.34663]
[-4.38702, -4.38269] ; [2.34663, 2.34886]
[-4.39164, -4.38728] ; [2.34886, 2.35109]
[-4.39627, -4.39189] ; [2.35109, 2.35333]
[-4.40091, -4.39651] ; [2.35333, 2.35557]
[-4.40556, -4.40114] ; [2.35557, 2.35782]
[-4.41023, -4.40578] ; [2.35782, 2.36008]
[-4.41491, -4.41044] ; [2.36008, 2.36234]
[-4.41961, -4.41511] ; [2.36234, 2.36461]
[-4.42431, -4.4198] ; [2.36461, 2.36689]
[-4.42904, -4.4245] ; [2.36689, 2.36918]
[-4.43378, -4.42922] ; [2.36918, 2.37147]
[-4.43853, -4.43394] ; [2.37147, 2.37377]
[-4.44329, -4.43869] ; [2.37377, 2.37608]
[-4.44807, -4.44344] ; [2.37608, 2.37839]
[-4.45286, -4.4482] ; [2.37839, 2.38071]
[-4.45765, -4.45297] ; [2.38071, 2.38304]
[-4.46244, -4.45774] ; [2.38304, 2.38536]
[-4.46723, -4.46251] ; [2.38536, 2.38769]
[-4.47202, -4.46727] ; [2.38769, 2.39001]
[-4.47679, -4.47202] ; [2.39001, 2.39233]
[-4.48151, -4.47672] ; [2.39233, 2.39462]
[-4.4862, -4.48138] ; [2.39462, 2.3969]
[-4.49085, -4.486] ; [2.3969, 2.39917]
[-4.49546, -4.49059] ; [2.39917, 2.40141]
[-4.50004, -4.49515] ; [2.40141, 2.40364]
[-4.50459, -4.49968] ; [2.40364, 2.40586]
[-4.50911, -4.50417] ; [2.40586, 2.40807]
[-4.5136, -4.50864] ; [2.40807, 2.41026]
[-4.51806, -4.51308] ; [2.41026, 2.41244]
[-4.52249, -4.51749] ; [2.41244, 2.41461]
[-4.52689, -4.52187] ; [2.41461, 2.41677]
[-4.53127, -4.52623] ; [2.41677, 2.41892]
[-4.53563, -4.53057] ; [2.41892, 2.42105]
[-4.53995, -4.53487] ; [2.42105, 2.42318]
[-4.54424, -4.53913] ; [2.42318, 2.42528]
[-4.5485, -4.54337] ; [2.42528, 2.42738]
[-4.55272, -4.54757] ; [2.42738, 2.42946]
[-4.55692, -4.55174] ; [2.42946, 2.43153]
[-4.56109, -4.55589] ; [2.43153, 2.43359]
[-4.56523, -4.56] ; [2.43359, 2.43563]
[-4.56934, -4.56409] ; [2.43563, 2.43767]
[-4.57342, -4.56814] ; [2.43767, 2.43969]
[-4.57747, -4.57217] ; [2.43969, 2.4417]
[-4.5815, -4.57617] ; [2.4417, 2.4437]
[-4.5855, -4.58015] ; [2.4437, 2.44569]
[-4.58948, -4.5841] ; [2.44569, 2.44767]
[-4.59344, -4.58803] ; [2.44767, 2.44964]
[-4.59737, -4.59193] ; [2.44964, 2.4516]
[-4.60127, -4.59581] ; [2.4516, 2.45355]
[-4.60516, -4.59967] ; [2.45355, 2.45549]
[-4.60902, -4.60351] ; [2.45549, 2.45743]
[-4.61287, -4.60732] ; [2.45743, 2.45935]
[-4.61669, -4.61111] ; [2.45935, 2.46127]
[-4.62049, -4.61489] ; [2.46127, 2.46318]
[-4.62428, -4.61864] ; [2.46318, 2.46509]
[-4.62804, -4.62237] ; [2.46509, 2.46699]
[-4.63179, -4.62608] ; [2.46699, 2.46888]
[-4.63551, -4.62978] ; [2.46888, 2.47076]
[-4.63922, -4.63345] ; [2.47076, 2.47264]
[-4.64291, -4.63711] ; [2.47264, 2.47451]
[-4.64658, -4.64075] ; [2.47451, 2.47637]
[-4.65024, -4.64437] ; [2.47637, 2.47823]
[-4.65387, -4.64797] ; [2.47823, 2.48008]
[-4.6575, -4.65156] ; [2.48008, 2.48193]
[-4.6611, -4.65513] ; [2.48193, 2.48377]
[-4.66469, -4.65868] ; [2.48377, 2.4856]
[-4.66826, -4.66222] ; [2.4856, 2.48743]
[-4.67182, -4.66574] ; [2.48743, 2.48926]
[-4.67537, -4.66925] ; [2.48926, 2.49108]
[-4.6789, -4.67274] ; [2.49108, 2.4929]
[-4.68242, -4.67622] ; [2.4929, 2.49471]
[-4.68593, -4.67969] ; [2.49471, 2.49652]
[-4.68942, -4.68314] ; [2.49652, 2.49833]
[-4.6929, -4.68659] ; [2.49833, 2.50013]
[-4.69638, -4.69002] ; [2.50013, 2.50193]
[-4.69984, -4.69344] ; [2.50193, 2.50373]
[-4.70329, -4.69685] ; [2.50373, 2.50552]
[-4.70673, -4.70025] ; [2.50552, 2.50732]
[-4.71016, -4.70364] ; [2.50732, 2.50911]
[-4.71359, -4.70702] ; [2.50911, 2.51089]
[-4.717, -4.71039] ; [2.51089, 2.51268]
[-4.72041, -4.71376] ; [2.51268, 2.51447]
[-4.72381, -4.71711] ; [2.51447, 2.51625]
[-4.7272, -4.72046] ; [2.51625, 2.51803]
[-4.73058, -4.7238] ; [2.51803, 2.51982]
[-4.73396, -4.72713] ; [2.51982, 2.5216]
[-4.73733, -4.73046] ; [2.5216, 2.52338]
[-4.74069, -4.73378] ; [2.52338, 2.52516]
[-4.74405, -4.73709] ; [2.52516, 2.52694]
[-4.7474, -4.74039] ; [2.52694, 2.52871]
[-4.75073, -4.74368] ; [2.52871, 2.53049]
[-4.75406, -4.74697] ; [2.53049, 2.53226]
[-4.75738, -4.75024] ; [2.53226, 2.53403]
[-4.76069, -4.75351] ; [2.53403, 2.5358]
[-4.764, -4.75676] ; [2.5358, 2.53757]
[-4.7673, -4.76002] ; [2.53757, 2.53933]
[-4.77059, -4.76326] ; [2.53933, 2.5411]
[-4.77388, -4.7665] ; [2.5411, 2.54287]
[-4.77716, -4.76974] ; [2.54287, 2.54463]
[-4.78044, -4.77297] ; [2.54463, 2.5464]
[-4.78371, -4.7762] ; [2.5464, 2.54817]
[-4.78698, -4.77942] ; [2.54817, 2.54993]
[-4.79025, -4.78264] ; [2.54993, 2.5517]
[-4.79351, -4.78586] ; [2.5517, 2.55347]
[-4.79678, -4.78908] ; [2.55347, 2.55525]
[-4.80004, -4.79229] ; [2.55525, 2.55702]
[-4.8033, -4.79551] ; [2.55702, 2.5588]
[-4.80656, -4.79872] ; [2.5588, 2.56058]
[-4.80982, -4.80194] ; [2.56058, 2.56236]
[-4.81309, -4.80515] ; [2.56236, 2.56414]
[-4.81635, -4.80837] ; [2.56414, 2.56593]
[-4.81962, -4.81159] ; [2.56593, 2.56772]
[-4.82288, -4.81481] ; [2.56772, 2.56951]
[-4.82615, -4.81803] ; [2.56951, 2.57131]
[-4.82943, -4.82126] ; [2.57131, 2.57311]
[-4.8327, -4.82449] ; [2.57311, 2.57492]
[-4.83598, -4.82772] ; [2.57492, 2.57673]
[-4.83927, -4.83096] ; [2.57673, 2.57855]
[-4.84255, -4.8342] ; [2.57855, 2.58037]
[-4.84584, -4.83744] ; [2.58037, 2.58219]
[-4.84913, -4.84069] ; [2.58219, 2.58402]
[-4.85243, -4.84394] ; [2.58402, 2.58585]
[-4.85573, -4.84719] ; [2.58585, 2.58768]
[-4.85903, -4.85045] ; [2.58768, 2.58952]
[-4.86234, -4.85371] ; [2.58952, 2.59137]
[-4.86565, -4.85698] ; [2.59137, 2.59322]
[-4.86897, -4.86025] ; [2.59322, 2.59507]
[-4.87229, -4.86353] ; [2.59507, 2.59693]
[-4.87562, -4.86681] ; [2.59693, 2.59879]
[-4.87895, -4.8701] ; [2.59879, 2.60067]
[-4.8823, -4.8734] ; [2.60067, 2.60254]
[-4.88565, -4.8767] ; [2.60254, 2.60442]
[-4.889, -4.88002] ; [2.60442, 2.60631]
[-4.89237, -4.88334] ; [2.60631, 2.60821]
[-4.89574, -4.88667] ; [2.60821, 2.61011]
[-4.89912, -4.89001] ; [2.61011, 2.61202]
[-4.90252, -4.89336] ; [2.61202, 2.61394]
[-4.90592, -4.89672] ; [2.61394, 2.61586]
[-4.90933, -4.90008] ; [2.61586, 2.61779]
[-4.91275, -4.90346] ; [2.61779, 2.61973]
[-4.91618, -4.90685] ; [2.61973, 2.62167]
[-4.91963, -4.91025] ; [2.62167, 2.62363]
[-4.92308, -4.91367] ; [2.62363, 2.62559]
[-4.92655, -4.91709] ; [2.62559, 2.62756]
[-4.93003, -4.92053] ; [2.62756, 2.62953]
[-4.93352, -4.92398] ; [2.62953, 2.63152]
[-4.93702, -4.92744] ; [2.63152, 2.63352]
[-4.94054, -4.93091] ; [2.63352, 2.63552]
[-4.94407, -4.9344] ; [2.63552, 2.63753]
[-4.94761, -4.93791] ; [2.63753, 2.63955]
[-4.95117, -4.94142] ; [2.63955, 2.64159]
[-4.95473, -4.94494] ; [2.64159, 2.64362]
[-4.95829, -4.94846] ; [2.64362, 2.64565]
[-4.96186, -4.95199] ; [2.64565, 2.64769]
[-4.96543, -4.95552] ; [2.64769, 2.64974]
[-4.96901, -4.95906] ; [2.64974, 2.65178]
[-4.97258, -4.96259] ; [2.65178, 2.65383]
[-4.97615, -4.96611] ; [2.65383, 2.65587]
[-4.97971, -4.96963] ; [2.65587, 2.65791]
[-4.98326, -4.97314] ; [2.65791, 2.65995]
[-4.98681, -4.97664] ; [2.65995, 2.66198]
[-4.99035, -4.98014] ; [2.66198, 2.66401]
[-4.99389, -4.98364] ; [2.66401, 2.66604]
[-4.99743, -4.98713] ; [2.66604, 2.66806]
[-5.00096, -4.99061] ; [2.66806, 2.67009]
[-5.00449, -4.9941] ; [2.67009, 2.67211]
[-5.00801, -4.99757] ; [2.67211, 2.67413]
[-5.01154, -5.00105] ; [2.67413, 2.67615]
[-5.01506, -5.00452] ; [2.67615, 2.67817]
[-5.01858, -5.008] ; [2.67817, 2.68019]
[-5.0221, -5.01147] ; [2.68019, 2.68221]
[-5.02562, -5.01494] ; [2.68221, 2.68423]
[-5.02914, -5.01841] ; [2.68423, 2.68625]
[-5.03265, -5.02188] ; [2.68625, 2.68826]
[-5.03617, -5.02535] ; [2.68826, 2.69028]
[-5.03969, -5.02882] ; [2.69028, 2.6923]
[-5.0432, -5.03228] ; [2.6923, 2.69431]
[-5.04671, -5.03575] ; [2.69431, 2.69632]
[-5.05022, -5.03921] ; [2.69632, 2.69833]
[-5.05373, -5.04266] ; [2.69833, 2.70034]
[-5.05723, -5.04612] ; [2.70034, 2.70235]
[-5.06074, -5.04958] ; [2.70235, 2.70436]
[-5.06424, -5.05303] ; [2.70436, 2.70636]
[-5.06774, -5.05648] ; [2.70636, 2.70837]
[-5.07125, -5.05994] ; [2.70837, 2.71037]
[-5.07475, -5.06339] ; [2.71037, 2.71238]
[-5.07825, -5.06684] ; [2.71238, 2.71438]
[-5.08175, -5.0703] ; [2.71438, 2.71639]
[-5.08526, -5.07375] ; [2.71639, 2.71839]
[-5.08876, -5.07721] ; [2.71839, 2.72039]
[-5.09226, -5.08066] ; [2.72039, 2.72239]
[-5.09577, -5.08412] ; [2.72239, 2.7244]
[-5.09928, -5.08758] ; [2.7244, 2.7264]
[-5.10279, -5.09104] ; [2.7264, 2.7284]
[-5.1063, -5.0945] ; [2.7284, 2.7304]
[-5.10981, -5.09797] ; [2.7304, 2.73241]
[-5.11333, -5.10144] ; [2.73241, 2.73441]
[-5.11685, -5.10491] ; [2.73441, 2.73642]
[-5.12037, -5.10838] ; [2.73642, 2.73842]
[-5.1239, -5.11185] ; [2.73842, 2.74043]
[-5.12742, -5.11533] ; [2.74043, 2.74243]
[-5.13095, -5.11881] ; [2.74243, 2.74444]
[-5.13449, -5.1223] ; [2.74444, 2.74645]
[-5.13803, -5.12579] ; [2.74645, 2.74846]
[-5.14155, -5.12927] ; [2.74846, 2.75046]
[-5.14508, -5.13274] ; [2.75046, 2.75246]
[-5.14859, -5.13621] ; [2.75246, 2.75445]
[-5.1521, -5.13966] ; [2.75445, 2.75643]
[-5.1556, -5.14311] ; [2.75643, 2.75841]
[-5.15909, -5.14656] ; [2.75841, 2.76039]
[-5.16258, -5.14999] ; [2.76039, 2.76236]
[-5.16606, -5.15342] ; [2.76236, 2.76433]
[-5.16953, -5.15685] ; [2.76433, 2.76629]
[-5.17299, -5.16026] ; [2.76629, 2.76824]
[-5.17645, -5.16367] ; [2.76824, 2.77019]
[-5.17991, -5.16707] ; [2.77019, 2.77213]
[-5.18335, -5.17047] ; [2.77213, 2.77407]
[-5.18679, -5.17386] ; [2.77407, 2.77601]
[-5.19022, -5.17724] ; [2.77601, 2.77794]
[-5.19365, -5.18061] ; [2.77794, 2.77986]
[-5.19706, -5.18398] ; [2.77986, 2.78177]
[-5.20047, -5.18733] ; [2.78177, 2.78368]
[-5.20387, -5.19068] ; [2.78368, 2.78559]
[-5.20726, -5.19402] ; [2.78559, 2.78749]
[-5.21065, -5.19736] ; [2.78749, 2.78938]
[-5.21403, -5.20068] ; [2.78938, 2.79126]
[-5.21739, -5.204] ; [2.79126, 2.79314]
[-5.22075, -5.20731] ; [2.79314, 2.79502]
[-5.22411, -5.21061] ; [2.79502, 2.79688]
[-5.22745, -5.2139] ; [2.79688, 2.79875]
[-5.23079, -5.21718] ; [2.79875, 2.8006]
[-5.23412, -5.22046] ; [2.8006, 2.80245]
[-5.23744, -5.22373] ; [2.80245, 2.8043]
[-5.24076, -5.227] ; [2.8043, 2.80614]
[-5.24407, -5.23026] ; [2.80614, 2.80797]
[-5.24737, -5.23351] ; [2.80797, 2.8098]
[-5.25067, -5.23675] ; [2.8098, 2.81163]
[-5.25397, -5.23999] ; [2.81163, 2.81345]
[-5.25725, -5.24323] ; [2.81345, 2.81526]
[-5.26054, -5.24646] ; [2.81526, 2.81707]
[-5.26381, -5.24968] ; [2.81707, 2.81888]
[-5.26709, -5.2529] ; [2.81888, 2.82068]
[-5.27036, -5.25612] ; [2.82068, 2.82248]
[-5.27362, -5.25933] ; [2.82248, 2.82427]
[-5.27689, -5.26254] ; [2.82427, 2.82606]
[-5.28014, -5.26575] ; [2.82606, 2.82785]
[-5.2834, -5.26895] ; [2.82785, 2.82963]
[-5.28665, -5.27215] ; [2.82963, 2.83141]
[-5.2899, -5.27534] ; [2.83141, 2.83319]
[-5.29315, -5.27854] ; [2.83319, 2.83496]
[-5.29639, -5.28172] ; [2.83496, 2.83673]
[-5.29961, -5.2849] ; [2.83673, 2.83849]
[-5.30283, -5.28806] ; [2.83849, 2.84024]
[-5.30604, -5.29121] ; [2.84024, 2.84199]
[-5.30924, -5.29435] ; [2.84199, 2.84373]
[-5.31243, -5.29749] ; [2.84373, 2.84546]
[-5.31561, -5.30061] ; [2.84546, 2.84718]
[-5.31878, -5.30373] ; [2.84718, 2.8489]
[-5.32194, -5.30684] ; [2.8489, 2.85061]
[-5.3251, -5.30994] ; [2.85061, 2.85232]
[-5.32825, -5.31303] ; [2.85232, 2.85402]
[-5.33139, -5.31611] ; [2.85402, 2.85571]
[-5.33452, -5.31919] ; [2.85571, 2.8574]
[-5.33765, -5.32226] ; [2.8574, 2.85909]
[-5.34077, -5.32532] ; [2.85909, 2.86077]
[-5.34389, -5.32838] ; [2.86077, 2.86244]
[-5.347, -5.33143] ; [2.86244, 2.86411]
[-5.3501, -5.33448] ; [2.86411, 2.86577]
[-5.3532, -5.33752] ; [2.86577, 2.86743]
[-5.3563, -5.34055] ; [2.86743, 2.86909]
[-5.35939, -5.34359] ; [2.86909, 2.87074]
[-5.36247, -5.34661] ; [2.87074, 2.87239]
[-5.36556, -5.34963] ; [2.87239, 2.87403]
[-5.36864, -5.35265] ; [2.87403, 2.87568]
[-5.37171, -5.35567] ; [2.87568, 2.87731]
[-5.37478, -5.35868] ; [2.87731, 2.87895]
[-5.37785, -5.36168] ; [2.87895, 2.88058]
[-5.38091, -5.36469] ; [2.88058, 2.8822]
[-5.38397, -5.36769] ; [2.8822, 2.88383]
[-5.38703, -5.37069] ; [2.88383, 2.88545]
[-5.39009, -5.37368] ; [2.88545, 2.88706]
[-5.39315, -5.37667] ; [2.88706, 2.88868]
[-5.3962, -5.37966] ; [2.88868, 2.89029]
[-5.39925, -5.38265] ; [2.89029, 2.8919]
[-5.40229, -5.38563] ; [2.8919, 2.89351]
[-5.40534, -5.38861] ; [2.89351, 2.89511]
[-5.40838, -5.39159] ; [2.89511, 2.89671]
[-5.41141, -5.39456] ; [2.89671, 2.8983]
[-5.41444, -5.39752] ; [2.8983, 2.89989]
[-5.41746, -5.40047] ; [2.89989, 2.90148]
[-5.42047, -5.40341] ; [2.90148, 2.90305]
[-5.42348, -5.40635] ; [2.90305, 2.90463]
[-5.42647, -5.40928] ; [2.90463, 2.90619]
[-5.42946, -5.4122] ; [2.90619, 2.90775]
[-5.43244, -5.41511] ; [2.90775, 2.90931]
[-5.43541, -5.41801] ; [2.90931, 2.91086]
[-5.43838, -5.42091] ; [2.91086, 2.9124]
[-5.44133, -5.42379] ; [2.9124, 2.91394]
[-5.44428, -5.42668] ; [2.91394, 2.91547]
[-5.44723, -5.42955] ; [2.91547, 2.917]
[-5.45016, -5.43241] ; [2.917, 2.91853]
[-5.45309, -5.43527] ; [2.91853, 2.92004]
[-5.45602, -5.43812] ; [2.92004, 2.92156]
[-5.45893, -5.44096] ; [2.92156, 2.92307]
[-5.46184, -5.4438] ; [2.92307, 2.92457]
[-5.46474, -5.44663] ; [2.92457, 2.92607]
[-5.46764, -5.44945] ; [2.92607, 2.92756]
[-5.47053, -5.45226] ; [2.92756, 2.92905]
[-5.47341, -5.45507] ; [2.92905, 2.93054]
[-5.47628, -5.45787] ; [2.93054, 2.93202]
[-5.47915, -5.46066] ; [2.93202, 2.93349]
[-5.48201, -5.46344] ; [2.93349, 2.93496]
[-5.48487, -5.46622] ; [2.93496, 2.93643]
[-5.48772, -5.46899] ; [2.93643, 2.93789]
[-5.49056, -5.47176] ; [2.93789, 2.93934]
[-5.4934, -5.47452] ; [2.93934, 2.9408]
[-5.49623, -5.47727] ; [2.9408, 2.94224]
[-5.49905, -5.48001] ; [2.94224, 2.94369]
[-5.50187, -5.48275] ; [2.94369, 2.94513]
[-5.50469, -5.48548] ; [2.94513, 2.94656]
[-5.50749, -5.48821] ; [2.94656, 2.94799]
[-5.5103, -5.49093] ; [2.94799, 2.94942]
[-5.51309, -5.49365] ; [2.94942, 2.95085]
[-5.51588, -5.49636] ; [2.95085, 2.95226]
[-5.51867, -5.49906] ; [2.95226, 2.95368]
[-5.52145, -5.50175] ; [2.95368, 2.95509]
[-5.52422, -5.50444] ; [2.95509, 2.9565]
[-5.52699, -5.50713] ; [2.9565, 2.9579]
[-5.52976, -5.50981] ; [2.9579, 2.9593]
[-5.53252, -5.51248] ; [2.9593, 2.9607]
[-5.53527, -5.51515] ; [2.9607, 2.96209]
[-5.53802, -5.51781] ; [2.96209, 2.96348]
[-5.54076, -5.52046] ; [2.96348, 2.96487]
[-5.54349, -5.52311] ; [2.96487, 2.96625]
[-5.54622, -5.52575] ; [2.96625, 2.96762]
[-5.54895, -5.52839] ; [2.96762, 2.969]
[-5.55166, -5.53102] ; [2.969, 2.97036]
[-5.55438, -5.53364] ; [2.97036, 2.97173]
[-5.55708, -5.53626] ; [2.97173, 2.97309]
[-5.55979, -5.53887] ; [2.97309, 2.97445]
[-5.56248, -5.54147] ; [2.97445, 2.9758]
[-5.56517, -5.54407] ; [2.9758, 2.97715]
[-5.56786, -5.54666] ; [2.97715, 2.9785]
[-5.57054, -5.54925] ; [2.9785, 2.97984]
[-5.57321, -5.55183] ; [2.97984, 2.98118]
[-5.57588, -5.55441] ; [2.98118, 2.98252]
[-5.57855, -5.55698] ; [2.98252, 2.98385]
[-5.5812, -5.55954] ; [2.98385, 2.98518]
[-5.58386, -5.5621] ; [2.98518, 2.9865]
[-5.5865, -5.56465] ; [2.9865, 2.98782]
[-5.58914, -5.56719] ; [2.98782, 2.98914]
[-5.59178, -5.56973] ; [2.98914, 2.99046]
[-5.59441, -5.57227] ; [2.99046, 2.99177]
[-5.59704, -5.57479] ; [2.99177, 2.99307]
[-5.59965, -5.57731] ; [2.99307, 2.99438]
[-5.60227, -5.57983] ; [2.99438, 2.99568]
[-5.60488, -5.58234] ; [2.99568, 2.99697]
[-5.60748, -5.58484] ; [2.99697, 2.99827]
[-5.61008, -5.58734] ; [2.99827, 2.99956]
[-5.61267, -5.58983] ; [2.99956, 3.00084]
[-5.61525, -5.59231] ; [3.00084, 3.00212]
[-5.61783, -5.59478] ; [3.00212, 3.0034]
[-5.62039, -5.59725] ; [3.0034, 3.00467]
[-5.62295, -5.5997] ; [3.00467, 3.00594]
[-5.62551, -5.60216] ; [3.00594, 3.0072]
[-5.62806, -5.6046] ; [3.0072, 3.00846]
[-5.6306, -5.60704] ; [3.00846, 3.00972]
[-5.63314, -5.60947] ; [3.00972, 3.01097]
[-5.63566, -5.61189] ; [3.01097, 3.01222]
[-5.63819, -5.61431] ; [3.01222, 3.01346]
[-5.6407, -5.61672] ; [3.01346, 3.0147]
[-5.64321, -5.61912] ; [3.0147, 3.01594]
[-5.64571, -5.62151] ; [3.01594, 3.01717]
[-5.64821, -5.6239] ; [3.01717, 3.0184]
[-5.6507, -5.62628] ; [3.0184, 3.01962]
[-5.65318, -5.62866] ; [3.01962, 3.02084]
[-5.65565, -5.63102] ; [3.02084, 3.02206]
[-5.65812, -5.63338] ; [3.02206, 3.02327]
[-5.66058, -5.63573] ; [3.02327, 3.02448]
[-5.66304, -5.63808] ; [3.02448, 3.02569]
[-5.66549, -5.64042] ; [3.02569, 3.02689]
[-5.66794, -5.64275] ; [3.02689, 3.02809]
[-5.67037, -5.64508] ; [3.02809, 3.02929]
[-5.67281, -5.6474] ; [3.02929, 3.03048]
[-5.67523, -5.64971] ; [3.03048, 3.03166]
[-5.67765, -5.65202] ; [3.03166, 3.03285]
[-5.68007, -5.65432] ; [3.03285, 3.03403]
[-5.68247, -5.65661] ; [3.03403, 3.03521]
[-5.68488, -5.6589] ; [3.03521, 3.03638]
[-5.68727, -5.66118] ; [3.03638, 3.03755]
[-5.68967, -5.66346] ; [3.03755, 3.03872]
[-5.69205, -5.66573] ; [3.03872, 3.03989]
[-5.69443, -5.66799] ; [3.03989, 3.04105]
[-5.69681, -5.67025] ; [3.04105, 3.04221]
[-5.69918, -5.6725] ; [3.04221, 3.04336]
[-5.70155, -5.67475] ; [3.04336, 3.04452]
[-5.70391, -5.67699] ; [3.04452, 3.04567]
[-5.70626, -5.67922] ; [3.04567, 3.04681]
[-5.70862, -5.68145] ; [3.04681, 3.04796]
[-5.71096, -5.68368] ; [3.04796, 3.0491]
[-5.7133, -5.6859] ; [3.0491, 3.05024]
[-5.71564, -5.68811] ; [3.05024, 3.05137]
[-5.71797, -5.69032] ; [3.05137, 3.05251]
[-5.7203, -5.69252] ; [3.05251, 3.05364]
[-5.72263, -5.69472] ; [3.05364, 3.05477]
[-5.72494, -5.69692] ; [3.05477, 3.05589]
[-5.72726, -5.6991] ; [3.05589, 3.05701]
[-5.72957, -5.70129] ; [3.05701, 3.05813]
[-5.73188, -5.70347] ; [3.05813, 3.05925]
[-5.73418, -5.70564] ; [3.05925, 3.06037]
[-5.73648, -5.70781] ; [3.06037, 3.06148]
[-5.73877, -5.70997] ; [3.06148, 3.06259]
[-5.74106, -5.71213] ; [3.06259, 3.0637]
[-5.74335, -5.71429] ; [3.0637, 3.0648]
[-5.74563, -5.71644] ; [3.0648, 3.06591]
[-5.74791, -5.71859] ; [3.06591, 3.06701]
[-5.75018, -5.72073] ; [3.06701, 3.06811]
[-5.75245, -5.72287] ; [3.06811, 3.06921]
[-5.75472, -5.725] ; [3.06921, 3.0703]
[-5.75699, -5.72713] ; [3.0703, 3.0714]
[-5.75925, -5.72926] ; [3.0714, 3.07249]
[-5.7615, -5.73138] ; [3.07249, 3.07358]
[-5.76376, -5.7335] ; [3.07358, 3.07467]
[-5.76601, -5.73562] ; [3.07467, 3.07575]
[-5.76826, -5.73773] ; [3.07575, 3.07683]
[-5.7705, -5.73983] ; [3.07683, 3.07792]
[-5.77274, -5.74193] ; [3.07792, 3.07899]
[-5.77497, -5.74403] ; [3.07899, 3.08007]
[-5.7772, -5.74612] ; [3.08007, 3.08114]
[-5.77943, -5.74821] ; [3.08114, 3.08222]
[-5.78165, -5.75029] ; [3.08222, 3.08329]
[-5.78387, -5.75236] ; [3.08329, 3.08435]
[-5.78608, -5.75443] ; [3.08435, 3.08542]
[-5.78829, -5.7565] ; [3.08542, 3.08648]
[-5.7905, -5.75856] ; [3.08648, 3.08754]
[-5.7927, -5.76062] ; [3.08754, 3.0886]
[-5.7949, -5.76267] ; [3.0886, 3.08965]
[-5.79709, -5.76472] ; [3.08965, 3.09071]
[-5.79928, -5.76677] ; [3.09071, 3.09176]
[-5.80147, -5.76881] ; [3.09176, 3.09281]
[-5.80365, -5.77084] ; [3.09281, 3.09385]
[-5.80583, -5.77287] ; [3.09385, 3.0949]
[-5.808, -5.7749] ; [3.0949, 3.09594]
[-5.81017, -5.77693] ; [3.09594, 3.09699]
[-5.81234, -5.77894] ; [3.09699, 3.09802]
[-5.81451, -5.78096] ; [3.09802, 3.09906]
[-5.81667, -5.78297] ; [3.09906, 3.1001]
[-5.81883, -5.78498] ; [3.1001, 3.10113]
[-5.82098, -5.78698] ; [3.10113, 3.10217]
[-5.82313, -5.78898] ; [3.10217, 3.1032]
[-5.82528, -5.79098] ; [3.1032, 3.10422]
[-5.82743, -5.79297] ; [3.10422, 3.10525]
[-5.82957, -5.79496] ; [3.10525, 3.10628]
[-5.83171, -5.79695] ; [3.10628, 3.1073]
[-5.83384, -5.79893] ; [3.1073, 3.10832]
[-5.83597, -5.8009] ; [3.10832, 3.10934]
[-5.8381, -5.80287] ; [3.10934, 3.11036]
[-5.84023, -5.80484] ; [3.11036, 3.11137]
[-5.84234, -5.8068] ; [3.11137, 3.11239]
[-5.84446, -5.80876] ; [3.11239, 3.1134]
[-5.84657, -5.81071] ; [3.1134, 3.11441]
[-5.84868, -5.81266] ; [3.11441, 3.11541]
[-5.85078, -5.8146] ; [3.11541, 3.11642]
[-5.85288, -5.81654] ; [3.11642, 3.11742]
[-5.85498, -5.81847] ; [3.11742, 3.11842]
[-5.85707, -5.8204] ; [3.11842, 3.11942]
[-5.85916, -5.82232] ; [3.11942, 3.12041]
[-5.86124, -5.82424] ; [3.12041, 3.12141]
[-5.86332, -5.82615] ; [3.12141, 3.1224]
[-5.86539, -5.82806] ; [3.1224, 3.12339]
[-5.86747, -5.82997] ; [3.12339, 3.12438]
[-5.86953, -5.83187] ; [3.12438, 3.12536]
[-5.8716, -5.83376] ; [3.12536, 3.12635]
[-5.87365, -5.83565] ; [3.12635, 3.12733]
[-5.87571, -5.83753] ; [3.12733, 3.12831]
[-5.87776, -5.83941] ; [3.12831, 3.12928]
[-5.8798, -5.84129] ; [3.12928, 3.13026]
[-5.88184, -5.84316] ; [3.13026, 3.13123]
[-5.88388, -5.84502] ; [3.13123, 3.1322]
[-5.88591, -5.84688] ; [3.1322, 3.13316]
[-5.88794, -5.84873] ; [3.13316, 3.13413]
[-5.88996, -5.85058] ; [3.13413, 3.13509]
[-5.89198, -5.85242] ; [3.13509, 3.13605]
[-5.894, -5.85426] ; [3.13605, 3.13701]
[-5.89601, -5.8561] ; [3.13701, 3.13797]
[-5.89801, -5.85793] ; [3.13797, 3.13892]
[-5.90002, -5.85975] ; [3.13892, 3.13987]
[-5.90201, -5.86157] ; [3.13987, 3.14082]
[-5.90401, -5.86338] ; [3.14082, 3.14177]
[-5.906, -5.86519] ; [3.14177, 3.14271]
[-5.90798, -5.867] ; [3.14271, 3.14366]
[-5.90996, -5.8688] ; [3.14366, 3.1446]
[-5.91194, -5.87059] ; [3.1446, 3.14554]
[-5.91391, -5.87239] ; [3.14554, 3.14648]
[-5.91588, -5.87417] ; [3.14648, 3.14741]
[-5.91785, -5.87596] ; [3.14741, 3.14835]
[-5.91981, -5.87774] ; [3.14835, 3.14928]
[-5.92177, -5.87951] ; [3.14928, 3.15021]
[-5.92373, -5.88129] ; [3.15021, 3.15114]
[-5.92568, -5.88305] ; [3.15114, 3.15207]
[-5.92763, -5.88482] ; [3.15207, 3.15299]
[-5.92957, -5.88658] ; [3.15299, 3.15392]
[-5.93151, -5.88833] ; [3.15392, 3.15484]
[-5.93345, -5.89008] ; [3.15484, 3.15575]
[-5.93537, -5.89182] ; [3.15575, 3.15667]
[-5.9373, -5.89356] ; [3.15667, 3.15758]
[-5.93922, -5.89529] ; [3.15758, 3.15849]
[-5.94113, -5.89701] ; [3.15849, 3.1594]
[-5.94304, -5.89873] ; [3.1594, 3.16031]
[-5.94494, -5.90044] ; [3.16031, 3.16121]
[-5.94684, -5.90215] ; [3.16121, 3.16211]
[-5.94873, -5.90385] ; [3.16211, 3.16301]
[-5.95062, -5.90554] ; [3.16301, 3.16391]
[-5.9525, -5.90723] ; [3.16391, 3.1648]
[-5.95438, -5.90891] ; [3.1648, 3.16569]
[-5.95625, -5.91059] ; [3.16569, 3.16658]
[-5.95812, -5.91226] ; [3.16658, 3.16746]
[-5.95998, -5.91393] ; [3.16746, 3.16834]
[-5.96184, -5.91559] ; [3.16834, 3.16922]
[-5.96369, -5.91724] ; [3.16922, 3.1701]
[-5.96554, -5.91889] ; [3.1701, 3.17098]
[-5.96738, -5.92054] ; [3.17098, 3.17185]
[-5.96922, -5.92217] ; [3.17185, 3.17272]
[-5.97105, -5.9238] ; [3.17272, 3.17359]
[-5.97288, -5.92543] ; [3.17359, 3.17445]
[-5.9747, -5.92705] ; [3.17445, 3.17532]
[-5.97652, -5.92866] ; [3.17532, 3.17618]
[-5.97833, -5.93027] ; [3.17618, 3.17703]
[-5.98013, -5.93186] ; [3.17703, 3.17788]
[-5.98192, -5.93345] ; [3.17788, 3.17873]
[-5.9837, -5.93503] ; [3.17873, 3.17958]
[-5.98548, -5.93661] ; [3.17958, 3.18042]
[-5.98725, -5.93817] ; [3.18042, 3.18126]
[-5.98901, -5.93973] ; [3.18126, 3.18209]
[-5.99077, -5.94128] ; [3.18209, 3.18292]
[-5.99252, -5.94283] ; [3.18292, 3.18375]
[-5.99426, -5.94437] ; [3.18375, 3.18458]
[-5.99599, -5.9459] ; [3.18458, 3.1854]
[-5.99772, -5.94742] ; [3.1854, 3.18621]
[-5.99944, -5.94894] ; [3.18621, 3.18703]
[-6.00116, -5.95045] ; [3.18703, 3.18784]
[-6.00286, -5.95195] ; [3.18784, 3.18865]
[-6.00456, -5.95344] ; [3.18865, 3.18945]
[-6.00626, -5.95493] ; [3.18945, 3.19025]
[-6.00794, -5.95641] ; [3.19025, 3.19105]
[-6.00962, -5.95788] ; [3.19105, 3.19185]
[-6.0113, -5.95935] ; [3.19185, 3.19264]
[-6.01296, -5.96081] ; [3.19264, 3.19343]
[-6.01462, -5.96226] ; [3.19343, 3.19421]
[-6.01627, -5.9637] ; [3.19421, 3.19499]
[-6.01792, -5.96513] ; [3.19499, 3.19577]
[-6.01956, -5.96656] ; [3.19577, 3.19654]
[-6.02119, -5.96798] ; [3.19654, 3.19732]
[-6.02282, -5.96939] ; [3.19732, 3.19808]
[-6.02444, -5.97079] ; [3.19808, 3.19885]
[-6.02605, -5.97219] ; [3.19885, 3.19961]
[-6.02766, -5.97358] ; [3.19961, 3.20037]
[-6.02926, -5.97496] ; [3.20037, 3.20112]
[-6.03085, -5.97633] ; [3.20112, 3.20187]
[-6.03244, -5.9777] ; [3.20187, 3.20262]
[-6.03402, -5.97906] ; [3.20262, 3.20337]
[-6.0356, -5.98041] ; [3.20337, 3.20411]
[-6.03717, -5.98176] ; [3.20411, 3.20485]
[-6.03873, -5.98309] ; [3.20485, 3.20558]
[-6.04029, -5.98442] ; [3.20558, 3.20631]
[-6.04184, -5.98575] ; [3.20631, 3.20704]
[-6.04338, -5.98706] ; [3.20704, 3.20777]
[-6.04492, -5.98837] ; [3.20777, 3.20849]
[-6.04646, -5.98967] ; [3.20849, 3.20921]
[-6.04799, -5.99097] ; [3.20921, 3.20993]
[-6.04951, -5.99226] ; [3.20993, 3.21064]
[-6.05103, -5.99354] ; [3.21064, 3.21135]
[-6.05254, -5.99481] ; [3.21135, 3.21206]
[-6.05405, -5.99608] ; [3.21206, 3.21277]
[-6.05555, -5.99734] ; [3.21277, 3.21347]
[-6.05704, -5.9986] ; [3.21347, 3.21417]
[-6.05853, -5.99984] ; [3.21417, 3.21487]
[-6.06002, -6.00109] ; [3.21487, 3.21556]
[-6.0615, -6.00232] ; [3.21556, 3.21625]
[-6.06298, -6.00355] ; [3.21625, 3.21694]
[-6.06445, -6.00477] ; [3.21694, 3.21763]
[-6.06591, -6.00598] ; [3.21763, 3.21831]
[-6.06737, -6.00719] ; [3.21831, 3.21899]
[-6.06883, -6.00839] ; [3.21899, 3.21967]
[-6.07028, -6.00958] ; [3.21967, 3.22035]
[-6.07172, -6.01077] ; [3.22035, 3.22102]
[-6.07316, -6.01195] ; [3.22102, 3.22169]
[-6.07459, -6.01312] ; [3.22169, 3.22235]
[-6.07602, -6.01429] ; [3.22235, 3.22302]
[-6.07745, -6.01545] ; [3.22302, 3.22368]
[-6.07887, -6.01661] ; [3.22368, 3.22434]
[-6.08029, -6.01776] ; [3.22434, 3.22499]
[-6.0817, -6.0189] ; [3.22499, 3.22565]
[-6.0831, -6.02003] ; [3.22565, 3.2263]
[-6.08451, -6.02116] ; [3.2263, 3.22695]
[-6.0859, -6.02229] ; [3.22695, 3.22759]
[-6.0873, -6.02341] ; [3.22759, 3.22824]
[-6.08868, -6.02452] ; [3.22824, 3.22888]
[-6.09007, -6.02562] ; [3.22888, 3.22952]
[-6.09145, -6.02672] ; [3.22952, 3.23015]
[-6.09283, -6.02782] ; [3.23015, 3.23079]
[-6.0942, -6.02891] ; [3.23079, 3.23142]
[-6.09557, -6.02999] ; [3.23142, 3.23205]
[-6.09693, -6.03107] ; [3.23205, 3.23267]
[-6.09829, -6.03214] ; [3.23267, 3.2333]
[-6.09965, -6.03321] ; [3.2333, 3.23392]
[-6.101, -6.03427] ; [3.23392, 3.23454]
[-6.10235, -6.03533] ; [3.23454, 3.23516]
[-6.10369, -6.03638] ; [3.23516, 3.23578]
[-6.10503, -6.03742] ; [3.23578, 3.23639]
[-6.10637, -6.03846] ; [3.23639, 3.237]
[-6.1077, -6.0395] ; [3.237, 3.23761]
[-6.10903, -6.04053] ; [3.23761, 3.23822]
[-6.11035, -6.04155] ; [3.23822, 3.23883]
[-6.11168, -6.04257] ; [3.23883, 3.23943]
[-6.11299, -6.04359] ; [3.23943, 3.24003]
[-6.11431, -6.0446] ; [3.24003, 3.24063]
[-6.11562, -6.0456] ; [3.24063, 3.24123]
[-6.11693, -6.0466] ; [3.24123, 3.24183]
[-6.11823, -6.04759] ; [3.24183, 3.24242]
[-6.11953, -6.04858] ; [3.24242, 3.24301]
[-6.12083, -6.04956] ; [3.24301, 3.2436]
[-6.12212, -6.05054] ; [3.2436, 3.24419]
[-6.12341, -6.05151] ; [3.24419, 3.24477]
[-6.1247, -6.05248] ; [3.24477, 3.24535]
[-6.12598, -6.05344] ; [3.24535, 3.24593]
[-6.12726, -6.0544] ; [3.24593, 3.24651]
[-6.12854, -6.05535] ; [3.24651, 3.24709]
[-6.12981, -6.05629] ; [3.24709, 3.24766]
[-6.13108, -6.05723] ; [3.24766, 3.24824]
[-6.13234, -6.05817] ; [3.24824, 3.24881]
[-6.13361, -6.0591] ; [3.24881, 3.24938]
[-6.13487, -6.06003] ; [3.24938, 3.24994]
[-6.13612, -6.06095] ; [3.24994, 3.25051]
[-6.13738, -6.06187] ; [3.25051, 3.25107]
[-6.13863, -6.06278] ; [3.25107, 3.25163]
[-6.13987, -6.06368] ; [3.25163, 3.25219]
[-6.14112, -6.06459] ; [3.25219, 3.25275]
[-6.14236, -6.06549] ; [3.25275, 3.25331]
[-6.1436, -6.06638] ; [3.25331, 3.25386]
[-6.14483, -6.06727] ; [3.25386, 3.25441]
[-6.14607, -6.06815] ; [3.25441, 3.25496]
[-6.1473, -6.06903] ; [3.25496, 3.25551]
[-6.14852, -6.06991] ; [3.25551, 3.25606]
[-6.14975, -6.07078] ; [3.25606, 3.2566]
[-6.15097, -6.07164] ; [3.2566, 3.25715]
[-6.15218, -6.0725] ; [3.25715, 3.25769]
[-6.1534, -6.07335] ; [3.25769, 3.25823]
[-6.15461, -6.0742] ; [3.25823, 3.25877]
[-6.15582, -6.07505] ; [3.25877, 3.2593]
[-6.15703, -6.07589] ; [3.2593, 3.25983]
[-6.15823, -6.07673] ; [3.25983, 3.26037]
[-6.15943, -6.07756] ; [3.26037, 3.2609]
[-6.16063, -6.07839] ; [3.2609, 3.26143]
[-6.16182, -6.07921] ; [3.26143, 3.26195]
[-6.16302, -6.08002] ; [3.26195, 3.26248]
[-6.16421, -6.08084] ; [3.26248, 3.263]
[-6.16539, -6.08165] ; [3.263, 3.26352]
[-6.16658, -6.08245] ; [3.26352, 3.26404]
[-6.16776, -6.08325] ; [3.26404, 3.26456]
[-6.16894, -6.08404] ; [3.26456, 3.26508]
[-6.17011, -6.08483] ; [3.26508, 3.26559]
[-6.17129, -6.08562] ; [3.26559, 3.2661]
[-6.17246, -6.0864] ; [3.2661, 3.26662]
[-6.17363, -6.08718] ; [3.26662, 3.26713]
[-6.17479, -6.08795] ; [3.26713, 3.26763]
[-6.17596, -6.08872] ; [3.26763, 3.26814]
[-6.17712, -6.08948] ; [3.26814, 3.26864]
[-6.17828, -6.09024] ; [3.26864, 3.26915]
[-6.17943, -6.091] ; [3.26915, 3.26965]
[-6.18058, -6.09175] ; [3.26965, 3.27015]
[-6.18174, -6.0925] ; [3.27015, 3.27065]
[-6.18288, -6.09324] ; [3.27065, 3.27114]
[-6.18403, -6.09398] ; [3.27114, 3.27164]
[-6.18517, -6.09471] ; [3.27164, 3.27213]
[-6.18631, -6.09544] ; [3.27213, 3.27262]
[-6.18745, -6.09617] ; [3.27262, 3.27311]
[-6.18859, -6.09689] ; [3.27311, 3.2736]
[-6.18972, -6.09761] ; [3.2736, 3.27409]
[-6.19085, -6.09832] ; [3.27409, 3.27457]
[-6.19198, -6.09903] ; [3.27457, 3.27506]
[-6.1931, -6.09973] ; [3.27506, 3.27554]
[-6.19422, -6.10042] ; [3.27554, 3.27601]
[-6.19533, -6.10112] ; [3.27601, 3.27649]
[-6.19644, -6.1018] ; [3.27649, 3.27696]
[-6.19754, -6.10248] ; [3.27696, 3.27743]
[-6.19864, -6.10316] ; [3.27743, 3.2779]
[-6.19974, -6.10383] ; [3.2779, 3.27836]
[-6.20083, -6.10449] ; [3.27836, 3.27883]
[-6.20192, -6.10515] ; [3.27883, 3.27929]
[-6.20301, -6.1058] ; [3.27929, 3.27975]
[-6.20409, -6.10645] ; [3.27975, 3.2802]
[-6.20516, -6.1071] ; [3.2802, 3.28066]
[-6.20624, -6.10773] ; [3.28066, 3.28111]
[-6.2073, -6.10837] ; [3.28111, 3.28156]
[-6.20837, -6.10899] ; [3.28156, 3.28201]
[-6.20943, -6.10962] ; [3.28201, 3.28245]
[-6.21049, -6.11024] ; [3.28245, 3.28289]
[-6.21154, -6.11085] ; [3.28289, 3.28334]
[-6.21259, -6.11146] ; [3.28334, 3.28377]
[-6.21364, -6.11206] ; [3.28377, 3.28421]
[-6.21468, -6.11266] ; [3.28421, 3.28464]
[-6.21572, -6.11325] ; [3.28464, 3.28507]
