[-0.776672, -0.776672] ; [-0.000194829, 0]
[-0.77667, -0.77667] ; [0, 0.000194829]
[-0.776658, -0.776658] ; [0.000194829, 0.000545522]
[-0.776629, -0.776629] ; [0.000545522, 0.00098588]
[-0.776582, -0.776582] ; [0.00098588, 0.00142927]
[-0.776517, -0.776517] ; [0.00142927, 0.00187524]
[-0.776435, -0.776435] ; [0.00187524, 0.00232382]
[-0.776335, -0.776335] ; [0.00232382, 0.00277502]
[-0.776217, -0.776217] ; [0.00277502, 0.00322888]
[-0.77608, -0.77608] ; [0.00322888, 0.0036854]
[-0.775926, -0.775926] ; [0.0036854, 0.00414462]
[-0.775752, -0.775752] ; [0.00414462, 0.00460656]
[-0.77556, -0.77556] ; [0.00460656, 0.00507124]
[-0.775349, -0.775349] ; [0.00507124, 0.00553868]
[-0.775118, -0.775118] ; [0.00553868, 0.0060089]
[-0.774868, -0.774868] ; [0.0060089, 0.00648194]
[-0.774598, -0.774598] ; [0.00648194, 0.0069578]
[-0.774308, -0.774308] ; [0.0069578, 0.00743653]
[-0.773999, -0.773999] ; [0.00743653, 0.00791813]
[-0.773668, -0.773668] ; [0.00791813, 0.00840265]
[-0.773318, -0.773318] ; [0.00840265, 0.00889009]
[-0.772946, -0.772946] ; [0.00889009, 0.0093805]
[-0.772553, -0.772553] ; [0.0093805, 0.00987421]
[-0.772136, -0.772136] ; [0.00987421, 0.0103745]
[-0.771694, -0.771694] ; [0.0103745, 0.0108813]
[-0.771225, -0.771225] ; [0.0108813, 0.0113949]
[-0.770731, -0.770731] ; [0.0113949, 0.0119152]
[-0.770209, -0.770209] ; [0.0119152, 0.0124424]
[-0.76966, -0.76966] ; [0.0124424, 0.0129765]
[-0.769081, -0.769081] ; [0.0129765, 0.0135176]
[-0.768473, -0.768473] ; [0.0135176, 0.0140657]
[-0.767835, -0.767835] ; [0.0140657, 0.014621]
[-0.767166, -0.767166] ; [0.014621, 0.0151835]
[-0.766465, -0.766465] ; [0.0151835, 0.0157534]
[-0.765731, -0.765731] ; [0.0157534, 0.0163307]
[-0.764963, -0.764963] ; [0.0163307, 0.0169154]
[-0.764161, -0.764161] ; [0.0169154, 0.0175078]
[-0.763323, -0.763323] ; [0.0175078, 0.0181079]
[-0.762449, -0.762449] ; [0.0181079, 0.0187158]
[-0.761538, -0.761538] ; [0.0187158, 0.0193316]
[-0.760588, -0.760588] ; [0.0193316, 0.0199555]
[-0.759599, -0.759599] ; [0.0199555, 0.0205874]
[-0.758569, -0.758569] ; [0.0205874, 0.0212276]
[-0.757498, -0.757498] ; [0.0212276, 0.0218761]
[-0.756384, -0.756384] ; [0.0218761, 0.022533]
[-0.755227, -0.755227] ; [0.022533, 0.0231986]
[-0.754025, -0.754025] ; [0.0231986, 0.0238728]
[-0.752777, -0.752777] ; [0.0238728, 0.0245559]
[-0.751482, -0.751482] ; [0.0245559, 0.0252479]
[-0.750138, -0.750138] ; [0.0252479, 0.025949]
[-0.748745, -0.748745] ; [0.025949, 0.0266594]
[-0.747301, -0.747301] ; [0.0266594, 0.027379]
[-0.745805, -0.745805] ; [0.027379, 0.0281082]
[-0.744255, -0.744255] ; [0.0281082, 0.028847]
[-0.74265, -0.74265] ; [0.028847, 0.0295956]
[-0.740989, -0.740989] ; [0.0295956, 0.0303542]
[-0.739269, -0.739269] ; [0.0303542, 0.0311228]
[-0.737491, -0.737491] ; [0.0311228, 0.0319016]
[-0.735652, -0.735652] ; [0.0319016, 0.0326908]
[-0.73375, -0.73375] ; [0.0326908, 0.0334906]
[-0.731785, -0.731784] ; [0.0334906, 0.034301]
[-0.729753, -0.729753] ; [0.034301, 0.0351222]
[-0.727655, -0.727655] ; [0.0351222, 0.0359545]
[-0.725488, -0.725488] ; [0.0359545, 0.0367979]
[-0.72325, -0.72325] ; [0.0367979, 0.0376526]
[-0.720939, -0.720939] ; [0.0376526, 0.0385189]
[-0.718554, -0.718554] ; [0.0385189, 0.0393969]
[-0.716093, -0.716093] ; [0.0393969, 0.0402867]
[-0.713555, -0.713554] ; [0.0402867, 0.0411885]
[-0.710936, -0.710936] ; [0.0411885, 0.0421025]
[-0.708235, -0.708235] ; [0.0421025, 0.0430289]
[-0.70545, -0.70545] ; [0.0430289, 0.0439679]
[-0.70258, -0.70258] ; [0.0439679, 0.0449195]
[-0.699622, -0.699622] ; [0.0449195, 0.0458841]
[-0.696573, -0.696573] ; [0.0458841, 0.0468616]
[-0.693433, -0.693433] ; [0.0468616, 0.0478524]
[-0.690199, -0.690198] ; [0.0478524, 0.0488566]
[-0.686868, -0.686868] ; [0.0488566, 0.0498742]
[-0.683439, -0.683439] ; [0.0498742, 0.0509056]
[-0.67991, -0.679909] ; [0.0509056, 0.0519507]
[-0.676278, -0.676278] ; [0.0519507, 0.0530097]
[-0.672541, -0.672541] ; [0.0530097, 0.0540828]
[-0.668698, -0.668698] ; [0.0540828, 0.0551701]
[-0.664746, -0.664746] ; [0.0551701, 0.0562716]
[-0.660684, -0.660684] ; [0.0562716, 0.0573875]
[-0.656509, -0.656509] ; [0.0573875, 0.0585177]
[-0.65222, -0.65222] ; [0.0585177, 0.0596624]
[-0.647814, -0.647814] ; [0.0596624, 0.0608216]
[-0.643291, -0.643291] ; [0.0608216, 0.0619953]
[-0.638648, -0.638648] ; [0.0619953, 0.0631834]
[-0.633885, -0.633884] ; [0.0631834, 0.0643859]
[-0.628999, -0.628999] ; [0.0643859, 0.0656028]
[-0.62399, -0.623989] ; [0.0656028, 0.066834]
[-0.618856, -0.618856] ; [0.066834, 0.0680794]
[-0.613598, -0.613597] ; [0.0680794, 0.0693387]
[-0.608213, -0.608213] ; [0.0693387, 0.0706118]
[-0.602702, -0.602702] ; [0.0706118, 0.0718986]
[-0.597065, -0.597065] ; [0.0718986, 0.0731987]
[-0.591301, -0.591301] ; [0.0731987, 0.0745119]
[-0.585412, -0.585411] ; [0.0745119, 0.0758379]
[-0.579396, -0.579395] ; [0.0758379, 0.0771764]
[-0.573255, -0.573254] ; [0.0771764, 0.078527]
[-0.56699, -0.566989] ; [0.078527, 0.0798893]
[-0.560602, -0.560601] ; [0.0798893, 0.0812629]
[-0.554092, -0.554091] ; [0.0812629, 0.0826474]
[-0.547462, -0.547461] ; [0.0826474, 0.0840424]
[-0.540714, -0.540713] ; [0.0840424, 0.0854473]
[-0.533849, -0.533848] ; [0.0854473, 0.0868619]
[-0.52687, -0.526869] ; [0.0868619, 0.0882855]
[-0.519778, -0.519777] ; [0.0882855, 0.0897177]
[-0.512577, -0.512576] ; [0.0897177, 0.0911582]
[-0.505268, -0.505267] ; [0.0911582, 0.0926064]
[-0.497853, -0.497853] ; [0.0926064, 0.0940619]
[-0.490337, -0.490336] ; [0.0940619, 0.0955242]
[-0.482724, -0.482724] ; [0.0955242, 0.0969923]
[-0.475019, -0.475018] ; [0.0969923, 0.0984656]
[-0.467223, -0.467222] ; [0.0984656, 0.0999438]
[-0.45934, -0.459339] ; [0.0999438, 0.101427]
[-0.451371, -0.45137] ; [0.101427, 0.102914]
[-0.44332, -0.443319] ; [0.102914, 0.104405]
[-0.435189, -0.435188] ; [0.104405, 0.105899]
[-0.426979, -0.426978] ; [0.105899, 0.107398]
[-0.418693, -0.418692] ; [0.107398, 0.108899]
[-0.410333, -0.410332] ; [0.108899, 0.110404]
[-0.401899, -0.401898] ; [0.110404, 0.111913]
[-0.393394, -0.393392] ; [0.111913, 0.113424]
[-0.384817, -0.384816] ; [0.113424, 0.114939]
[-0.376173, -0.376172] ; [0.114939, 0.116457]
[-0.367471, -0.367469] ; [0.116457, 0.117977]
[-0.35871, -0.358709] ; [0.117977, 0.119498]
[-0.349892, -0.349891] ; [0.119498, 0.121022]
[-0.341017, -0.341015] ; [0.121022, 0.122548]
[-0.332084, -0.332082] ; [0.122548, 0.124076]
[-0.323093, -0.323091] ; [0.124076, 0.125607]
[-0.314044, -0.314042] ; [0.125607, 0.127142]
[-0.304936, -0.304934] ; [0.127142, 0.12868]
[-0.295767, -0.295765] ; [0.12868, 0.130222]
[-0.286537, -0.286535] ; [0.130222, 0.131768]
[-0.277243, -0.277241] ; [0.131768, 0.13332]
[-0.267884, -0.267881] ; [0.13332, 0.134878]
[-0.258457, -0.258454] ; [0.134878, 0.136441]
[-0.248959, -0.248957] ; [0.136441, 0.138012]
[-0.239389, -0.239386] ; [0.138012, 0.139591]
[-0.229741, -0.229739] ; [0.139591, 0.141178]
[-0.220014, -0.220011] ; [0.141178, 0.142774]
[-0.210203, -0.2102] ; [0.142774, 0.144381]
[-0.200303, -0.2003] ; [0.144381, 0.145999]
[-0.190309, -0.190306] ; [0.145999, 0.14763]
[-0.180217, -0.180214] ; [0.14763, 0.149273]
[-0.17002, -0.170017] ; [0.149273, 0.150932]
[-0.159712, -0.159709] ; [0.150932, 0.152607]
[-0.149286, -0.149283] ; [0.152607, 0.154299]
[-0.138734, -0.13873] ; [0.154299, 0.156011]
[-0.128047, -0.128043] ; [0.156011, 0.157743]
[-0.117215, -0.117211] ; [0.157743, 0.159499]
[-0.106229, -0.106225] ; [0.159499, 0.161279]
[-0.0950761, -0.0950715] ; [0.161279, 0.163087]
[-0.0837487, -0.0837439] ; [0.163087, 0.164923]
[-0.0722354, -0.0722304] ; [0.164923, 0.166791]
[-0.0605205, -0.0605153] ; [0.166791, 0.168694]
[-0.0485867, -0.0485811] ; [0.168694, 0.170634]
[-0.0364142, -0.0364083] ; [0.170634, 0.172616]
[-0.023981, -0.0239748] ; [0.172616, 0.174645]
[-0.0112618, -0.0112552] ; [0.174645, 0.176724]
[0.00177241, 0.00177942] ; [0.176724, 0.17886]
[0.0151551, 0.0151626] ; [0.17886, 0.18106]
[0.0288656, 0.0288735] ; [0.18106, 0.183322]
[0.0420618, 0.0420703] ; [0.183322, 0.185506]
[0.0548239, 0.0548328] ; [0.185506, 0.187627]
[0.0672142, 0.0672237] ; [0.187627, 0.189695]
[0.0792819, 0.0792919] ; [0.189695, 0.191717]
[0.0910663, 0.0910768] ; [0.191717, 0.193701]
[0.1026, 0.102611] ; [0.193701, 0.195652]
[0.113909, 0.11392] ; [0.195652, 0.197573]
[0.125015, 0.125027] ; [0.197573, 0.19947]
[0.135939, 0.135951] ; [0.19947, 0.201346]
[0.146695, 0.146708] ; [0.201346, 0.203202]
[0.157298, 0.157312] ; [0.203202, 0.205043]
[0.16776, 0.167774] ; [0.205043, 0.206869]
[0.178091, 0.178106] ; [0.206869, 0.208683]
[0.1883, 0.188316] ; [0.208683, 0.210487]
[0.198392, 0.198408] ; [0.210487, 0.212281]
[0.208372, 0.208388] ; [0.212281, 0.214067]
[0.218245, 0.218263] ; [0.214067, 0.215845]
[0.228019, 0.228037] ; [0.215845, 0.217618]
[0.237698, 0.237717] ; [0.217618, 0.219387]
[0.247287, 0.247306] ; [0.219387, 0.221151]
[0.256789, 0.256809] ; [0.221151, 0.222913]
[0.266209, 0.266229] ; [0.222913, 0.224673]
[0.275548, 0.275569] ; [0.224673, 0.226431]
[0.284811, 0.284832] ; [0.226431, 0.22819]
[0.293998, 0.29402] ; [0.22819, 0.229949]
[0.303114, 0.303136] ; [0.229949, 0.23171]
[0.312158, 0.312182] ; [0.23171, 0.233472]
[0.321133, 0.321158] ; [0.233472, 0.235237]
[0.330041, 0.330066] ; [0.235237, 0.237005]
[0.338882, 0.338907] ; [0.237005, 0.238777]
[0.347657, 0.347683] ; [0.238777, 0.240553]
[0.356367, 0.356394] ; [0.240553, 0.242334]
[0.365013, 0.36504] ; [0.242334, 0.244121]
[0.373594, 0.373622] ; [0.244121, 0.245914]
[0.382111, 0.382141] ; [0.245914, 0.247713]
[0.390565, 0.390595] ; [0.247713, 0.24952]
[0.398955, 0.398986] ; [0.24952, 0.251334]
[0.407281, 0.407312] ; [0.251334, 0.253157]
[0.415542, 0.415574] ; [0.253157, 0.254988]
[0.423739, 0.423771] ; [0.254988, 0.256828]
[0.43187, 0.431903] ; [0.256828, 0.258679]
[0.439935, 0.439969] ; [0.258679, 0.260539]
[0.447933, 0.447968] ; [0.260539, 0.262411]
[0.455863, 0.4559] ; [0.262411, 0.264294]
[0.463725, 0.463762] ; [0.264294, 0.26619]
[0.471517, 0.471555] ; [0.26619, 0.268098]
[0.479238, 0.479277] ; [0.268098, 0.27002]
[0.486887, 0.486927] ; [0.27002, 0.271956]
[0.494463, 0.494503] ; [0.271956, 0.273907]
[0.501963, 0.502004] ; [0.273907, 0.275874]
[0.509387, 0.509429] ; [0.275874, 0.277857]
[0.516733, 0.516776] ; [0.277857, 0.279858]
[0.523999, 0.524043] ; [0.279858, 0.281877]
[0.531183, 0.531228] ; [0.281877, 0.283916]
[0.538285, 0.538331] ; [0.283916, 0.285976]
[0.545301, 0.545348] ; [0.285976, 0.288057]
[0.552231, 0.552279] ; [0.288057, 0.290162]
[0.559071, 0.55912] ; [0.290162, 0.292291]
[0.565821, 0.565871] ; [0.292291, 0.294448]
[0.572477, 0.572528] ; [0.294448, 0.296632]
[0.578997, 0.579049] ; [0.296632, 0.298834]
[0.585218, 0.585271] ; [0.298834, 0.300997]
[0.591157, 0.591211] ; [0.300997, 0.303124]
[0.596824, 0.59688] ; [0.303124, 0.305217]
[0.602233, 0.602289] ; [0.305217, 0.307276]
[0.607389, 0.607446] ; [0.307276, 0.309304]
[0.612303, 0.612361] ; [0.309304, 0.311298]
[0.616983, 0.617041] ; [0.311298, 0.313263]
[0.621439, 0.621499] ; [0.313263, 0.315197]
[0.625681, 0.625741] ; [0.315197, 0.317103]
[0.629716, 0.629777] ; [0.317103, 0.318983]
[0.633552, 0.633615] ; [0.318983, 0.320835]
[0.637197, 0.63726] ; [0.320835, 0.322663]
[0.640657, 0.640721] ; [0.322663, 0.324466]
[0.643938, 0.644003] ; [0.324466, 0.326244]
[0.647047, 0.647113] ; [0.326244, 0.328]
[0.649989, 0.650055] ; [0.328, 0.329732]
[0.652769, 0.652837] ; [0.329732, 0.331443]
[0.655394, 0.655462] ; [0.331443, 0.333131]
[0.657867, 0.657935] ; [0.333131, 0.334798]
[0.660193, 0.660263] ; [0.334798, 0.336444]
[0.662395, 0.662465] ; [0.336444, 0.338082]
[0.664477, 0.664547] ; [0.338082, 0.339715]
[0.66644, 0.666511] ; [0.339715, 0.341344]
[0.668285, 0.668358] ; [0.341344, 0.342968]
[0.670014, 0.670087] ; [0.342968, 0.344589]
[0.671628, 0.671701] ; [0.344589, 0.346205]
[0.673126, 0.6732] ; [0.346205, 0.347818]
[0.674511, 0.674586] ; [0.347818, 0.349428]
[0.675783, 0.675858] ; [0.349428, 0.351034]
[0.676941, 0.677017] ; [0.351034, 0.352638]
[0.677988, 0.678065] ; [0.352638, 0.354239]
[0.678924, 0.679001] ; [0.354239, 0.355837]
[0.679749, 0.679827] ; [0.355837, 0.357434]
[0.680464, 0.680543] ; [0.357434, 0.359028]
[0.68107, 0.681148] ; [0.359028, 0.36062]
[0.681566, 0.681645] ; [0.36062, 0.36221]
[0.681953, 0.682033] ; [0.36221, 0.363799]
[0.682231, 0.682312] ; [0.363799, 0.365386]
[0.682402, 0.682483] ; [0.365386, 0.366972]
[0.682465, 0.682546] ; [0.366972, 0.368557]
[0.68242, 0.682502] ; [0.368557, 0.37014]
[0.682268, 0.682351] ; [0.37014, 0.371724]
[0.68201, 0.682093] ; [0.371724, 0.373306]
[0.681644, 0.681727] ; [0.373306, 0.374888]
[0.681171, 0.681256] ; [0.374888, 0.376469]
[0.680593, 0.680677] ; [0.376469, 0.37805]
[0.679908, 0.679993] ; [0.37805, 0.379631]
[0.679116, 0.679202] ; [0.379631, 0.381212]
[0.678219, 0.678304] ; [0.381212, 0.382793]
[0.677215, 0.677301] ; [0.382793, 0.384375]
[0.676105, 0.676192] ; [0.384375, 0.385957]
[0.674889, 0.674976] ; [0.385957, 0.38754]
[0.673567, 0.673654] ; [0.38754, 0.389124]
[0.672138, 0.672226] ; [0.389124, 0.390709]
[0.670603, 0.670692] ; [0.390709, 0.392295]
[0.668962, 0.66905] ; [0.392295, 0.393882]
[0.667213, 0.667303] ; [0.393882, 0.395471]
[0.665358, 0.665448] ; [0.395471, 0.397062]
[0.663395, 0.663485] ; [0.397062, 0.398654]
[0.661325, 0.661416] ; [0.398654, 0.400249]
[0.659147, 0.659238] ; [0.400249, 0.401846]
[0.656861, 0.656952] ; [0.401846, 0.403445]
[0.654466, 0.654557] ; [0.403445, 0.405047]
[0.651962, 0.652054] ; [0.405047, 0.406652]
[0.649343, 0.649435] ; [0.406652, 0.408264]
[0.64659, 0.646683] ; [0.408264, 0.409892]
[0.643701, 0.643794] ; [0.409892, 0.411536]
[0.640673, 0.640766] ; [0.411536, 0.413198]
[0.637501, 0.637595] ; [0.413198, 0.414877]
[0.634184, 0.634277] ; [0.414877, 0.416573]
[0.630716, 0.63081] ; [0.416573, 0.418286]
[0.627096, 0.62719] ; [0.418286, 0.420018]
[0.623319, 0.623414] ; [0.420018, 0.421767]
[0.619383, 0.619478] ; [0.421767, 0.423535]
[0.615283, 0.615378] ; [0.423535, 0.425321]
[0.611015, 0.61111] ; [0.425321, 0.427127]
[0.606575, 0.606671] ; [0.427127, 0.428952]
[0.601959, 0.602055] ; [0.428952, 0.430797]
[0.597161, 0.597258] ; [0.430797, 0.432663]
[0.592177, 0.592275] ; [0.432663, 0.43455]
[0.587002, 0.5871] ; [0.43455, 0.436459]
[0.581629, 0.581729] ; [0.436459, 0.438391]
[0.576054, 0.576155] ; [0.438391, 0.440347]
[0.57027, 0.570371] ; [0.440347, 0.442327]
[0.564269, 0.564371] ; [0.442327, 0.444333]
[0.558045, 0.558148] ; [0.444333, 0.446365]
[0.55159, 0.551693] ; [0.446365, 0.448426]
[0.544894, 0.544999] ; [0.448426, 0.450516]
[0.537949, 0.538055] ; [0.450516, 0.452636]
[0.530745, 0.530851] ; [0.452636, 0.45479]
[0.523269, 0.523377] ; [0.45479, 0.456978]
[0.515511, 0.515619] ; [0.456978, 0.459202]
[0.507456, 0.507564] ; [0.459202, 0.461465]
[0.499088, 0.499198] ; [0.461465, 0.46377]
[0.490392, 0.490503] ; [0.46377, 0.466119]
[0.481349, 0.481461] ; [0.466119, 0.468516]
[0.471937, 0.47205] ; [0.468516, 0.470964]
[0.462134, 0.462248] ; [0.470964, 0.473467]
[0.451912, 0.452027] ; [0.473467, 0.476031]
[0.441243, 0.441359] ; [0.476031, 0.47866]
[0.430094, 0.430211] ; [0.47866, 0.48136]
[0.418431, 0.418549] ; [0.48136, 0.484137]
[0.40691, 0.407029] ; [0.484137, 0.486835]
[0.395449, 0.395569] ; [0.486835, 0.48948]
[0.384037, 0.384158] ; [0.48948, 0.492076]
[0.372659, 0.372781] ; [0.492076, 0.494631]
[0.361302, 0.361425] ; [0.494631, 0.497149]
[0.349956, 0.35008] ; [0.497149, 0.499636]
[0.338611, 0.338736] ; [0.499636, 0.502096]
[0.32726, 0.327385] ; [0.502096, 0.504532]
[0.315893, 0.31602] ; [0.504532, 0.506948]
[0.304504, 0.304632] ; [0.506948, 0.509347]
[0.293087, 0.293215] ; [0.509347, 0.511732]
[0.281633, 0.281762] ; [0.511732, 0.514105]
[0.270138, 0.270268] ; [0.514105, 0.516469]
[0.258594, 0.258724] ; [0.516469, 0.518826]
[0.246995, 0.247126] ; [0.518826, 0.521179]
[0.235335, 0.235468] ; [0.521179, 0.52353]
[0.223608, 0.223742] ; [0.52353, 0.525882]
[0.211808, 0.211942] ; [0.525882, 0.528235]
[0.199927, 0.200062] ; [0.528235, 0.530594]
[0.18796, 0.188095] ; [0.530594, 0.532959]
[0.175899, 0.176035] ; [0.532959, 0.535333]
[0.163737, 0.163875] ; [0.535333, 0.537719]
[0.151468, 0.151606] ; [0.537719, 0.540118]
[0.139083, 0.139222] ; [0.540118, 0.542533]
[0.126575, 0.126716] ; [0.542533, 0.544966]
[0.113936, 0.114079] ; [0.544966, 0.547419]
[0.101156, 0.101303] ; [0.547419, 0.549896]
[0.0882291, 0.0883787] ; [0.549896, 0.552399]
[0.0751455, 0.0752983] ; [0.552399, 0.55493]
[0.0618963, 0.0620523] ; [0.55493, 0.557492]
[0.0484727, 0.048632] ; [0.557492, 0.560089]
[0.0348717, 0.0350342] ; [0.560089, 0.562722]
[0.0210922, 0.0212579] ; [0.562722, 0.565392]
[0.00712306, 0.00729187] ; [0.565392, 0.568103]
[-0.00688543, -0.00671348] ; [0.568103, 0.570828]
[-0.0204713, -0.0202963] ; [0.570828, 0.573478]
[-0.0338084, -0.0336305] ; [0.573478, 0.576087]
[-0.0468851, -0.0467045] ; [0.576087, 0.578654]
[-0.0597351, -0.0595518] ; [0.578654, 0.581186]
[-0.072376, -0.0721901] ; [0.581186, 0.583688]
[-0.084826, -0.0846375] ; [0.583688, 0.586163]
[-0.0971, -0.0969091] ; [0.586163, 0.588615]
[-0.109211, -0.109018] ; [0.588615, 0.591047]
[-0.121172, -0.120976] ; [0.591047, 0.593463]
[-0.132992, -0.132794] ; [0.593463, 0.595865]
[-0.14468, -0.14448] ; [0.595865, 0.598256]
[-0.156244, -0.156042] ; [0.598256, 0.600637]
[-0.167692, -0.167487] ; [0.600637, 0.603011]
[-0.179029, -0.178823] ; [0.603011, 0.605381]
[-0.190261, -0.190053] ; [0.605381, 0.607746]
[-0.201393, -0.201183] ; [0.607746, 0.610111]
[-0.212426, -0.212214] ; [0.610111, 0.612475]
[-0.223361, -0.223147] ; [0.612475, 0.614839]
[-0.234202, -0.233986] ; [0.614839, 0.617206]
[-0.244951, -0.244734] ; [0.617206, 0.619576]
[-0.25561, -0.255392] ; [0.619576, 0.621951]
[-0.266183, -0.265963] ; [0.621951, 0.624332]
[-0.276669, -0.276448] ; [0.624332, 0.626722]
[-0.287072, -0.286849] ; [0.626722, 0.62912]
[-0.297392, -0.297167] ; [0.62912, 0.631529]
[-0.307629, -0.307403] ; [0.631529, 0.633951]
[-0.317784, -0.317557] ; [0.633951, 0.636385]
[-0.327859, -0.32763] ; [0.636385, 0.638835]
[-0.337852, -0.337622] ; [0.638835, 0.641302]
[-0.347764, -0.347533] ; [0.641302, 0.643786]
[-0.357596, -0.357364] ; [0.643786, 0.646291]
[-0.367178, -0.366945] ; [0.646291, 0.648773]
[-0.376488, -0.376253] ; [0.648773, 0.651227]
[-0.38553, -0.385294] ; [0.651227, 0.653653]
[-0.394307, -0.39407] ; [0.653653, 0.656051]
[-0.402823, -0.402584] ; [0.656051, 0.658421]
[-0.411081, -0.410842] ; [0.658421, 0.660763]
[-0.419087, -0.418847] ; [0.660763, 0.663079]
[-0.426845, -0.426604] ; [0.663079, 0.665368]
[-0.434359, -0.434116] ; [0.665368, 0.66763]
[-0.441634, -0.44139] ; [0.66763, 0.669866]
[-0.448674, -0.44843] ; [0.669866, 0.672077]
[-0.455485, -0.45524] ; [0.672077, 0.674263]
[-0.462072, -0.461825] ; [0.674263, 0.676424]
[-0.468438, -0.46819] ; [0.676424, 0.67856]
[-0.474589, -0.47434] ; [0.67856, 0.680673]
[-0.480529, -0.48028] ; [0.680673, 0.682763]
[-0.486263, -0.486013] ; [0.682763, 0.684829]
[-0.491795, -0.491545] ; [0.684829, 0.686873]
[-0.497131, -0.496879] ; [0.686873, 0.688894]
[-0.502273, -0.502021] ; [0.688894, 0.690893]
[-0.507227, -0.506975] ; [0.690893, 0.692871]
[-0.511997, -0.511745] ; [0.692871, 0.694828]
[-0.516587, -0.516334] ; [0.694828, 0.696764]
[-0.521, -0.520747] ; [0.696764, 0.69868]
[-0.525242, -0.524989] ; [0.69868, 0.700575]
[-0.529315, -0.529062] ; [0.700575, 0.70245]
[-0.533224, -0.53297] ; [0.70245, 0.704306]
[-0.536972, -0.536718] ; [0.704306, 0.706142]
[-0.54058, -0.540327] ; [0.706142, 0.707968]
[-0.544058, -0.543805] ; [0.707968, 0.709788]
[-0.547407, -0.547154] ; [0.709788, 0.711602]
[-0.550628, -0.550374] ; [0.711602, 0.713411]
[-0.553721, -0.553467] ; [0.713411, 0.715214]
[-0.556687, -0.556434] ; [0.715214, 0.717012]
[-0.559527, -0.559274] ; [0.717012, 0.718804]
[-0.562242, -0.561989] ; [0.718804, 0.720591]
[-0.564833, -0.564581] ; [0.720591, 0.722374]
[-0.567301, -0.567049] ; [0.722374, 0.724151]
[-0.569646, -0.569395] ; [0.724151, 0.725925]
[-0.57187, -0.571619] ; [0.725925, 0.727694]
[-0.573973, -0.573722] ; [0.727694, 0.729459]
[-0.575955, -0.575705] ; [0.729459, 0.73122]
[-0.577819, -0.577569] ; [0.73122, 0.732977]
[-0.579563, -0.579314] ; [0.732977, 0.734731]
[-0.58119, -0.580942] ; [0.734731, 0.736482]
[-0.582698, -0.582451] ; [0.736482, 0.738229]
[-0.58409, -0.583844] ; [0.738229, 0.739974]
[-0.585366, -0.58512] ; [0.739974, 0.741715]
[-0.586526, -0.586281] ; [0.741715, 0.743455]
[-0.587572, -0.587324] ; [0.743455, 0.745191]
[-0.588504, -0.588253] ; [0.745191, 0.746926]
[-0.589321, -0.589067] ; [0.746926, 0.748658]
[-0.590024, -0.589768] ; [0.748658, 0.750389]
[-0.590613, -0.590355] ; [0.750389, 0.752118]
[-0.591089, -0.590828] ; [0.752118, 0.753845]
[-0.591453, -0.591189] ; [0.753845, 0.755571]
[-0.591703, -0.591437] ; [0.755571, 0.757296]
[-0.591841, -0.591573] ; [0.757296, 0.75902]
[-0.591867, -0.591596] ; [0.75902, 0.760744]
[-0.591781, -0.591508] ; [0.760744, 0.762466]
[-0.591584, -0.591308] ; [0.762466, 0.764189]
[-0.591274, -0.590996] ; [0.764189, 0.765911]
[-0.590853, -0.590573] ; [0.765911, 0.767633]
[-0.590321, -0.590039] ; [0.767633, 0.769356]
[-0.589677, -0.589393] ; [0.769356, 0.771078]
[-0.588922, -0.588636] ; [0.771078, 0.772802]
[-0.588056, -0.587767] ; [0.772802, 0.774526]
[-0.587078, -0.586787] ; [0.774526, 0.776252]
[-0.585988, -0.585696] ; [0.776252, 0.777978]
[-0.584786, -0.584492] ; [0.777978, 0.779707]
[-0.583472, -0.583176] ; [0.779707, 0.781437]
[-0.582046, -0.581748] ; [0.781437, 0.78317]
[-0.580507, -0.580208] ; [0.78317, 0.784905]
[-0.578854, -0.578554] ; [0.784905, 0.786643]
[-0.577088, -0.576786] ; [0.786643, 0.788384]
[-0.575208, -0.574904] ; [0.788384, 0.790128]
[-0.573213, -0.572907] ; [0.790128, 0.791877]
[-0.571102, -0.570795] ; [0.791877, 0.793629]
[-0.568874, -0.568566] ; [0.793629, 0.795386]
[-0.566529, -0.56622] ; [0.795386, 0.797148]
[-0.564066, -0.563755] ; [0.797148, 0.798915]
[-0.561483, -0.561171] ; [0.798915, 0.800688]
[-0.55878, -0.558466] ; [0.800688, 0.802467]
[-0.555954, -0.555639] ; [0.802467, 0.804253]
[-0.553004, -0.552688] ; [0.804253, 0.806046]
[-0.549929, -0.549612] ; [0.806046, 0.807847]
[-0.546727, -0.546409] ; [0.807847, 0.809656]
[-0.543395, -0.543076] ; [0.809656, 0.811475]
[-0.539932, -0.539612] ; [0.811475, 0.813303]
[-0.536334, -0.536013] ; [0.813303, 0.815142]
[-0.5326, -0.532278] ; [0.815142, 0.816992]
[-0.528725, -0.528403] ; [0.816992, 0.818855]
[-0.524707, -0.524384] ; [0.818855, 0.82073]
[-0.520542, -0.520219] ; [0.82073, 0.82262]
[-0.516213, -0.515889] ; [0.82262, 0.824531]
[-0.511699, -0.511374] ; [0.824531, 0.82647]
[-0.506992, -0.506666] ; [0.82647, 0.828439]
[-0.502083, -0.501758] ; [0.828439, 0.83044]
[-0.496964, -0.496638] ; [0.83044, 0.832475]
[-0.491621, -0.491295] ; [0.832475, 0.834546]
[-0.486044, -0.485717] ; [0.834546, 0.836656]
[-0.480217, -0.47989] ; [0.836656, 0.838808]
[-0.474124, -0.473798] ; [0.838808, 0.841006]
[-0.467746, -0.46742] ; [0.841006, 0.843253]
[-0.461061, -0.460735] ; [0.843253, 0.845556]
[-0.454041, -0.453715] ; [0.845556, 0.84792]
[-0.446655, -0.446329] ; [0.84792, 0.850353]
[-0.438862, -0.438537] ; [0.850353, 0.852864]
[-0.430847, -0.430521] ; [0.852864, 0.855391]
[-0.422867, -0.422541] ; [0.855391, 0.857857]
[-0.414915, -0.414588] ; [0.857857, 0.860267]
[-0.406996, -0.406668] ; [0.860267, 0.862625]
[-0.399101, -0.398772] ; [0.862625, 0.864936]
[-0.391222, -0.390893] ; [0.864936, 0.867206]
[-0.383354, -0.383025] ; [0.867206, 0.869439]
[-0.375495, -0.37516] ; [0.869439, 0.871639]
[-0.367638, -0.367296] ; [0.871639, 0.873809]
[-0.35978, -0.359432] ; [0.873809, 0.875951]
[-0.351916, -0.351562] ; [0.875951, 0.878069]
[-0.344045, -0.343685] ; [0.878069, 0.880165]
[-0.336163, -0.335798] ; [0.880165, 0.882241]
[-0.328269, -0.327898] ; [0.882241, 0.884298]
[-0.32036, -0.319983] ; [0.884298, 0.886339]
[-0.312433, -0.312051] ; [0.886339, 0.888365]
[-0.304487, -0.3041] ; [0.888365, 0.890378]
[-0.29652, -0.296127] ; [0.890378, 0.892379]
[-0.288529, -0.288131] ; [0.892379, 0.89437]
[-0.280514, -0.280111] ; [0.89437, 0.896351]
[-0.272471, -0.272063] ; [0.896351, 0.898325]
[-0.2644, -0.263987] ; [0.898325, 0.900291]
[-0.256298, -0.25588] ; [0.900291, 0.902252]
[-0.248164, -0.247741] ; [0.902252, 0.904209]
[-0.239994, -0.239567] ; [0.904209, 0.906162]
[-0.231789, -0.231357] ; [0.906162, 0.908113]
[-0.223544, -0.223108] ; [0.908113, 0.910063]
[-0.21526, -0.214818] ; [0.910063, 0.912013]
[-0.206932, -0.206486] ; [0.912013, 0.913963]
[-0.19856, -0.19811] ; [0.913963, 0.915915]
[-0.190141, -0.189686] ; [0.915915, 0.917871]
[-0.181672, -0.181213] ; [0.917871, 0.91983]
[-0.173152, -0.172688] ; [0.91983, 0.921794]
[-0.164577, -0.164109] ; [0.921794, 0.923765]
[-0.155946, -0.155472] ; [0.923765, 0.925742]
[-0.147254, -0.146776] ; [0.925742, 0.927729]
[-0.1385, -0.138017] ; [0.927729, 0.929724]
[-0.12968, -0.129192] ; [0.929724, 0.931731]
[-0.120791, -0.120298] ; [0.931731, 0.933749]
[-0.111829, -0.111332] ; [0.933749, 0.935781]
[-0.102792, -0.10229] ; [0.935781, 0.937828]
[-0.0936766, -0.0931657] ; [0.937828, 0.939891]
[-0.0844773, -0.0839582] ; [0.939891, 0.941971]
[-0.0751905, -0.0746633] ; [0.941971, 0.94407]
[-0.0658117, -0.0652763] ; [0.94407, 0.94619]
[-0.056336, -0.0557926] ; [0.94619, 0.948333]
[-0.0467665, -0.0462151] ; [0.948333, 0.950498]
[-0.0370979, -0.0365386] ; [0.950498, 0.952688]
[-0.0273252, -0.026758] ; [0.952688, 0.954904]
[-0.0174428, -0.0168678] ; [0.954904, 0.957148]
[-0.00744493, -0.00686229] ; [0.957148, 0.959423]
[0.00267385, 0.00326522] ; [0.959423, 0.961732]
[0.0129207, 0.0135208] ; [0.961732, 0.964076]
[0.023275, 0.0238839] ; [0.964076, 0.966452]
[0.0336476, 0.0342653] ; [0.966452, 0.968842]
[0.043823, 0.0444493] ; [0.968842, 0.971195]
[0.0537755, 0.0544101] ; [0.971195, 0.973507]
[0.0635353, 0.0641778] ; [0.973507, 0.975784]
[0.0731146, 0.0737647] ; [0.975784, 0.97803]
[0.0825273, 0.0831847] ; [0.97803, 0.980249]
[0.0917845, 0.0924495] ; [0.980249, 0.982443]
[0.100896, 0.101569] ; [0.982443, 0.984615]
[0.109872, 0.110552] ; [0.984615, 0.986767]
[0.118719, 0.119407] ; [0.986767, 0.988902]
[0.127445, 0.128139] ; [0.988902, 0.991021]
[0.136055, 0.136756] ; [0.991021, 0.993127]
[0.144555, 0.145263] ; [0.993127, 0.99522]
[0.15295, 0.153665] ; [0.99522, 0.997303]
[0.161244, 0.161966] ; [0.997303, 0.999377]
[0.169441, 0.17017] ; [0.999377, 1.00144]
[0.177542, 0.178277] ; [1.00144, 1.0035]
[0.185546, 0.186288] ; [1.0035, 1.00555]
[0.193457, 0.194205] ; [1.00555, 1.0076]
[0.201277, 0.202031] ; [1.0076, 1.00964]
[0.209005, 0.209772] ; [1.00964, 1.01167]
[0.216646, 0.217426] ; [1.01167, 1.01371]
[0.224202, 0.224994] ; [1.01371, 1.01574]
[0.231673, 0.232478] ; [1.01574, 1.01777]
[0.239061, 0.239879] ; [1.01777, 1.0198]
[0.246367, 0.247198] ; [1.0198, 1.02182]
[0.253592, 0.254437] ; [1.02182, 1.02385]
[0.260737, 0.261595] ; [1.02385, 1.02588]
[0.267802, 0.268674] ; [1.02588, 1.02791]
[0.274788, 0.275674] ; [1.02791, 1.02995]
[0.281696, 0.282595] ; [1.02995, 1.03199]
[0.288524, 0.289438] ; [1.03199, 1.03403]
[0.295274, 0.296202] ; [1.03403, 1.03607]
[0.301945, 0.302888] ; [1.03607, 1.03813]
[0.308537, 0.309495] ; [1.03813, 1.04019]
[0.315051, 0.316022] ; [1.04019, 1.04225]
[0.321484, 0.322471] ; [1.04225, 1.04432]
[0.327837, 0.328839] ; [1.04432, 1.0464]
[0.33411, 0.335127] ; [1.0464, 1.04849]
[0.340301, 0.341334] ; [1.04849, 1.05059]
[0.34641, 0.347458] ; [1.05059, 1.0527]
[0.352435, 0.3535] ; [1.0527, 1.05482]
[0.358377, 0.359457] ; [1.05482, 1.05695]
[0.364233, 0.365329] ; [1.05695, 1.05909]
[0.370002, 0.371114] ; [1.05909, 1.06125]
[0.375683, 0.376812] ; [1.06125, 1.06342]
[0.381275, 0.382421] ; [1.06342, 1.0656]
[0.386772, 0.387935] ; [1.0656, 1.0678]
[0.39207, 0.393249] ; [1.0678, 1.06997]
[0.397178, 0.398374] ; [1.06997, 1.07212]
[0.4021, 0.403312] ; [1.07212, 1.07425]
[0.406839, 0.408069] ; [1.07425, 1.07635]
[0.411401, 0.412647] ; [1.07635, 1.07842]
[0.415789, 0.417051] ; [1.07842, 1.08047]
[0.420007, 0.421285] ; [1.08047, 1.0825]
[0.424059, 0.425353] ; [1.0825, 1.08451]
[0.42795, 0.42926] ; [1.08451, 1.08649]
[0.431693, 0.433019] ; [1.08649, 1.08846]
[0.435305, 0.436647] ; [1.08846, 1.09042]
[0.438788, 0.440146] ; [1.09042, 1.09237]
[0.442142, 0.443517] ; [1.09237, 1.09431]
[0.445371, 0.446761] ; [1.09431, 1.09624]
[0.448474, 0.44988] ; [1.09624, 1.09817]
[0.451453, 0.452874] ; [1.09817, 1.10009]
[0.454309, 0.455745] ; [1.10009, 1.10201]
[0.457044, 0.458494] ; [1.10201, 1.10391]
[0.459658, 0.461122] ; [1.10391, 1.10582]
[0.462153, 0.463631] ; [1.10582, 1.10771]
[0.46453, 0.466021] ; [1.10771, 1.1096]
[0.466789, 0.468292] ; [1.1096, 1.11149]
[0.468931, 0.470447] ; [1.11149, 1.11337]
[0.470958, 0.472486] ; [1.11337, 1.11524]
[0.472868, 0.474408] ; [1.11524, 1.11711]
[0.474664, 0.476215] ; [1.11711, 1.11898]
[0.476346, 0.477907] ; [1.11898, 1.12084]
[0.477915, 0.479486] ; [1.12084, 1.1227]
[0.479371, 0.480953] ; [1.1227, 1.12455]
[0.480716, 0.482308] ; [1.12455, 1.1264]
[0.481951, 0.483551] ; [1.1264, 1.12825]
[0.483075, 0.484684] ; [1.12825, 1.13009]
[0.484089, 0.485708] ; [1.13009, 1.13193]
[0.484995, 0.486621] ; [1.13193, 1.13376]
[0.485792, 0.487426] ; [1.13376, 1.1356]
[0.486481, 0.488123] ; [1.1356, 1.13743]
[0.487062, 0.488711] ; [1.13743, 1.13926]
[0.487536, 0.489192] ; [1.13926, 1.14109]
[0.487903, 0.489566] ; [1.14109, 1.14292]
[0.488163, 0.489832] ; [1.14292, 1.14475]
[0.488318, 0.489992] ; [1.14475, 1.14657]
[0.488366, 0.490046] ; [1.14657, 1.1484]
[0.488308, 0.489993] ; [1.1484, 1.15023]
[0.488144, 0.489834] ; [1.15023, 1.15205]
[0.487875, 0.489569] ; [1.15205, 1.15388]
[0.4875, 0.489198] ; [1.15388, 1.1557]
[0.48702, 0.488722] ; [1.1557, 1.15753]
[0.486434, 0.48814] ; [1.15753, 1.15935]
[0.485744, 0.487453] ; [1.15935, 1.16118]
[0.484948, 0.48666] ; [1.16118, 1.16301]
[0.484048, 0.485762] ; [1.16301, 1.16484]
[0.483042, 0.484758] ; [1.16484, 1.16667]
[0.48193, 0.483648] ; [1.16667, 1.1685]
[0.480713, 0.482432] ; [1.1685, 1.17033]
[0.479391, 0.481111] ; [1.17033, 1.17217]
[0.477962, 0.479683] ; [1.17217, 1.17401]
[0.476428, 0.478149] ; [1.17401, 1.17585]
[0.474787, 0.476507] ; [1.17585, 1.17769]
[0.473039, 0.474759] ; [1.17769, 1.17954]
[0.471184, 0.472904] ; [1.17954, 1.18139]
[0.469222, 0.47094] ; [1.18139, 1.18325]
[0.467151, 0.468868] ; [1.18325, 1.18511]
[0.464972, 0.466687] ; [1.18511, 1.18697]
[0.462684, 0.464397] ; [1.18697, 1.18884]
[0.460286, 0.461997] ; [1.18884, 1.19071]
[0.457778, 0.459485] ; [1.19071, 1.19259]
[0.455159, 0.456863] ; [1.19259, 1.19448]
[0.452428, 0.454128] ; [1.19448, 1.19637]
[0.449584, 0.45128] ; [1.19637, 1.19827]
[0.446627, 0.448318] ; [1.19827, 1.20017]
[0.443555, 0.445241] ; [1.20017, 1.20208]
[0.440368, 0.442049] ; [1.20208, 1.204]
[0.437065, 0.43874] ; [1.204, 1.20593]
[0.433646, 0.435315] ; [1.20593, 1.20786]
[0.430109, 0.431771] ; [1.20786, 1.20981]
[0.426453, 0.428108] ; [1.20981, 1.21176]
[0.422676, 0.424325] ; [1.21176, 1.21372]
[0.418779, 0.420419] ; [1.21372, 1.21569]
[0.414758, 0.416391] ; [1.21569, 1.21767]
[0.410613, 0.412237] ; [1.21767, 1.21966]
[0.406342, 0.407957] ; [1.21966, 1.22166]
[0.401943, 0.403549] ; [1.22166, 1.22368]
[0.397415, 0.399011] ; [1.22368, 1.2257]
[0.392745, 0.394331] ; [1.2257, 1.22775]
[0.387919, 0.389493] ; [1.22775, 1.22981]
[0.382932, 0.384495] ; [1.22981, 1.2319]
[0.377781, 0.379332] ; [1.2319, 1.23402]
[0.372462, 0.374001] ; [1.23402, 1.23616]
[0.366972, 0.368497] ; [1.23616, 1.23832]
[0.361305, 0.362817] ; [1.23832, 1.24052]
[0.355458, 0.356955] ; [1.24052, 1.24274]
[0.349426, 0.350909] ; [1.24274, 1.24499]
[0.343205, 0.344672] ; [1.24499, 1.24726]
[0.33679, 0.338241] ; [1.24726, 1.24957]
[0.330176, 0.331611] ; [1.24957, 1.25191]
[0.323359, 0.324776] ; [1.25191, 1.25429]
[0.316334, 0.317733] ; [1.25429, 1.25669]
[0.309096, 0.310476] ; [1.25669, 1.25913]
[0.301641, 0.303001] ; [1.25913, 1.26161]
[0.293963, 0.295303] ; [1.26161, 1.26412]
[0.28606, 0.287378] ; [1.26412, 1.26667]
[0.277926, 0.279222] ; [1.26667, 1.26926]
[0.269558, 0.270831] ; [1.26926, 1.27188]
[0.260953, 0.262203] ; [1.27188, 1.27455]
[0.252155, 0.253381] ; [1.27455, 1.27724]
[0.243339, 0.24454] ; [1.27724, 1.27991]
[0.234475, 0.235651] ; [1.27991, 1.28256]
[0.225566, 0.226717] ; [1.28256, 1.2852]
[0.216611, 0.217736] ; [1.2852, 1.28782]
[0.207608, 0.208708] ; [1.28782, 1.29044]
[0.198534, 0.199654] ; [1.29044, 1.29304]
[0.189406, 0.190551] ; [1.29304, 1.29564]
[0.180231, 0.181403] ; [1.29564, 1.29824]
[0.171008, 0.172205] ; [1.29824, 1.30083]
[0.161736, 0.162958] ; [1.30083, 1.30342]
[0.152414, 0.153661] ; [1.30342, 1.30601]
[0.143041, 0.144312] ; [1.30601, 1.30859]
[0.133616, 0.134912] ; [1.30859, 1.31118]
[0.124138, 0.125458] ; [1.31118, 1.31378]
[0.11461, 0.115953] ; [1.31378, 1.31638]
[0.105032, 0.106398] ; [1.31638, 1.31898]
[0.0954048, 0.0967934] ; [1.31898, 1.32159]
[0.0857274, 0.0871383] ; [1.32159, 1.3242]
[0.076, 0.0774326] ; [1.3242, 1.32683]
[0.0662224, 0.0676766] ; [1.32683, 1.32946]
[0.0563951, 0.0578704] ; [1.32946, 1.3321]
[0.0465183, 0.0480144] ; [1.3321, 1.33476]
[0.0365929, 0.0381094] ; [1.33476, 1.33743]
[0.0266201, 0.0281566] ; [1.33743, 1.34011]
[0.0166047, 0.0181665] ; [1.34011, 1.34281]
[0.00654965, 0.00813625] ; [1.34281, 1.34552]
[-0.00354178, -0.00193096] ; [1.34552, 1.34825]
[-0.013668, -0.0120335] ; [1.34825, 1.35099]
[-0.0237013, -0.022044] ; [1.35099, 1.35372]
[-0.0336054, -0.0319263] ; [1.35372, 1.35642]
[-0.0433965, -0.0416953] ; [1.35642, 1.3591]
[-0.0530754, -0.051353] ; [1.3591, 1.36176]
[-0.0626465, -0.0609036] ; [1.36176, 1.3644]
[-0.0721132, -0.0703505] ; [1.3644, 1.36703]
[-0.0814786, -0.079697] ; [1.36703, 1.36965]
[-0.0907458, -0.0889458] ; [1.36965, 1.37225]
[-0.0999174, -0.0980993] ; [1.37225, 1.37485]
[-0.108996, -0.10716] ; [1.37485, 1.37743]
[-0.117983, -0.11613] ; [1.37743, 1.38001]
[-0.126858, -0.124989] ; [1.38001, 1.38258]
[-0.135603, -0.133719] ; [1.38258, 1.38513]
[-0.144218, -0.142318] ; [1.38513, 1.38767]
[-0.1527, -0.150786] ; [1.38767, 1.39019]
[-0.161046, -0.159118] ; [1.39019, 1.3927]
[-0.169255, -0.167313] ; [1.3927, 1.39518]
[-0.177323, -0.175369] ; [1.39518, 1.39766]
[-0.185251, -0.183284] ; [1.39766, 1.40011]
[-0.193035, -0.191056] ; [1.40011, 1.40255]
[-0.200677, -0.198682] ; [1.40255, 1.40497]
[-0.208173, -0.206162] ; [1.40497, 1.40738]
[-0.215521, -0.213496] ; [1.40738, 1.40976]
[-0.222721, -0.220682] ; [1.40976, 1.41213]
[-0.229773, -0.22772] ; [1.41213, 1.41448]
[-0.236675, -0.234609] ; [1.41448, 1.41682]
[-0.243428, -0.241349] ; [1.41682, 1.41914]
[-0.250031, -0.24794] ; [1.41914, 1.42143]
[-0.256485, -0.254383] ; [1.42143, 1.42372]
[-0.26279, -0.260676] ; [1.42372, 1.42598]
[-0.268947, -0.266822] ; [1.42598, 1.42822]
[-0.274955, -0.27282] ; [1.42822, 1.43045]
[-0.280817, -0.278672] ; [1.43045, 1.43266]
[-0.286531, -0.284377] ; [1.43266, 1.43485]
[-0.292101, -0.289938] ; [1.43485, 1.43703]
[-0.297549, -0.295378] ; [1.43703, 1.43919]
[-0.302877, -0.300697] ; [1.43919, 1.44135]
[-0.308085, -0.305896] ; [1.44135, 1.4435]
[-0.313173, -0.310974] ; [1.4435, 1.44564]
[-0.318141, -0.315932] ; [1.44564, 1.44777]
[-0.322989, -0.320771] ; [1.44777, 1.4499]
[-0.327717, -0.32549] ; [1.4499, 1.45202]
[-0.332326, -0.330091] ; [1.45202, 1.45413]
[-0.336815, -0.334572] ; [1.45413, 1.45624]
[-0.341186, -0.338935] ; [1.45624, 1.45834]
[-0.345438, -0.34318] ; [1.45834, 1.46043]
[-0.349572, -0.347307] ; [1.46043, 1.46251]
[-0.353588, -0.351317] ; [1.46251, 1.46459]
[-0.357487, -0.35521] ; [1.46459, 1.46667]
[-0.361269, -0.358986] ; [1.46667, 1.46873]
[-0.364944, -0.362636] ; [1.46873, 1.4708]
[-0.368502, -0.36617] ; [1.4708, 1.47285]
[-0.371945, -0.369588] ; [1.47285, 1.4749]
[-0.375273, -0.37289] ; [1.4749, 1.47695]
[-0.378486, -0.376078] ; [1.47695, 1.47899]
[-0.381584, -0.37915] ; [1.47899, 1.48103]
[-0.384567, -0.382108] ; [1.48103, 1.48306]
[-0.387436, -0.384953] ; [1.48306, 1.48509]
[-0.390191, -0.387684] ; [1.48509, 1.48711]
[-0.392832, -0.390302] ; [1.48711, 1.48913]
[-0.39536, -0.392808] ; [1.48913, 1.49114]
[-0.397776, -0.395202] ; [1.49114, 1.49316]
[-0.400079, -0.397484] ; [1.49316, 1.49516]
[-0.40227, -0.399654] ; [1.49516, 1.49717]
[-0.404349, -0.401714] ; [1.49717, 1.49917]
[-0.406316, -0.403662] ; [1.49917, 1.50117]
[-0.408173, -0.405501] ; [1.50117, 1.50317]
[-0.409918, -0.407228] ; [1.50317, 1.50516]
[-0.411553, -0.408846] ; [1.50516, 1.50716]
[-0.413077, -0.410354] ; [1.50716, 1.50915]
[-0.414491, -0.411753] ; [1.50915, 1.51114]
[-0.415795, -0.413042] ; [1.51114, 1.51313]
[-0.416989, -0.414221] ; [1.51313, 1.51511]
[-0.418073, -0.415292] ; [1.51511, 1.5171]
[-0.419048, -0.416254] ; [1.5171, 1.51909]
[-0.419912, -0.417106] ; [1.51909, 1.52107]
[-0.420668, -0.41785] ; [1.52107, 1.52306]
[-0.421314, -0.418485] ; [1.52306, 1.52504]
[-0.42185, -0.419012] ; [1.52504, 1.52703]
[-0.422277, -0.419429] ; [1.52703, 1.52901]
[-0.422594, -0.419738] ; [1.52901, 1.531]
[-0.422802, -0.419938] ; [1.531, 1.53299]
[-0.4229, -0.420029] ; [1.53299, 1.53498]
[-0.422889, -0.42001] ; [1.53498, 1.53697]
[-0.422767, -0.419883] ; [1.53697, 1.53896]
[-0.422536, -0.419646] ; [1.53896, 1.54096]
[-0.422194, -0.419299] ; [1.54096, 1.54295]
[-0.421741, -0.418843] ; [1.54295, 1.54495]
[-0.421178, -0.418277] ; [1.54495, 1.54695]
[-0.420504, -0.4176] ; [1.54695, 1.54896]
[-0.419719, -0.416814] ; [1.54896, 1.55096]
[-0.418823, -0.415916] ; [1.55096, 1.55297]
[-0.417814, -0.414907] ; [1.55297, 1.55499]
[-0.416692, -0.413786] ; [1.55499, 1.55701]
[-0.415458, -0.412552] ; [1.55701, 1.55903]
[-0.41411, -0.411206] ; [1.55903, 1.56106]
[-0.412648, -0.409747] ; [1.56106, 1.5631]
[-0.411071, -0.408173] ; [1.5631, 1.56514]
[-0.409378, -0.406484] ; [1.56514, 1.56718]
[-0.407569, -0.404679] ; [1.56718, 1.56924]
[-0.405641, -0.402757] ; [1.56924, 1.5713]
[-0.403596, -0.400718] ; [1.5713, 1.57337]
[-0.40143, -0.398559] ; [1.57337, 1.57544]
[-0.399143, -0.39628] ; [1.57544, 1.57753]
[-0.396734, -0.393879] ; [1.57753, 1.57962]
[-0.394201, -0.391355] ; [1.57962, 1.58173]
[-0.391543, -0.388707] ; [1.58173, 1.58385]
[-0.388757, -0.385932] ; [1.58385, 1.58597]
[-0.385843, -0.383029] ; [1.58597, 1.58811]
[-0.382798, -0.379995] ; [1.58811, 1.59027]
[-0.37962, -0.376829] ; [1.59027, 1.59243]
[-0.376307, -0.373528] ; [1.59243, 1.59462]
[-0.372855, -0.370089] ; [1.59462, 1.59681]
[-0.369262, -0.366509] ; [1.59681, 1.59903]
[-0.365524, -0.362785] ; [1.59903, 1.60126]
[-0.361638, -0.358914] ; [1.60126, 1.60351]
[-0.357603, -0.354895] ; [1.60351, 1.60578]
[-0.353418, -0.350725] ; [1.60578, 1.60807]
[-0.349078, -0.346402] ; [1.60807, 1.61038]
[-0.344581, -0.341923] ; [1.61038, 1.61271]
[-0.339923, -0.337282] ; [1.61271, 1.61506]
[-0.335098, -0.332477] ; [1.61506, 1.61744]
[-0.330105, -0.327503] ; [1.61744, 1.61984]
[-0.324938, -0.322356] ; [1.61984, 1.62227]
[-0.319593, -0.317032] ; [1.62227, 1.62473]
[-0.314064, -0.311524] ; [1.62473, 1.62721]
[-0.308348, -0.30583] ; [1.62721, 1.62973]
[-0.302522, -0.300027] ; [1.62973, 1.63224]
[-0.296679, -0.294206] ; [1.63224, 1.63471]
[-0.29081, -0.28836] ; [1.63471, 1.63714]
[-0.284919, -0.282487] ; [1.63714, 1.63955]
[-0.279002, -0.27659] ; [1.63955, 1.64192]
[-0.273063, -0.270669] ; [1.64192, 1.64427]
[-0.267099, -0.264724] ; [1.64427, 1.64659]
[-0.261153, -0.258713] ; [1.64659, 1.64889]
[-0.255181, -0.25268] ; [1.64889, 1.65117]
[-0.24919, -0.246628] ; [1.65117, 1.65343]
[-0.243178, -0.240557] ; [1.65343, 1.65567]
[-0.237149, -0.234461] ; [1.65567, 1.65788]
[-0.231098, -0.228344] ; [1.65788, 1.66009]
[-0.225024, -0.222207] ; [1.66009, 1.66228]
[-0.218928, -0.216048] ; [1.66228, 1.66445]
[-0.212808, -0.209867] ; [1.66445, 1.66662]
[-0.206664, -0.203663] ; [1.66662, 1.66877]
[-0.200495, -0.197436] ; [1.66877, 1.67091]
[-0.194301, -0.191184] ; [1.67091, 1.67305]
[-0.188081, -0.184908] ; [1.67305, 1.67518]
[-0.181834, -0.178607] ; [1.67518, 1.6773]
[-0.175561, -0.172281] ; [1.6773, 1.67941]
[-0.169261, -0.165928] ; [1.67941, 1.68152]
[-0.162934, -0.15955] ; [1.68152, 1.68363]
[-0.156579, -0.153145] ; [1.68363, 1.68574]
[-0.150195, -0.146713] ; [1.68574, 1.68784]
[-0.143783, -0.140253] ; [1.68784, 1.68994]
[-0.137347, -0.133771] ; [1.68994, 1.69204]
[-0.130886, -0.127265] ; [1.69204, 1.69414]
[-0.1244, -0.120735] ; [1.69414, 1.69624]
[-0.117892, -0.114177] ; [1.69624, 1.69834]
[-0.111357, -0.107595] ; [1.69834, 1.70044]
[-0.104797, -0.100988] ; [1.70044, 1.70255]
[-0.0982105, -0.0943549] ; [1.70255, 1.70465]
[-0.0915976, -0.0876964] ; [1.70465, 1.70676]
[-0.0849577, -0.0810119] ; [1.70676, 1.70888]
[-0.0782905, -0.074301] ; [1.70888, 1.711]
[-0.0715957, -0.0675633] ; [1.711, 1.71312]
[-0.0648729, -0.0607984] ; [1.71312, 1.71526]
[-0.0581218, -0.0540061] ; [1.71526, 1.7174]
[-0.051342, -0.047186] ; [1.7174, 1.71954]
[-0.0445335, -0.040338] ; [1.71954, 1.7217]
[-0.037696, -0.0334617] ; [1.7217, 1.72387]
[-0.0308332, -0.0265612] ; [1.72387, 1.72604]
[-0.0239449, -0.0196359] ; [1.72604, 1.72823]
[-0.0170312, -0.0126862] ; [1.72823, 1.73043]
[-0.010092, -0.00571184] ; [1.73043, 1.73263]
[-0.00312711, 0.0012873] ; [1.73263, 1.73485]
[0.0038635, 0.00831129] ; [1.73485, 1.73709]
[0.0108794, 0.0153597] ; [1.73709, 1.73933]
[0.0179197, 0.0224316] ; [1.73933, 1.7416]
[0.0249845, 0.0295271] ; [1.7416, 1.74387]
[0.0320734, 0.0366457] ; [1.74387, 1.74617]
[0.0391762, 0.0437773] ; [1.74617, 1.74847]
[0.0461778, 0.0508064] ; [1.74847, 1.75076]
[0.0531039, 0.0577599] ; [1.75076, 1.75303]
[0.0599282, 0.0646599] ; [1.75303, 1.75528]
[0.0666794, 0.0714847] ; [1.75528, 1.75753]
[0.0733522, 0.0782289] ; [1.75753, 1.75976]
[0.0799502, 0.0848964] ; [1.75976, 1.76198]
[0.086476, 0.0914895] ; [1.76198, 1.76419]
[0.0929318, 0.0980107] ; [1.76419, 1.76639]
[0.0993198, 0.104462] ; [1.76639, 1.76858]
[0.105642, 0.110846] ; [1.76858, 1.77077]
[0.1119, 0.117164] ; [1.77077, 1.77295]
[0.118095, 0.123417] ; [1.77295, 1.77513]
[0.124229, 0.129607] ; [1.77513, 1.7773]
[0.130303, 0.135735] ; [1.7773, 1.77947]
[0.136318, 0.141803] ; [1.77947, 1.78164]
[0.142276, 0.147811] ; [1.78164, 1.78381]
[0.148176, 0.15376] ; [1.78381, 1.78598]
[0.154019, 0.159651] ; [1.78598, 1.78815]
[0.159805, 0.165482] ; [1.78815, 1.79032]
[0.165528, 0.171249] ; [1.79032, 1.79249]
[0.171189, 0.176953] ; [1.79249, 1.79466]
[0.176791, 0.182594] ; [1.79466, 1.79684]
[0.182331, 0.188173] ; [1.79684, 1.79902]
[0.187811, 0.19369] ; [1.79902, 1.8012]
[0.193231, 0.199145] ; [1.8012, 1.80338]
[0.198591, 0.204538] ; [1.80338, 1.80558]
[0.20389, 0.209869] ; [1.80558, 1.80778]
[0.209129, 0.215137] ; [1.80778, 1.80998]
[0.214306, 0.220343] ; [1.80998, 1.81219]
[0.219422, 0.225485] ; [1.81219, 1.81442]
[0.224476, 0.230564] ; [1.81442, 1.81665]
[0.229467, 0.235577] ; [1.81665, 1.81889]
[0.234395, 0.240526] ; [1.81889, 1.82114]
[0.239259, 0.245409] ; [1.82114, 1.82341]
[0.244057, 0.250224] ; [1.82341, 1.82569]
[0.248787, 0.25497] ; [1.82569, 1.82798]
[0.253412, 0.259607] ; [1.82798, 1.83027]
[0.257932, 0.264138] ; [1.83027, 1.83255]
[0.262345, 0.268561] ; [1.83255, 1.83483]
[0.266653, 0.272876] ; [1.83483, 1.83711]
[0.270853, 0.277081] ; [1.83711, 1.83939]
[0.274945, 0.281177] ; [1.83939, 1.84166]
[0.278929, 0.285162] ; [1.84166, 1.84392]
[0.282803, 0.289036] ; [1.84392, 1.84619]
[0.286568, 0.292798] ; [1.84619, 1.84845]
[0.290223, 0.296448] ; [1.84845, 1.85071]
[0.293767, 0.299986] ; [1.85071, 1.85296]
[0.2972, 0.303412] ; [1.85296, 1.85522]
[0.300522, 0.306724] ; [1.85522, 1.85746]
[0.303733, 0.309923] ; [1.85746, 1.85971]
[0.306832, 0.313009] ; [1.85971, 1.86195]
[0.309819, 0.31598] ; [1.86195, 1.8642]
[0.312694, 0.318838] ; [1.8642, 1.86643]
[0.315456, 0.321582] ; [1.86643, 1.86867]
[0.318106, 0.324211] ; [1.86867, 1.87091]
[0.320643, 0.326726] ; [1.87091, 1.87314]
[0.323067, 0.329126] ; [1.87314, 1.87537]
[0.325379, 0.331412] ; [1.87537, 1.8776]
[0.327577, 0.333583] ; [1.8776, 1.87982]
[0.329662, 0.33564] ; [1.87982, 1.88205]
[0.331634, 0.337581] ; [1.88205, 1.88428]
[0.333493, 0.339408] ; [1.88428, 1.8865]
[0.335239, 0.34112] ; [1.8865, 1.88872]
[0.336871, 0.342716] ; [1.88872, 1.89094]
[0.338389, 0.344198] ; [1.89094, 1.89317]
[0.339794, 0.345564] ; [1.89317, 1.89539]
[0.341085, 0.346815] ; [1.89539, 1.89761]
[0.342263, 0.347951] ; [1.89761, 1.89983]
[0.343326, 0.348971] ; [1.89983, 1.90206]
[0.344276, 0.349876] ; [1.90206, 1.90428]
[0.345111, 0.350665] ; [1.90428, 1.9065]
[0.345832, 0.351338] ; [1.9065, 1.90873]
[0.346437, 0.351895] ; [1.90873, 1.91095]
[0.346928, 0.352336] ; [1.91095, 1.91318]
[0.347305, 0.352661] ; [1.91318, 1.91541]
[0.347566, 0.35287] ; [1.91541, 1.91763]
[0.347713, 0.352964] ; [1.91763, 1.91986]
[0.347745, 0.352941] ; [1.91986, 1.92209]
[0.347662, 0.352802] ; [1.92209, 1.92432]
[0.347464, 0.352547] ; [1.92432, 1.92655]
[0.347074, 0.352253] ; [1.92655, 1.92878]
[0.34657, 0.351844] ; [1.92878, 1.93102]
[0.345953, 0.351319] ; [1.93102, 1.93325]
[0.345222, 0.350679] ; [1.93325, 1.93548]
[0.344379, 0.349924] ; [1.93548, 1.93772]
[0.343423, 0.349054] ; [1.93772, 1.93995]
[0.342354, 0.34807] ; [1.93995, 1.94218]
[0.341173, 0.346972] ; [1.94218, 1.94442]
[0.339878, 0.345761] ; [1.94442, 1.94666]
[0.338472, 0.344435] ; [1.94666, 1.9489]
[0.336953, 0.342996] ; [1.9489, 1.95114]
[0.335323, 0.341443] ; [1.95114, 1.95338]
[0.33358, 0.339776] ; [1.95338, 1.95563]
[0.331725, 0.337995] ; [1.95563, 1.95788]
[0.329759, 0.3361] ; [1.95788, 1.96014]
[0.32768, 0.334091] ; [1.96014, 1.9624]
[0.325489, 0.331967] ; [1.9624, 1.96466]
[0.323185, 0.329729] ; [1.96466, 1.96693]
[0.320769, 0.327376] ; [1.96693, 1.96921]
[0.31824, 0.324909] ; [1.96921, 1.97149]
[0.315598, 0.322326] ; [1.97149, 1.97377]
[0.312843, 0.319628] ; [1.97377, 1.97607]
[0.309974, 0.316815] ; [1.97607, 1.97837]
[0.306993, 0.313887] ; [1.97837, 1.98067]
[0.3039, 0.310845] ; [1.98067, 1.98298]
[0.300694, 0.307688] ; [1.98298, 1.9853]
[0.297376, 0.304416] ; [1.9853, 1.98763]
[0.293945, 0.301029] ; [1.98763, 1.98996]
[0.290401, 0.297528] ; [1.98996, 1.9923]
[0.286745, 0.293911] ; [1.9923, 1.99465]
[0.282975, 0.290179] ; [1.99465, 1.99701]
[0.279093, 0.286331] ; [1.99701, 1.99938]
[0.275097, 0.282369] ; [1.99938, 2.00175]
[0.270987, 0.278292] ; [2.00175, 2.00414]
[0.266764, 0.274099] ; [2.00414, 2.00653]
[0.262428, 0.269792] ; [2.00653, 2.00893]
[0.257978, 0.265369] ; [2.00893, 2.01135]
[0.253415, 0.260832] ; [2.01135, 2.01378]
[0.248722, 0.256197] ; [2.01378, 2.01621]
[0.243918, 0.251447] ; [2.01621, 2.01866]
[0.239002, 0.246583] ; [2.01866, 2.02112]
[0.233976, 0.241607] ; [2.02112, 2.02359]
[0.228841, 0.236519] ; [2.02359, 2.02607]
[0.223597, 0.231319] ; [2.02607, 2.02856]
[0.218245, 0.226009] ; [2.02856, 2.03106]
[0.212786, 0.220588] ; [2.03106, 2.03358]
[0.20722, 0.215058] ; [2.03358, 2.03611]
[0.201542, 0.209427] ; [2.03611, 2.03865]
[0.19576, 0.203688] ; [2.03865, 2.0412]
[0.189876, 0.197845] ; [2.0412, 2.04376]
[0.183891, 0.191897] ; [2.04376, 2.04634]
[0.177806, 0.185847] ; [2.04634, 2.04893]
[0.171624, 0.179696] ; [2.04893, 2.05153]
[0.165348, 0.173459] ; [2.05153, 2.05414]
[0.159051, 0.167196] ; [2.05414, 2.05674]
[0.152726, 0.160902] ; [2.05674, 2.05932]
[0.146376, 0.154579] ; [2.05932, 2.06189]
[0.139997, 0.148231] ; [2.06189, 2.06445]
[0.133596, 0.141857] ; [2.06445, 2.06699]
[0.127172, 0.135457] ; [2.06699, 2.06953]
[0.120725, 0.129036] ; [2.06953, 2.07206]
[0.114258, 0.122592] ; [2.07206, 2.07459]
[0.107771, 0.116127] ; [2.07459, 2.07711]
[0.101266, 0.109642] ; [2.07711, 2.07962]
[0.0947437, 0.103138] ; [2.07962, 2.08212]
[0.0882044, 0.096617] ; [2.08212, 2.08462]
[0.0816503, 0.0900788] ; [2.08462, 2.08712]
[0.0750815, 0.0835256] ; [2.08712, 2.08962]
[0.0685001, 0.0769576] ; [2.08962, 2.09211]
[0.0619062, 0.0703767] ; [2.09211, 2.0946]
[0.0553014, 0.0637836] ; [2.0946, 2.09709]
[0.0486868, 0.0571797] ; [2.09709, 2.09958]
[0.0420637, 0.050566] ; [2.09958, 2.10207]
[0.0354331, 0.043944] ; [2.10207, 2.10457]
[0.0287663, 0.0373451] ; [2.10457, 2.10706]
[0.0220949, 0.0307404] ; [2.10706, 2.10955]
[0.0154266, 0.0241368] ; [2.10955, 2.11205]
[0.00876452, 0.0175374] ; [2.11205, 2.11454]
[0.00210996, 0.0109433] ; [2.11454, 2.11704]
[-0.00453541, 0.00435644] ; [2.11704, 2.11954]
[-0.0111765, -0.00221521] ; [2.11954, 2.12204]
[-0.0178045, -0.00877516] ; [2.12204, 2.12454]
[-0.0244156, -0.0153196] ; [2.12454, 2.12704]
[-0.0310082, -0.0218469] ; [2.12704, 2.12954]
[-0.0375804, -0.0283553] ; [2.12954, 2.13205]
[-0.0441303, -0.0348427] ; [2.13205, 2.13455]
[-0.0506568, -0.0412988] ; [2.13455, 2.13706]
[-0.0572107, -0.047639] ; [2.13706, 2.13957]
[-0.0637223, -0.0539334] ; [2.13957, 2.14207]
[-0.0701756, -0.0601695] ; [2.14207, 2.14456]
[-0.0765711, -0.0663479] ; [2.14456, 2.14705]
[-0.0828871, -0.0724476] ; [2.14705, 2.14952]
[-0.0891232, -0.0784685] ; [2.14952, 2.15198]
[-0.0952795, -0.0844099] ; [2.15198, 2.15442]
[-0.101356, -0.0902716] ; [2.15442, 2.15685]
[-0.107351, -0.0960531] ; [2.15685, 2.15927]
[-0.113266, -0.101754] ; [2.15927, 2.16168]
[-0.119099, -0.107375] ; [2.16168, 2.16407]
[-0.124851, -0.112914] ; [2.16407, 2.16646]
[-0.130521, -0.118371] ; [2.16646, 2.16883]
[-0.136108, -0.123749] ; [2.16883, 2.17119]
[-0.14161, -0.129045] ; [2.17119, 2.17355]
[-0.147033, -0.134255] ; [2.17355, 2.17589]
[-0.152371, -0.139382] ; [2.17589, 2.17822]
[-0.157624, -0.144427] ; [2.17822, 2.18054]
[-0.162804, -0.149376] ; [2.18054, 2.18286]
[-0.167897, -0.154244] ; [2.18286, 2.18516]
[-0.172902, -0.15903] ; [2.18516, 2.18746]
[-0.177817, -0.163733] ; [2.18746, 2.18975]
[-0.182644, -0.168355] ; [2.18975, 2.19203]
[-0.187383, -0.172894] ; [2.19203, 2.1943]
[-0.192033, -0.17735] ; [2.1943, 2.19657]
[-0.196594, -0.181725] ; [2.19657, 2.19882]
[-0.201067, -0.186016] ; [2.19882, 2.20107]
[-0.205452, -0.190225] ; [2.20107, 2.20332]
[-0.209747, -0.194352] ; [2.20332, 2.20556]
[-0.213954, -0.198395] ; [2.20556, 2.20779]
[-0.218072, -0.202355] ; [2.20779, 2.21001]
[-0.222101, -0.206232] ; [2.21001, 2.21224]
[-0.226041, -0.210026] ; [2.21224, 2.21445]
[-0.229892, -0.213736] ; [2.21445, 2.21666]
[-0.233654, -0.217362] ; [2.21666, 2.21887]
[-0.237326, -0.220905] ; [2.21887, 2.22107]
[-0.240908, -0.224362] ; [2.22107, 2.22327]
[-0.2444, -0.227736] ; [2.22327, 2.22546]
[-0.247801, -0.231024] ; [2.22546, 2.22765]
[-0.251113, -0.234228] ; [2.22765, 2.22984]
[-0.254334, -0.237346] ; [2.22984, 2.23202]
[-0.257464, -0.24038] ; [2.23202, 2.2342]
[-0.260504, -0.243328] ; [2.2342, 2.23637]
[-0.263453, -0.246189] ; [2.23637, 2.23854]
[-0.26631, -0.248965] ; [2.23854, 2.24071]
[-0.269075, -0.251654] ; [2.24071, 2.24288]
[-0.27175, -0.254258] ; [2.24288, 2.24504]
[-0.274332, -0.256774] ; [2.24504, 2.24721]
[-0.276822, -0.259204] ; [2.24721, 2.24936]
[-0.279221, -0.261547] ; [2.24936, 2.25152]
[-0.281528, -0.263802] ; [2.25152, 2.25368]
[-0.283743, -0.265971] ; [2.25368, 2.25583]
[-0.285865, -0.268051] ; [2.25583, 2.25798]
[-0.287896, -0.270044] ; [2.25798, 2.26013]
[-0.289834, -0.271948] ; [2.26013, 2.26228]
[-0.291679, -0.273765] ; [2.26228, 2.26442]
[-0.293432, -0.275493] ; [2.26442, 2.26657]
[-0.295092, -0.277132] ; [2.26657, 2.26871]
[-0.296659, -0.278684] ; [2.26871, 2.27086]
[-0.298132, -0.280147] ; [2.27086, 2.273]
[-0.299513, -0.281522] ; [2.273, 2.27514]
[-0.300799, -0.282808] ; [2.27514, 2.27728]
[-0.301993, -0.284006] ; [2.27728, 2.27942]
[-0.303093, -0.285115] ; [2.27942, 2.28157]
[-0.304099, -0.286135] ; [2.28157, 2.28371]
[-0.305011, -0.287066] ; [2.28371, 2.28585]
[-0.305829, -0.287908] ; [2.28585, 2.28799]
[-0.306554, -0.288661] ; [2.28799, 2.29014]
[-0.307184, -0.289325] ; [2.29014, 2.29228]
[-0.30772, -0.289899] ; [2.29228, 2.29443]
[-0.308161, -0.290383] ; [2.29443, 2.29657]
[-0.308508, -0.290778] ; [2.29657, 2.29872]
[-0.30876, -0.291083] ; [2.29872, 2.30087]
[-0.308917, -0.291298] ; [2.30087, 2.30302]
[-0.30898, -0.291423] ; [2.30302, 2.30518]
[-0.308947, -0.291457] ; [2.30518, 2.30733]
[-0.308819, -0.291401] ; [2.30733, 2.30949]
[-0.308595, -0.291254] ; [2.30949, 2.31165]
[-0.308276, -0.291017] ; [2.31165, 2.31382]
[-0.307861, -0.290688] ; [2.31382, 2.31598]
[-0.307351, -0.290269] ; [2.31598, 2.31815]
[-0.306745, -0.289759] ; [2.31815, 2.32032]
[-0.306044, -0.289159] ; [2.32032, 2.32249]
[-0.305247, -0.288467] ; [2.32249, 2.32466]
[-0.304354, -0.287683] ; [2.32466, 2.32684]
[-0.303365, -0.286809] ; [2.32684, 2.32902]
[-0.30228, -0.285843] ; [2.32902, 2.33121]
[-0.301099, -0.284786] ; [2.33121, 2.3334]
[-0.299822, -0.283637] ; [2.3334, 2.33559]
[-0.298448, -0.282396] ; [2.33559, 2.33779]
[-0.296977, -0.281063] ; [2.33779, 2.33999]
[-0.295409, -0.279638] ; [2.33999, 2.3422]
[-0.293744, -0.278121] ; [2.3422, 2.34441]
[-0.291982, -0.27651] ; [2.34441, 2.34663]
[-0.290122, -0.274806] ; [2.34663, 2.34886]
[-0.288163, -0.273009] ; [2.34886, 2.35109]
[-0.286107, -0.271118] ; [2.35109, 2.35333]
[-0.283952, -0.269134] ; [2.35333, 2.35557]
[-0.2817, -0.267057] ; [2.35557, 2.35782]
[-0.279351, -0.264886] ; [2.35782, 2.36008]
[-0.276903, -0.262622] ; [2.36008, 2.36234]
[-0.274358, -0.260264] ; [2.36234, 2.36461]
[-0.271714, -0.257813] ; [2.36461, 2.36689]
[-0.268971, -0.255267] ; [2.36689, 2.36918]
[-0.266136, -0.252625] ; [2.36918, 2.37147]
[-0.263206, -0.249885] ; [2.37147, 2.37377]
[-0.260269, -0.246963] ; [2.37377, 2.37608]
[-0.257383, -0.243802] ; [2.37608, 2.37839]
[-0.254423, -0.240532] ; [2.37839, 2.38071]
[-0.251372, -0.237177] ; [2.38071, 2.38304]
[-0.248236, -0.233741] ; [2.38304, 2.38536]
[-0.245015, -0.230226] ; [2.38536, 2.38769]
[-0.241709, -0.226631] ; [2.38769, 2.39001]
[-0.238339, -0.22298] ; [2.39001, 2.39233]
[-0.234922, -0.219281] ; [2.39233, 2.39462]
[-0.231457, -0.215541] ; [2.39462, 2.3969]
[-0.227943, -0.211759] ; [2.3969, 2.39917]
[-0.224383, -0.207939] ; [2.39917, 2.40141]
[-0.22078, -0.204078] ; [2.40141, 2.40364]
[-0.217133, -0.200181] ; [2.40364, 2.40586]
[-0.213444, -0.196248] ; [2.40586, 2.40807]
[-0.209716, -0.19228] ; [2.40807, 2.41026]
[-0.205948, -0.18828] ; [2.41026, 2.41244]
[-0.202144, -0.184248] ; [2.41244, 2.41461]
[-0.198303, -0.180185] ; [2.41461, 2.41677]
[-0.194427, -0.176093] ; [2.41677, 2.41892]
[-0.190517, -0.171972] ; [2.41892, 2.42105]
[-0.186585, -0.167835] ; [2.42105, 2.42318]
[-0.182632, -0.163683] ; [2.42318, 2.42528]
[-0.178658, -0.159515] ; [2.42528, 2.42738]
[-0.174664, -0.155333] ; [2.42738, 2.42946]
[-0.170734, -0.151056] ; [2.42946, 2.43153]
[-0.166784, -0.146768] ; [2.43153, 2.43359]
[-0.16282, -0.142473] ; [2.43359, 2.43563]
[-0.158842, -0.138171] ; [2.43563, 2.43767]
[-0.154857, -0.133857] ; [2.43767, 2.43969]
[-0.15086, -0.129538] ; [2.43969, 2.4417]
[-0.146853, -0.125211] ; [2.4417, 2.4437]
[-0.142837, -0.120878] ; [2.4437, 2.44569]
[-0.138813, -0.11654] ; [2.44569, 2.44767]
[-0.13478, -0.112199] ; [2.44767, 2.44964]
[-0.130741, -0.107854] ; [2.44964, 2.4516]
[-0.126696, -0.103508] ; [2.4516, 2.45355]
[-0.122645, -0.0991606] ; [2.45355, 2.45549]
[-0.11859, -0.0948126] ; [2.45549, 2.45743]
[-0.114532, -0.0904646] ; [2.45743, 2.45935]
[-0.110496, -0.0860914] ; [2.45935, 2.46127]
[-0.106456, -0.0817211] ; [2.46127, 2.46318]
[-0.10242, -0.0773494] ; [2.46318, 2.46509]
[-0.0983859, -0.0729798] ; [2.46509, 2.46699]
[-0.0943535, -0.0686133] ; [2.46699, 2.46888]
[-0.0903239, -0.0642503] ; [2.46888, 2.47076]
[-0.0862977, -0.0598916] ; [2.47076, 2.47264]
[-0.0822755, -0.0555378] ; [2.47264, 2.47451]
[-0.0782579, -0.0511893] ; [2.47451, 2.47637]
[-0.0742455, -0.0468468] ; [2.47637, 2.47823]
[-0.0702352, -0.0425143] ; [2.47823, 2.48008]
[-0.0662296, -0.0381944] ; [2.48008, 2.48193]
[-0.0622283, -0.0338867] ; [2.48193, 2.48377]
[-0.0582318, -0.0295914] ; [2.48377, 2.4856]
[-0.0542401, -0.0253088] ; [2.4856, 2.48743]
[-0.0502536, -0.0210391] ; [2.48743, 2.48926]
[-0.0462728, -0.0167828] ; [2.48926, 2.49108]
[-0.042298, -0.01254] ; [2.49108, 2.4929]
[-0.0383295, -0.00831123] ; [2.4929, 2.49471]
[-0.034368, -0.00409693] ; [2.49471, 2.49652]
[-0.0304136, 0.000102747] ; [2.49652, 2.49833]
[-0.0264665, 0.00428763] ; [2.49833, 2.50013]
[-0.0225269, 0.00845755] ; [2.50013, 2.50193]
[-0.0185951, 0.0126123] ; [2.50193, 2.50373]
[-0.0146713, 0.0167517] ; [2.50373, 2.50552]
[-0.0107557, 0.0208755] ; [2.50552, 2.50732]
[-0.0068497, 0.0249825] ; [2.50732, 2.50911]
[-0.00295386, 0.029072] ; [2.50911, 2.51089]
[0.000931556, 0.0331437] ; [2.51089, 2.51268]
[0.0048063, 0.0371976] ; [2.51268, 2.51447]
[0.0086701, 0.0412333] ; [2.51447, 2.51625]
[0.0125227, 0.0452507] ; [2.51625, 2.51803]
[0.0163639, 0.0492495] ; [2.51803, 2.51982]
[0.0201933, 0.0532294] ; [2.51982, 2.5216]
[0.0240106, 0.0571902] ; [2.5216, 2.52338]
[0.0278157, 0.0611316] ; [2.52338, 2.52516]
[0.031604, 0.0650492] ; [2.52516, 2.52694]
[0.0353732, 0.0689403] ; [2.52694, 2.52871]
[0.0391232, 0.072805] ; [2.52871, 2.53049]
[0.0428539, 0.0766435] ; [2.53049, 2.53226]
[0.0465653, 0.0804555] ; [2.53226, 2.53403]
[0.0502572, 0.0842412] ; [2.53403, 2.5358]
[0.0539297, 0.0880003] ; [2.5358, 2.53757]
[0.0575825, 0.0917329] ; [2.53757, 2.53933]
[0.0612156, 0.0954387] ; [2.53933, 2.5411]
[0.0648288, 0.0991178] ; [2.5411, 2.54287]
[0.0684219, 0.10277] ; [2.54287, 2.54463]
[0.0719949, 0.106395] ; [2.54463, 2.5464]
[0.0755476, 0.109993] ; [2.5464, 2.54817]
[0.0790796, 0.113563] ; [2.54817, 2.54993]
[0.0825909, 0.117106] ; [2.54993, 2.5517]
[0.0860811, 0.120621] ; [2.5517, 2.55347]
[0.0895502, 0.124108] ; [2.55347, 2.55525]
[0.0929977, 0.127567] ; [2.55525, 2.55702]
[0.0964236, 0.130997] ; [2.55702, 2.5588]
[0.0998274, 0.134398] ; [2.5588, 2.56058]
[0.103209, 0.13777] ; [2.56058, 2.56236]
[0.106568, 0.141113] ; [2.56236, 2.56414]
[0.109904, 0.144426] ; [2.56414, 2.56593]
[0.113216, 0.147708] ; [2.56593, 2.56772]
[0.116504, 0.150959] ; [2.56772, 2.56951]
[0.119768, 0.15418] ; [2.56951, 2.57131]
[0.122993, 0.157382] ; [2.57131, 2.57311]
[0.126193, 0.160553] ; [2.57311, 2.57492]
[0.129367, 0.163691] ; [2.57492, 2.57673]
[0.132514, 0.166794] ; [2.57673, 2.57855]
[0.135634, 0.169863] ; [2.57855, 2.58037]
[0.138718, 0.172901] ; [2.58037, 2.58219]
[0.141772, 0.175901] ; [2.58219, 2.58402]
[0.144793, 0.178866] ; [2.58402, 2.58585]
[0.147781, 0.181794] ; [2.58585, 2.58768]
[0.150737, 0.184684] ; [2.58768, 2.58952]
[0.153658, 0.187535] ; [2.58952, 2.59137]
[0.156546, 0.190348] ; [2.59137, 2.59322]
[0.159399, 0.193121] ; [2.59322, 2.59507]
[0.162216, 0.195854] ; [2.59507, 2.59693]
[0.164997, 0.198547] ; [2.59693, 2.59879]
[0.167742, 0.201198] ; [2.59879, 2.60067]
[0.170449, 0.203807] ; [2.60067, 2.60254]
[0.17312, 0.206372] ; [2.60254, 2.60442]
[0.175749, 0.208896] ; [2.60442, 2.60631]
[0.178337, 0.211378] ; [2.60631, 2.60821]
[0.180884, 0.213815] ; [2.60821, 2.61011]
[0.183389, 0.216207] ; [2.61011, 2.61202]
[0.18585, 0.218553] ; [2.61202, 2.61394]
[0.188268, 0.220853] ; [2.61394, 2.61586]
[0.190642, 0.223105] ; [2.61586, 2.61779]
[0.19297, 0.225309] ; [2.61779, 2.61973]
[0.195251, 0.227463] ; [2.61973, 2.62167]
[0.197484, 0.229568] ; [2.62167, 2.62363]
[0.19967, 0.231622] ; [2.62363, 2.62559]
[0.201805, 0.233623] ; [2.62559, 2.62756]
[0.20389, 0.235572] ; [2.62756, 2.62953]
[0.205922, 0.237468] ; [2.62953, 2.63152]
[0.2079, 0.239311] ; [2.63152, 2.63352]
[0.209823, 0.241098] ; [2.63352, 2.63552]
[0.211689, 0.24283] ; [2.63552, 2.63753]
[0.213215, 0.244788] ; [2.63753, 2.63955]
[0.214678, 0.24669] ; [2.63955, 2.64159]
[0.216082, 0.248524] ; [2.64159, 2.64362]
[0.217425, 0.250289] ; [2.64362, 2.64565]
[0.218708, 0.251983] ; [2.64565, 2.64769]
[0.219929, 0.253607] ; [2.64769, 2.64974]
[0.221089, 0.25516] ; [2.64974, 2.65178]
[0.222185, 0.25664] ; [2.65178, 2.65383]
[0.223214, 0.258042] ; [2.65383, 2.65587]
[0.224177, 0.259367] ; [2.65587, 2.65791]
[0.225075, 0.260617] ; [2.65791, 2.65995]
[0.225908, 0.261791] ; [2.65995, 2.66198]
[0.226675, 0.26289] ; [2.66198, 2.66401]
[0.227378, 0.263913] ; [2.66401, 2.66604]
[0.228017, 0.264862] ; [2.66604, 2.66806]
[0.22859, 0.265736] ; [2.66806, 2.67009]
[0.2291, 0.266535] ; [2.67009, 2.67211]
[0.229545, 0.26726] ; [2.67211, 2.67413]
[0.229926, 0.26791] ; [2.67413, 2.67615]
[0.230244, 0.268487] ; [2.67615, 2.67817]
[0.230497, 0.26899] ; [2.67817, 2.68019]
[0.230687, 0.269419] ; [2.68019, 2.68221]
[0.230813, 0.269774] ; [2.68221, 2.68423]
[0.230876, 0.270055] ; [2.68423, 2.68625]
[0.230876, 0.270263] ; [2.68625, 2.68826]
[0.230812, 0.270398] ; [2.68826, 2.69028]
[0.230685, 0.270459] ; [2.69028, 2.6923]
[0.230496, 0.270447] ; [2.6923, 2.69431]
[0.230244, 0.270363] ; [2.69431, 2.69632]
[0.22993, 0.270206] ; [2.69632, 2.69833]
[0.229553, 0.269977] ; [2.69833, 2.70034]
[0.229116, 0.269676] ; [2.70034, 2.70235]
[0.228617, 0.269304] ; [2.70235, 2.70436]
[0.228057, 0.268861] ; [2.70436, 2.70636]
[0.227436, 0.268347] ; [2.70636, 2.70837]
[0.226755, 0.267762] ; [2.70837, 2.71037]
[0.226013, 0.267107] ; [2.71037, 2.71238]
[0.225211, 0.266383] ; [2.71238, 2.71438]
[0.224349, 0.26559] ; [2.71438, 2.71639]
[0.223428, 0.264728] ; [2.71639, 2.71839]
[0.222446, 0.263797] ; [2.71839, 2.72039]
[0.221406, 0.262799] ; [2.72039, 2.72239]
[0.220307, 0.261732] ; [2.72239, 2.7244]
[0.219149, 0.260599] ; [2.7244, 2.7264]
[0.217933, 0.259398] ; [2.7264, 2.7284]
[0.216659, 0.258131] ; [2.7284, 2.7304]
[0.215327, 0.256797] ; [2.7304, 2.73241]
[0.213938, 0.255397] ; [2.73241, 2.73441]
[0.212492, 0.253933] ; [2.73441, 2.73642]
[0.210989, 0.252403] ; [2.73642, 2.73842]
[0.20943, 0.250808] ; [2.73842, 2.74043]
[0.207815, 0.249149] ; [2.74043, 2.74243]
[0.206145, 0.247427] ; [2.74243, 2.74444]
[0.204256, 0.245805] ; [2.74444, 2.74645]
[0.202308, 0.244124] ; [2.74645, 2.74846]
[0.200315, 0.242385] ; [2.74846, 2.75046]
[0.198277, 0.24059] ; [2.75046, 2.75246]
[0.196194, 0.238739] ; [2.75246, 2.75445]
[0.194068, 0.236833] ; [2.75445, 2.75643]
[0.1919, 0.234873] ; [2.75643, 2.75841]
[0.189662, 0.232888] ; [2.75841, 2.76039]
[0.187383, 0.23085] ; [2.76039, 2.76236]
[0.185065, 0.228763] ; [2.76236, 2.76433]
[0.182709, 0.226626] ; [2.76433, 2.76629]
[0.180297, 0.224458] ; [2.76629, 2.76824]
[0.177845, 0.222247] ; [2.76824, 2.77019]
[0.175352, 0.219994] ; [2.77019, 2.77213]
[0.172821, 0.217701] ; [2.77213, 2.77407]
[0.170251, 0.215368] ; [2.77407, 2.77601]
[0.167645, 0.212997] ; [2.77601, 2.77794]
[0.165004, 0.21059] ; [2.77794, 2.77986]
[0.162329, 0.208148] ; [2.77986, 2.78177]
[0.159621, 0.205671] ; [2.78177, 2.78368]
[0.156882, 0.203162] ; [2.78368, 2.78559]
[0.154112, 0.200621] ; [2.78559, 2.78749]
[0.151313, 0.198049] ; [2.78749, 2.78938]
[0.148489, 0.195442] ; [2.78938, 2.79126]
[0.145638, 0.192807] ; [2.79126, 2.79314]
[0.142767, 0.190139] ; [2.79314, 2.79502]
[0.139869, 0.187445] ; [2.79502, 2.79688]
[0.13695, 0.184723] ; [2.79688, 2.79875]
[0.134009, 0.181974] ; [2.79875, 2.8006]
[0.131048, 0.179198] ; [2.8006, 2.80245]
[0.128067, 0.176396] ; [2.80245, 2.8043]
[0.125067, 0.173569] ; [2.8043, 2.80614]
[0.122049, 0.170719] ; [2.80614, 2.80797]
[0.119015, 0.167842] ; [2.80797, 2.8098]
[0.115962, 0.164945] ; [2.8098, 2.81163]
[0.112893, 0.162027] ; [2.81163, 2.81345]
[0.109808, 0.159086] ; [2.81345, 2.81526]
[0.106709, 0.156126] ; [2.81526, 2.81707]
[0.103594, 0.153145] ; [2.81707, 2.81888]
[0.100467, 0.150145] ; [2.81888, 2.82068]
[0.0973254, 0.147126] ; [2.82068, 2.82248]
[0.0941715, 0.144089] ; [2.82248, 2.82427]
[0.0910056, 0.141035] ; [2.82427, 2.82606]
[0.0878281, 0.137964] ; [2.82606, 2.82785]
[0.0846395, 0.134877] ; [2.82785, 2.82963]
[0.0814405, 0.131775] ; [2.82963, 2.83141]
[0.077938, 0.128951] ; [2.83141, 2.83319]
[0.0744268, 0.126111] ; [2.83319, 2.83496]
[0.070917, 0.123265] ; [2.83496, 2.83673]
[0.0674089, 0.120412] ; [2.83673, 2.83849]
[0.0639031, 0.117553] ; [2.83849, 2.84024]
[0.0604002, 0.114689] ; [2.84024, 2.84199]
[0.0569007, 0.11182] ; [2.84199, 2.84373]
[0.0534049, 0.108947] ; [2.84373, 2.84546]
[0.0499164, 0.106068] ; [2.84546, 2.84718]
[0.0464356, 0.103182] ; [2.84718, 2.8489]
[0.0429527, 0.100301] ; [2.8489, 2.85061]
[0.0394781, 0.0974152] ; [2.85061, 2.85232]
[0.0360125, 0.0945244] ; [2.85232, 2.85402]
[0.0325562, 0.0916294] ; [2.85402, 2.85571]
[0.0291092, 0.0887304] ; [2.85571, 2.8574]
[0.0256719, 0.0858279] ; [2.8574, 2.85909]
[0.022226, 0.0829406] ; [2.85909, 2.86077]
[0.0187903, 0.0800503] ; [2.86077, 2.86244]
[0.0153654, 0.0771577] ; [2.86244, 2.86411]
[0.0119513, 0.0742633] ; [2.86411, 2.86577]
[0.00854819, 0.0713675] ; [2.86577, 2.86743]
[0.00515637, 0.0684705] ; [2.86743, 2.86909]
[0.00175949, 0.0655893] ; [2.86909, 2.87074]
[-0.00162562, 0.0627075] ; [2.87074, 2.87239]
[-0.00499836, 0.0598256] ; [2.87239, 2.87403]
[-0.00836635, 0.0569518] ; [2.87403, 2.87568]
[-0.0117218, 0.0540787] ; [2.87568, 2.87731]
[-0.0150643, 0.0512068] ; [2.87731, 2.87895]
[-0.0184011, 0.0483441] ; [2.87895, 2.88058]
[-0.021727, 0.0454858] ; [2.88058, 2.8822]
[-0.0250415, 0.0426322] ; [2.8822, 2.88383]
[-0.0283445, 0.0397837] ; [2.88383, 2.88545]
[-0.0316355, 0.0369407] ; [2.88545, 2.88706]
[-0.0349144, 0.0341035] ; [2.88706, 2.88868]
[-0.0381809, 0.0312724] ; [2.88868, 2.89029]
[-0.0414334, 0.0284489] ; [2.89029, 2.8919]
[-0.0446707, 0.0256341] ; [2.8919, 2.89351]
[-0.0478927, 0.0228285] ; [2.89351, 2.89511]
[-0.0513898, 0.020323] ; [2.89511, 2.89671]
[-0.0548679, 0.017824] ; [2.89671, 2.8983]
[-0.0583203, 0.0153368] ; [2.8983, 2.89989]
[-0.0617454, 0.0128602] ; [2.89989, 2.90148]
[-0.0651431, 0.0103944] ; [2.90148, 2.90305]
[-0.0685134, 0.00793966] ; [2.90305, 2.90463]
[-0.0718561, 0.00549613] ; [2.90463, 2.90619]
[-0.0751712, 0.00306399] ; [2.90619, 2.90775]
[-0.0784586, 0.00064337] ; [2.90775, 2.90931]
[-0.0817183, -0.00176555] ; [2.90931, 2.91086]
[-0.0850286, -0.00408433] ; [2.91086, 2.9124]
[-0.0883107, -0.00639148] ; [2.9124, 2.91394]
[-0.0915633, -0.00868587] ; [2.91394, 2.91547]
[-0.0947864, -0.0109674] ; [2.91547, 2.917]
[-0.09798, -0.013236] ; [2.917, 2.91853]
[-0.101144, -0.0154915] ; [2.91853, 2.92004]
[-0.104279, -0.0177339] ; [2.92004, 2.92156]
[-0.107437, -0.0199099] ; [2.92156, 2.92307]
[-0.110566, -0.0220727] ; [2.92307, 2.92457]
[-0.113665, -0.0242218] ; [2.92457, 2.92607]
[-0.116756, -0.0263335] ; [2.92607, 2.92756]
[-0.119824, -0.0284249] ; [2.92756, 2.92905]
[-0.122866, -0.030496] ; [2.92905, 2.93054]
[-0.125882, -0.0325468] ; [2.93054, 2.93202]
[-0.128874, -0.034577] ; [2.93202, 2.93349]
[-0.131853, -0.0365751] ; [2.93349, 2.93496]
[-0.134806, -0.0385527] ; [2.93496, 2.93643]
[-0.137733, -0.0405097] ; [2.93643, 2.93789]
[-0.140635, -0.042446] ; [2.93789, 2.93934]
[-0.143512, -0.0443615] ; [2.93934, 2.9408]
[-0.146374, -0.0462456] ; [2.9408, 2.94224]
[-0.149212, -0.048107] ; [2.94224, 2.94369]
[-0.152026, -0.0499454] ; [2.94369, 2.94513]
[-0.154817, -0.0517605] ; [2.94513, 2.94656]
[-0.157585, -0.0535523] ; [2.94656, 2.94799]
[-0.160328, -0.0553208] ; [2.94799, 2.94942]
[-0.163047, -0.0570673] ; [2.94942, 2.95085]
[-0.165744, -0.0587875] ; [2.95085, 2.95226]
[-0.168417, -0.0604836] ; [2.95226, 2.95368]
[-0.171067, -0.0621553] ; [2.95368, 2.95509]
[-0.173694, -0.0638027] ; [2.95509, 2.9565]
[-0.176297, -0.0654256] ; [2.9565, 2.9579]
[-0.178876, -0.067024] ; [2.9579, 2.9593]
[-0.18143, -0.0685999] ; [2.9593, 2.9607]
[-0.183957, -0.0701528] ; [2.9607, 2.96209]
[-0.186458, -0.0716826] ; [2.96209, 2.96348]
[-0.188933, -0.0731894] ; [2.96348, 2.96487]
[-0.191382, -0.0746731] ; [2.96487, 2.96625]
[-0.193804, -0.0761336] ; [2.96625, 2.96762]
[-0.1962, -0.077571] ; [2.96762, 2.969]
[-0.198587, -0.0789688] ; [2.969, 2.97036]
[-0.200947, -0.0803436] ; [2.97036, 2.97173]
[-0.20328, -0.0816952] ; [2.97173, 2.97309]
[-0.205587, -0.0830238] ; [2.97309, 2.97445]
[-0.207868, -0.0843295] ; [2.97445, 2.9758]
[-0.210123, -0.0856115] ; [2.9758, 2.97715]
[-0.212352, -0.08687] ; [2.97715, 2.9785]
[-0.21457, -0.0880909] ; [2.9785, 2.97984]
[-0.216764, -0.0892862] ; [2.97984, 2.98118]
[-0.218933, -0.0904557] ; [2.98118, 2.98252]
[-0.221079, -0.0915995] ; [2.98252, 2.98385]
[-0.223202, -0.0927174] ; [2.98385, 2.98518]
[-0.2253, -0.0938094] ; [2.98518, 2.9865]
[-0.227375, -0.0948756] ; [2.9865, 2.98782]
[-0.229427, -0.0959158] ; [2.98782, 2.98914]
[-0.231455, -0.0969302] ; [2.98914, 2.99046]
[-0.233459, -0.0979186] ; [2.99046, 2.99177]
[-0.23544, -0.098881] ; [2.99177, 2.99307]
[-0.237398, -0.0998174] ; [2.99307, 2.99438]
[-0.239333, -0.100728] ; [2.99438, 2.99568]
[-0.241245, -0.101612] ; [2.99568, 2.99697]
[-0.243133, -0.102471] ; [2.99697, 2.99827]
[-0.245104, -0.103198] ; [2.99827, 2.99956]
[-0.24704, -0.103911] ; [2.99956, 3.00084]
[-0.248941, -0.104609] ; [3.00084, 3.00212]
[-0.250806, -0.10529] ; [3.00212, 3.0034]
[-0.252637, -0.105957] ; [3.0034, 3.00467]
[-0.254434, -0.106609] ; [3.00467, 3.00594]
[-0.256197, -0.107245] ; [3.00594, 3.0072]
[-0.257927, -0.107867] ; [3.0072, 3.00846]
[-0.259623, -0.108473] ; [3.00846, 3.00972]
[-0.261287, -0.109064] ; [3.00972, 3.01097]
[-0.263097, -0.109461] ; [3.01097, 3.01222]
[-0.264875, -0.109843] ; [3.01222, 3.01346]
[-0.266621, -0.110209] ; [3.01346, 3.0147]
[-0.268334, -0.11056] ; [3.0147, 3.01594]
[-0.270015, -0.110896] ; [3.01594, 3.01717]
[-0.271664, -0.111216] ; [3.01717, 3.0184]
[-0.273281, -0.111522] ; [3.0184, 3.01962]
[-0.274867, -0.111812] ; [3.01962, 3.02084]
[-0.276422, -0.112088] ; [3.02084, 3.02206]
[-0.277945, -0.112349] ; [3.02206, 3.02327]
[-0.279438, -0.112596] ; [3.02327, 3.02448]
[-0.2809, -0.112828] ; [3.02448, 3.02569]
[-0.282332, -0.113046] ; [3.02569, 3.02689]
[-0.283734, -0.11325] ; [3.02689, 3.02809]
[-0.285105, -0.113439] ; [3.02809, 3.02929]
[-0.286447, -0.113615] ; [3.02929, 3.03048]
[-0.287759, -0.113776] ; [3.03048, 3.03166]
[-0.289041, -0.113923] ; [3.03166, 3.03285]
[-0.290294, -0.114057] ; [3.03285, 3.03403]
[-0.291518, -0.114177] ; [3.03403, 3.03521]
[-0.292714, -0.114283] ; [3.03521, 3.03638]
[-0.29388, -0.114376] ; [3.03638, 3.03755]
[-0.295018, -0.114456] ; [3.03755, 3.03872]
[-0.296128, -0.114522] ; [3.03872, 3.03989]
[-0.29721, -0.114574] ; [3.03989, 3.04105]
[-0.298264, -0.114614] ; [3.04105, 3.04221]
[-0.29929, -0.114641] ; [3.04221, 3.04336]
[-0.300289, -0.114654] ; [3.04336, 3.04452]
[-0.30126, -0.114655] ; [3.04452, 3.04567]
[-0.302205, -0.114643] ; [3.04567, 3.04681]
[-0.303122, -0.114618] ; [3.04681, 3.04796]
[-0.304013, -0.11458] ; [3.04796, 3.0491]
[-0.304878, -0.114529] ; [3.0491, 3.05024]
[-0.305716, -0.114466] ; [3.05024, 3.05137]
[-0.306528, -0.11439] ; [3.05137, 3.05251]
[-0.307315, -0.114302] ; [3.05251, 3.05364]
[-0.308075, -0.114201] ; [3.05364, 3.05477]
[-0.30881, -0.114088] ; [3.05477, 3.05589]
[-0.30952, -0.113962] ; [3.05589, 3.05701]
[-0.310205, -0.113825] ; [3.05701, 3.05813]
[-0.310865, -0.113675] ; [3.05813, 3.05925]
[-0.311499, -0.113513] ; [3.05925, 3.06037]
[-0.31211, -0.113339] ; [3.06037, 3.06148]
[-0.312695, -0.113153] ; [3.06148, 3.06259]
[-0.313257, -0.112955] ; [3.06259, 3.0637]
[-0.313794, -0.112746] ; [3.0637, 3.0648]
[-0.314308, -0.112524] ; [3.0648, 3.06591]
[-0.314797, -0.112292] ; [3.06591, 3.06701]
[-0.315263, -0.112047] ; [3.06701, 3.06811]
[-0.315705, -0.111791] ; [3.06811, 3.06921]
[-0.316124, -0.111524] ; [3.06921, 3.0703]
[-0.31652, -0.111245] ; [3.0703, 3.0714]
[-0.316892, -0.110955] ; [3.0714, 3.07249]
[-0.317242, -0.110653] ; [3.07249, 3.07358]
[-0.317569, -0.110341] ; [3.07358, 3.07467]
[-0.317873, -0.110017] ; [3.07467, 3.07575]
[-0.318154, -0.109682] ; [3.07575, 3.07683]
[-0.318413, -0.109337] ; [3.07683, 3.07792]
[-0.31865, -0.108981] ; [3.07792, 3.07899]
[-0.318865, -0.108614] ; [3.07899, 3.08007]
[-0.319058, -0.108236] ; [3.08007, 3.08114]
[-0.319229, -0.107847] ; [3.08114, 3.08222]
[-0.31938, -0.107448] ; [3.08222, 3.08329]
[-0.319509, -0.107038] ; [3.08329, 3.08435]
[-0.319617, -0.106617] ; [3.08435, 3.08542]
[-0.319705, -0.106186] ; [3.08542, 3.08648]
[-0.319772, -0.105744] ; [3.08648, 3.08754]
[-0.319819, -0.105292] ; [3.08754, 3.0886]
[-0.319846, -0.10483] ; [3.0886, 3.08965]
[-0.319852, -0.104357] ; [3.08965, 3.09071]
[-0.319839, -0.103874] ; [3.09071, 3.09176]
[-0.319806, -0.103381] ; [3.09176, 3.09281]
[-0.319753, -0.102878] ; [3.09281, 3.09385]
[-0.319681, -0.102366] ; [3.09385, 3.0949]
[-0.319589, -0.101843] ; [3.0949, 3.09594]
[-0.319479, -0.10131] ; [3.09594, 3.09699]
[-0.319349, -0.100768] ; [3.09699, 3.09802]
[-0.3192, -0.100216] ; [3.09802, 3.09906]
[-0.319033, -0.0996544] ; [3.09906, 3.1001]
[-0.318847, -0.0990834] ; [3.1001, 3.10113]
[-0.318643, -0.0985029] ; [3.10113, 3.10217]
[-0.31842, -0.097913] ; [3.10217, 3.1032]
[-0.31818, -0.0973139] ; [3.1032, 3.10422]
[-0.317921, -0.0967055] ; [3.10422, 3.10525]
[-0.317644, -0.096088] ; [3.10525, 3.10628]
[-0.317351, -0.0954608] ; [3.10628, 3.1073]
[-0.31704, -0.094824] ; [3.1073, 3.10832]
[-0.316713, -0.0941778] ; [3.10832, 3.10934]
[-0.31637, -0.0935224] ; [3.10934, 3.11036]
[-0.316011, -0.0928578] ; [3.11036, 3.11137]
[-0.315644, -0.0921755] ; [3.11137, 3.11239]
[-0.315261, -0.0914841] ; [3.11239, 3.1134]
[-0.314863, -0.0907836] ; [3.1134, 3.11441]
[-0.31445, -0.090074] ; [3.11441, 3.11541]
[-0.314031, -0.0893471] ; [3.11541, 3.11642]
[-0.313596, -0.0886112] ; [3.11642, 3.11742]
[-0.313151, -0.0878622] ; [3.11742, 3.11842]
[-0.312693, -0.0871022] ; [3.11842, 3.11942]
[-0.312224, -0.0863314] ; [3.11942, 3.12041]
[-0.311742, -0.0855498] ; [3.12041, 3.12141]
[-0.311249, -0.0847573] ; [3.12141, 3.1224]
[-0.310744, -0.0839541] ; [3.1224, 3.12339]
[-0.310226, -0.0831423] ; [3.12339, 3.12438]
[-0.309695, -0.082322] ; [3.12438, 3.12536]
[-0.309165, -0.0814796] ; [3.12536, 3.12635]
[-0.308623, -0.0806288] ; [3.12635, 3.12733]
[-0.308068, -0.0797698] ; [3.12733, 3.12831]
[-0.307514, -0.0788889] ; [3.12831, 3.12928]
[-0.306949, -0.0779998] ; [3.12928, 3.13026]
[-0.306381, -0.0770934] ; [3.13026, 3.13123]
[-0.305806, -0.0761745] ; [3.13123, 3.1322]
[-0.305224, -0.075243] ; [3.1322, 3.13316]
[-0.304636, -0.0742991] ; [3.13316, 3.13413]
[-0.304037, -0.0733471] ; [3.13413, 3.13509]
[-0.303427, -0.0723871] ; [3.13509, 3.13605]
[-0.302821, -0.071406] ; [3.13605, 3.13701]
[-0.302208, -0.0704125] ; [3.13701, 3.13797]
[-0.30159, -0.0694069] ; [3.13797, 3.13892]
[-0.300966, -0.068389] ; [3.13892, 3.13987]
[-0.300337, -0.0673591] ; [3.13987, 3.14082]
[-0.299695, -0.0663255] ; [3.14082, 3.14177]
[-0.29904, -0.0652883] ; [3.14177, 3.14271]
[-0.298371, -0.0642476] ; [3.14271, 3.14366]
[-0.297689, -0.0632034] ; [3.14366, 3.1446]
[-0.296994, -0.0621557] ; [3.1446, 3.14554]
[-0.296336, -0.061055] ; [3.14554, 3.14648]
[-0.295665, -0.0599509] ; [3.14648, 3.14741]
[-0.294981, -0.0588435] ; [3.14741, 3.14835]
[-0.294285, -0.0577327] ; [3.14835, 3.14928]
[-0.293576, -0.0566186] ; [3.14928, 3.15021]
[-0.292854, -0.0555013] ; [3.15021, 3.15114]
[-0.292169, -0.0543326] ; [3.15114, 3.15207]
[-0.291472, -0.0531598] ; [3.15207, 3.15299]
[-0.290774, -0.0519755] ; [3.15299, 3.15392]
[-0.29007, -0.0507842] ; [3.15392, 3.15484]
[-0.28936, -0.0495859] ; [3.15484, 3.15575]
[-0.288684, -0.0483415] ; [3.15575, 3.15667]
[-0.288011, -0.0470821] ; [3.15667, 3.15758]
[-0.287341, -0.0458081] ; [3.15758, 3.15849]
[-0.286673, -0.0445196] ; [3.15849, 3.1594]
[-0.286009, -0.0432166] ; [3.1594, 3.16031]
[-0.285349, -0.0418992] ; [3.16031, 3.16121]
[-0.284692, -0.0405676] ; [3.16121, 3.16211]
[-0.284038, -0.0392216] ; [3.16211, 3.16301]
[-0.283389, -0.0378615] ; [3.16301, 3.16391]
[-0.282743, -0.0364876] ; [3.16391, 3.1648]
[-0.282102, -0.0350994] ; [3.1648, 3.16569]
[-0.281466, -0.0336974] ; [3.16569, 3.16658]
[-0.280834, -0.0322815] ; [3.16658, 3.16746]
[-0.280206, -0.0308518] ; [3.16746, 3.16834]
[-0.279584, -0.0294084] ; [3.16834, 3.16922]
[-0.278967, -0.0279512] ; [3.16922, 3.1701]
[-0.278355, -0.0264805] ; [3.1701, 3.17098]
[-0.277749, -0.0249963] ; [3.17098, 3.17185]
[-0.277149, -0.0234987] ; [3.17185, 3.17272]
[-0.276554, -0.0219877] ; [3.17272, 3.17359]
[-0.275965, -0.0204634] ; [3.17359, 3.17445]
[-0.276283, -0.0180252] ; [3.17445, 3.17532]
[-0.276595, -0.0155864] ; [3.17532, 3.17618]
[-0.2769, -0.0131513] ; [3.17618, 3.17703]
[-0.277199, -0.0107197] ; [3.17703, 3.17788]
[-0.277491, -0.00829163] ; [3.17788, 3.17873]
[-0.277776, -0.0058669] ; [3.17873, 3.17958]
[-0.278056, -0.00344545] ; [3.17958, 3.18042]
[-0.27833, -0.00102721] ; [3.18042, 3.18126]
[-0.278597, 0.00138791] ; [3.18126, 3.18209]
[-0.278953, 0.00389376] ; [3.18209, 3.18292]
[-0.279302, 0.00639496] ; [3.18292, 3.18375]
[-0.279643, 0.00889114] ; [3.18375, 3.18458]
[-0.279977, 0.0113824] ; [3.18458, 3.1854]
[-0.280304, 0.0138685] ; [3.1854, 3.18621]
[-0.280624, 0.0163494] ; [3.18621, 3.18703]
[-0.280937, 0.0188248] ; [3.18703, 3.18784]
[-0.281253, 0.0213035] ; [3.18784, 3.18865]
[-0.28164, 0.0238558] ; [3.18865, 3.18945]
[-0.282022, 0.026402] ; [3.18945, 3.19025]
[-0.282396, 0.0289415] ; [3.19025, 3.19105]
[-0.282763, 0.0314744] ; [3.19105, 3.19185]
[-0.283124, 0.0340001] ; [3.19185, 3.19264]
[-0.283487, 0.0365272] ; [3.19264, 3.19343]
[-0.283843, 0.0390472] ; [3.19343, 3.19421]
[-0.284197, 0.0415638] ; [3.19421, 3.19499]
[-0.284547, 0.0440753] ; [3.19499, 3.19577]
[-0.284892, 0.0465814] ; [3.19577, 3.19654]
[-0.285321, 0.0491701] ; [3.19654, 3.19732]
[-0.285744, 0.0517513] ; [3.19732, 3.19808]
[-0.286161, 0.0543246] ; [3.19808, 3.19885]
[-0.286586, 0.0569044] ; [3.19885, 3.19961]
[-0.287005, 0.0594761] ; [3.19961, 3.20037]
[-0.287427, 0.0620493] ; [3.20037, 3.20112]
[-0.287849, 0.0646192] ; [3.20112, 3.20187]
[-0.288269, 0.0671857] ; [3.20187, 3.20262]
[-0.288688, 0.0697487] ; [3.20262, 3.20337]
[-0.289107, 0.0723085] ; [3.20337, 3.20411]
[-0.289573, 0.074913] ; [3.20411, 3.20485]
[-0.290029, 0.0775058] ; [3.20485, 3.20558]
[-0.290502, 0.0801115] ; [3.20558, 3.20631]
[-0.290978, 0.0827176] ; [3.20631, 3.20704]
[-0.291457, 0.0853243] ; [3.20704, 3.20777]
[-0.291939, 0.0879311] ; [3.20777, 3.20849]
[-0.292425, 0.0905381] ; [3.20849, 3.20921]
[-0.292914, 0.0931451] ; [3.20921, 3.20993]
[-0.293406, 0.0957523] ; [3.20993, 3.21064]
[-0.29389, 0.0983479] ; [3.21064, 3.21135]
[-0.294388, 0.100955] ; [3.21135, 3.21206]
[-0.294889, 0.103562] ; [3.21206, 3.21277]
[-0.295394, 0.106168] ; [3.21277, 3.21347]
[-0.295902, 0.108774] ; [3.21347, 3.21417]
[-0.296413, 0.111379] ; [3.21417, 3.21487]
[-0.296927, 0.113984] ; [3.21487, 3.21556]
[-0.297444, 0.116588] ; [3.21556, 3.21625]
[-0.297965, 0.119193] ; [3.21625, 3.21694]
[-0.29849, 0.121796] ; [3.21694, 3.21763]
[-0.299018, 0.124399] ; [3.21763, 3.21831]
[-0.299552, 0.127002] ; [3.21831, 3.21899]
[-0.300089, 0.129605] ; [3.21899, 3.21967]
[-0.300631, 0.132207] ; [3.21967, 3.22035]
[-0.301177, 0.13481] ; [3.22035, 3.22102]
[-0.301727, 0.137411] ; [3.22102, 3.22169]
[-0.302281, 0.140012] ; [3.22169, 3.22235]
[-0.30284, 0.142613] ; [3.22235, 3.22302]
[-0.303402, 0.145213] ; [3.22302, 3.22368]
[-0.303969, 0.147812] ; [3.22368, 3.22434]
[-0.304539, 0.150411] ; [3.22434, 3.22499]
[-0.305114, 0.153009] ; [3.22499, 3.22565]
[-0.305693, 0.155607] ; [3.22565, 3.2263]
[-0.306276, 0.158204] ; [3.2263, 3.22695]
[-0.306863, 0.1608] ; [3.22695, 3.22759]
[-0.307454, 0.163395] ; [3.22759, 3.22824]
[-0.308048, 0.16599] ; [3.22824, 3.22888]
[-0.308647, 0.168583] ; [3.22888, 3.22952]
[-0.30925, 0.171177] ; [3.22952, 3.23015]
[-0.309856, 0.173769] ; [3.23015, 3.23079]
[-0.310458, 0.176351] ; [3.23079, 3.23142]
[-0.311073, 0.178942] ; [3.23142, 3.23205]
[-0.311682, 0.181523] ; [3.23205, 3.23267]
[-0.312305, 0.184112] ; [3.23267, 3.2333]
[-0.312922, 0.186691] ; [3.2333, 3.23392]
[-0.313553, 0.189278] ; [3.23392, 3.23454]
[-0.314187, 0.191864] ; [3.23454, 3.23516]
[-0.314825, 0.19445] ; [3.23516, 3.23578]
[-0.315467, 0.197034] ; [3.23578, 3.23639]
[-0.316112, 0.199617] ; [3.23639, 3.237]
[-0.316762, 0.2022] ; [3.237, 3.23761]
[-0.317416, 0.204781] ; [3.23761, 3.23822]
[-0.318073, 0.207362] ; [3.23822, 3.23883]
[-0.318724, 0.209931] ; [3.23883, 3.23943]
[-0.319389, 0.212509] ; [3.23943, 3.24003]
[-0.320058, 0.215086] ; [3.24003, 3.24063]
[-0.320731, 0.217664] ; [3.24063, 3.24123]
[-0.32141, 0.22024] ; [3.24123, 3.24183]
[-0.322093, 0.222816] ; [3.24183, 3.24242]
[-0.322781, 0.22539] ; [3.24242, 3.24301]
[-0.323473, 0.227963] ; [3.24301, 3.2436]
[-0.32417, 0.230536] ; [3.2436, 3.24419]
[-0.324871, 0.233106] ; [3.24419, 3.24477]
[-0.325577, 0.235676] ; [3.24477, 3.24535]
[-0.326287, 0.238245] ; [3.24535, 3.24593]
[-0.327001, 0.240812] ; [3.24593, 3.24651]
[-0.327719, 0.243378] ; [3.24651, 3.24709]
[-0.328441, 0.245942] ; [3.24709, 3.24766]
[-0.329168, 0.248506] ; [3.24766, 3.24824]
[-0.329899, 0.251068] ; [3.24824, 3.24881]
[-0.330634, 0.253628] ; [3.24881, 3.24938]
[-0.331373, 0.256188] ; [3.24938, 3.24994]
[-0.332115, 0.258746] ; [3.24994, 3.25051]
[-0.332862, 0.261302] ; [3.25051, 3.25107]
[-0.333613, 0.263857] ; [3.25107, 3.25163]
[-0.334368, 0.266411] ; [3.25163, 3.25219]
[-0.335126, 0.268963] ; [3.25219, 3.25275]
[-0.335889, 0.271514] ; [3.25275, 3.25331]
[-0.336655, 0.274063] ; [3.25331, 3.25386]
[-0.337426, 0.276611] ; [3.25386, 3.25441]
[-0.338201, 0.279158] ; [3.25441, 3.25496]
[-0.338981, 0.281704] ; [3.25496, 3.25551]
[-0.339765, 0.284249] ; [3.25551, 3.25606]
[-0.340554, 0.286793] ; [3.25606, 3.2566]
[-0.341348, 0.289336] ; [3.2566, 3.25715]
[-0.342146, 0.291877] ; [3.25715, 3.25769]
[-0.342949, 0.294417] ; [3.25769, 3.25823]
[-0.343756, 0.296956] ; [3.25823, 3.25877]
[-0.344569, 0.299494] ; [3.25877, 3.2593]
[-0.345385, 0.30203] ; [3.2593, 3.25983]
[-0.346206, 0.304565] ; [3.25983, 3.26037]
[-0.347032, 0.307099] ; [3.26037, 3.2609]
[-0.347863, 0.309632] ; [3.2609, 3.26143]
[-0.348698, 0.312164] ; [3.26143, 3.26195]
[-0.349538, 0.314694] ; [3.26195, 3.26248]
[-0.350382, 0.317223] ; [3.26248, 3.263]
[-0.351231, 0.319751] ; [3.263, 3.26352]
[-0.352084, 0.322278] ; [3.26352, 3.26404]
[-0.352942, 0.324804] ; [3.26404, 3.26456]
[-0.353805, 0.327328] ; [3.26456, 3.26508]
[-0.354672, 0.329851] ; [3.26508, 3.26559]
[-0.355544, 0.332373] ; [3.26559, 3.2661]
[-0.356421, 0.334894] ; [3.2661, 3.26662]
[-0.357302, 0.337414] ; [3.26662, 3.26713]
[-0.358188, 0.339933] ; [3.26713, 3.26763]
[-0.359078, 0.34245] ; [3.26763, 3.26814]
[-0.359973, 0.344966] ; [3.26814, 3.26864]
[-0.360873, 0.347481] ; [3.26864, 3.26915]
[-0.361777, 0.349995] ; [3.26915, 3.26965]
[-0.362685, 0.352507] ; [3.26965, 3.27015]
[-0.363599, 0.355018] ; [3.27015, 3.27065]
[-0.364516, 0.357528] ; [3.27065, 3.27114]
[-0.365438, 0.360036] ; [3.27114, 3.27164]
[-0.366365, 0.362544] ; [3.27164, 3.27213]
[-0.367296, 0.365049] ; [3.27213, 3.27262]
[-0.368231, 0.367554] ; [3.27262, 3.27311]
[-0.369171, 0.370057] ; [3.27311, 3.2736]
[-0.370115, 0.372559] ; [3.2736, 3.27409]
[-0.371061, 0.375055] ; [3.27409, 3.27457]
[-0.372011, 0.377546] ; [3.27457, 3.27506]
[-0.372963, 0.38003] ; [3.27506, 3.27554]
[-0.373919, 0.38251] ; [3.27554, 3.27601]
[-0.374876, 0.384983] ; [3.27601, 3.27649]
[-0.375837, 0.387451] ; [3.27649, 3.27696]
[-0.3768, 0.389914] ; [3.27696, 3.27743]
[-0.377766, 0.392371] ; [3.27743, 3.2779]
[-0.378734, 0.394822] ; [3.2779, 3.27836]
[-0.379705, 0.397267] ; [3.27836, 3.27883]
[-0.380679, 0.399707] ; [3.27883, 3.27929]
[-0.381655, 0.402141] ; [3.27929, 3.27975]
[-0.382633, 0.404569] ; [3.27975, 3.2802]
[-0.383615, 0.406992] ; [3.2802, 3.28066]
[-0.384599, 0.409409] ; [3.28066, 3.28111]
[-0.385585, 0.411821] ; [3.28111, 3.28156]
[-0.386574, 0.414227] ; [3.28156, 3.28201]
[-0.387565, 0.416627] ; [3.28201, 3.28245]
[-0.388559, 0.419022] ; [3.28245, 3.28289]
[-0.389555, 0.421411] ; [3.28289, 3.28334]
[-0.390553, 0.423795] ; [3.28334, 3.28377]
[-0.391555, 0.426173] ; [3.28377, 3.28421]
[-0.39256, 0.428547] ; [3.28421, 3.28464]
[-0.393568, 0.430915] ; [3.28464, 3.28507]
