[-0.776672, -0.776672] ; [-0.000194829, 0]
[-0.77667, -0.77667] ; [0, 0.000194829]
[-0.776658, -0.776658] ; [0.000194829, 0.000545522]
[-0.77663, -0.77663] ; [0.000545522, 0.0009688]
[-0.776586, -0.776586] ; [0.0009688, 0.00139491]
[-0.776526, -0.776526] ; [0.00139491, 0.00182352]
[-0.776449, -0.776449] ; [0.00182352, 0.00225465]
[-0.776356, -0.776356] ; [0.00225465, 0.00268832]
[-0.776246, -0.776246] ; [0.00268832, 0.00312455]
[-0.776119, -0.776119] ; [0.00312455, 0.00356337]
[-0.775975, -0.775975] ; [0.00356337, 0.00400479]
[-0.775814, -0.775814] ; [0.00400479, 0.00444885]
[-0.775636, -0.775636] ; [0.00444885, 0.00489555]
[-0.77544, -0.77544] ; [0.00489555, 0.00534494]
[-0.775226, -0.775226] ; [0.00534494, 0.00579702]
[-0.774995, -0.774995] ; [0.00579702, 0.00625183]
[-0.774745, -0.774745] ; [0.00625183, 0.00670939]
[-0.774477, -0.774477] ; [0.00670939, 0.00716972]
[-0.77419, -0.77419] ; [0.00716972, 0.00763284]
[-0.773884, -0.773884] ; [0.00763284, 0.00809879]
[-0.773559, -0.773559] ; [0.00809879, 0.00856759]
[-0.773215, -0.773215] ; [0.00856759, 0.00903927]
[-0.772852, -0.772852] ; [0.00903927, 0.00951384]
[-0.772468, -0.772468] ; [0.00951384, 0.00999232]
[-0.772061, -0.772061] ; [0.00999232, 0.010477]
[-0.771631, -0.771631] ; [0.010477, 0.0109681]
[-0.771176, -0.771176] ; [0.0109681, 0.0114655]
[-0.770697, -0.770697] ; [0.0114655, 0.0119694]
[-0.770193, -0.770193] ; [0.0119694, 0.0124798]
[-0.769662, -0.769662] ; [0.0124798, 0.0129968]
[-0.769105, -0.769105] ; [0.0129968, 0.0135206]
[-0.76852, -0.76852] ; [0.0135206, 0.014051]
[-0.767906, -0.767906] ; [0.014051, 0.0145884]
[-0.767264, -0.767264] ; [0.0145884, 0.0151326]
[-0.766592, -0.766592] ; [0.0151326, 0.0156839]
[-0.765889, -0.765889] ; [0.0156839, 0.0162424]
[-0.765155, -0.765155] ; [0.0162424, 0.016808]
[-0.764388, -0.764388] ; [0.016808, 0.0173809]
[-0.763588, -0.763588] ; [0.0173809, 0.0179612]
[-0.762755, -0.762755] ; [0.0179612, 0.0185491]
[-0.761886, -0.761886] ; [0.0185491, 0.0191445]
[-0.760982, -0.760982] ; [0.0191445, 0.0197476]
[-0.760041, -0.760041] ; [0.0197476, 0.0203586]
[-0.759062, -0.759062] ; [0.0203586, 0.0209775]
[-0.758045, -0.758045] ; [0.0209775, 0.0216044]
[-0.756988, -0.756988] ; [0.0216044, 0.0222395]
[-0.75589, -0.75589] ; [0.0222395, 0.0228829]
[-0.754751, -0.754751] ; [0.0228829, 0.0235347]
[-0.753568, -0.753568] ; [0.0235347, 0.0241951]
[-0.752342, -0.752341] ; [0.0241951, 0.0248641]
[-0.75107, -0.75107] ; [0.0248641, 0.0255419]
[-0.749752, -0.749752] ; [0.0255419, 0.0262286]
[-0.748386, -0.748386] ; [0.0262286, 0.0269244]
[-0.746971, -0.746971] ; [0.0269244, 0.0276295]
[-0.745507, -0.745507] ; [0.0276295, 0.0283439]
[-0.74399, -0.74399] ; [0.0283439, 0.0290678]
[-0.742421, -0.742421] ; [0.0290678, 0.0298014]
[-0.740798, -0.740798] ; [0.0298014, 0.0305448]
[-0.739119, -0.739119] ; [0.0305448, 0.0312982]
[-0.737384, -0.737383] ; [0.0312982, 0.0320617]
[-0.735589, -0.735589] ; [0.0320617, 0.0328355]
[-0.733735, -0.733735] ; [0.0328355, 0.0336198]
[-0.731819, -0.731819] ; [0.0336198, 0.0344147]
[-0.729839, -0.729839] ; [0.0344147, 0.0352204]
[-0.727795, -0.727795] ; [0.0352204, 0.0360371]
[-0.725684, -0.725684] ; [0.0360371, 0.036865]
[-0.723504, -0.723504] ; [0.036865, 0.0377042]
[-0.721255, -0.721255] ; [0.0377042, 0.038555]
[-0.718933, -0.718933] ; [0.038555, 0.0394175]
[-0.716537, -0.716537] ; [0.0394175, 0.0402919]
[-0.714066, -0.714066] ; [0.0402919, 0.0411785]
[-0.711517, -0.711516] ; [0.0411785, 0.0420773]
[-0.708887, -0.708887] ; [0.0420773, 0.0429887]
[-0.706177, -0.706176] ; [0.0429887, 0.0439128]
[-0.703382, -0.703382] ; [0.0439128, 0.0448498]
[-0.700501, -0.700501] ; [0.0448498, 0.0457999]
[-0.697532, -0.697532] ; [0.0457999, 0.0467633]
[-0.694472, -0.694472] ; [0.0467633, 0.0477402]
[-0.69132, -0.69132] ; [0.0477402, 0.0487307]
[-0.688073, -0.688073] ; [0.0487307, 0.0497352]
[-0.684729, -0.684729] ; [0.0497352, 0.0507537]
[-0.681286, -0.681285] ; [0.0507537, 0.0517865]
[-0.67774, -0.67774] ; [0.0517865, 0.0528336]
[-0.674091, -0.674091] ; [0.0528336, 0.0538954]
[-0.670336, -0.670336] ; [0.0538954, 0.0549719]
[-0.666472, -0.666472] ; [0.0549719, 0.0560632]
[-0.662498, -0.662498] ; [0.0560632, 0.0571696]
[-0.65841, -0.65841] ; [0.0571696, 0.058291]
[-0.654208, -0.654208] ; [0.058291, 0.0594277]
[-0.649888, -0.649888] ; [0.0594277, 0.0605797]
[-0.645449, -0.645449] ; [0.0605797, 0.0617471]
[-0.640889, -0.640889] ; [0.0617471, 0.0629298]
[-0.636206, -0.636206] ; [0.0629298, 0.064128]
[-0.631399, -0.631398] ; [0.064128, 0.0653416]
[-0.626465, -0.626465] ; [0.0653416, 0.0665705]
[-0.621404, -0.621403] ; [0.0665705, 0.0678147]
[-0.616214, -0.616213] ; [0.0678147, 0.0690741]
[-0.610894, -0.610893] ; [0.0690741, 0.0703485]
[-0.605443, -0.605443] ; [0.0703485, 0.0716379]
[-0.599861, -0.599861] ; [0.0716379, 0.0729418]
[-0.594148, -0.594147] ; [0.0729418, 0.0742603]
[-0.588302, -0.588302] ; [0.0742603, 0.0755928]
[-0.582325, -0.582325] ; [0.0755928, 0.0769392]
[-0.576217, -0.576216] ; [0.0769392, 0.0782991]
[-0.569978, -0.569977] ; [0.0782991, 0.0796721]
[-0.563609, -0.563608] ; [0.0796721, 0.0810578]
[-0.557111, -0.557111] ; [0.0810578, 0.0824557]
[-0.550487, -0.550486] ; [0.0824557, 0.0838654]
[-0.543736, -0.543736] ; [0.0838654, 0.0852865]
[-0.536862, -0.536862] ; [0.0852865, 0.0867184]
[-0.529866, -0.529866] ; [0.0867184, 0.0881607]
[-0.522751, -0.52275] ; [0.0881607, 0.0896128]
[-0.515518, -0.515517] ; [0.0896128, 0.0910742]
[-0.508172, -0.508172] ; [0.0910742, 0.0925441]
[-0.500719, -0.500718] ; [0.0925441, 0.0940214]
[-0.493161, -0.49316] ; [0.0940214, 0.0955057]
[-0.485501, -0.4855] ; [0.0955057, 0.0969964]
[-0.477743, -0.477742] ; [0.0969964, 0.098493]
[-0.46989, -0.469889] ; [0.098493, 0.099995]
[-0.461944, -0.461943] ; [0.099995, 0.101502]
[-0.453909, -0.453908] ; [0.101502, 0.103014]
[-0.445787, -0.445786] ; [0.103014, 0.10453]
[-0.43758, -0.437579] ; [0.10453, 0.10605]
[-0.429292, -0.429291] ; [0.10605, 0.107574]
[-0.420924, -0.420923] ; [0.107574, 0.109101]
[-0.412479, -0.412477] ; [0.109101, 0.110632]
[-0.403956, -0.403955] ; [0.110632, 0.112167]
[-0.395359, -0.395358] ; [0.112167, 0.113705]
[-0.386697, -0.386695] ; [0.113705, 0.115245]
[-0.377974, -0.377973] ; [0.115245, 0.116786]
[-0.369193, -0.369191] ; [0.116786, 0.118329]
[-0.360354, -0.360352] ; [0.118329, 0.119873]
[-0.351457, -0.351456] ; [0.119873, 0.121418]
[-0.342504, -0.342502] ; [0.121418, 0.122966]
[-0.333494, -0.333492] ; [0.122966, 0.124515]
[-0.324427, -0.324425] ; [0.124515, 0.126068]
[-0.315302, -0.3153] ; [0.126068, 0.127622]
[-0.306119, -0.306117] ; [0.127622, 0.12918]
[-0.296877, -0.296875] ; [0.12918, 0.130742]
[-0.287574, -0.287572] ; [0.130742, 0.132308]
[-0.278208, -0.278206] ; [0.132308, 0.133878]
[-0.268779, -0.268776] ; [0.133878, 0.135454]
[-0.259283, -0.25928] ; [0.135454, 0.137036]
[-0.249718, -0.249716] ; [0.137036, 0.138624]
[-0.240082, -0.240079] ; [0.138624, 0.140219]
[-0.230371, -0.230368] ; [0.140219, 0.141822]
[-0.220581, -0.220578] ; [0.141822, 0.143434]
[-0.21071, -0.210707] ; [0.143434, 0.145056]
[-0.200752, -0.200749] ; [0.145056, 0.146689]
[-0.190704, -0.190701] ; [0.146689, 0.148333]
[-0.18056, -0.180557] ; [0.148333, 0.14999]
[-0.170315, -0.170311] ; [0.14999, 0.151662]
[-0.159962, -0.159958] ; [0.151662, 0.153348]
[-0.149495, -0.149491] ; [0.153348, 0.155052]
[-0.138907, -0.138903] ; [0.155052, 0.156773]
[-0.12819, -0.128186] ; [0.156773, 0.158514]
[-0.117335, -0.117331] ; [0.158514, 0.160277]
[-0.106333, -0.106328] ; [0.160277, 0.162064]
[-0.0951728, -0.0951679] ; [0.162064, 0.163876]
[-0.0838442, -0.0838391] ; [0.163876, 0.165716]
[-0.0723428, -0.0723373] ; [0.165716, 0.167585]
[-0.060654, -0.0606483] ; [0.167585, 0.169486]
[-0.0487632, -0.0487572] ; [0.169486, 0.171422]
[-0.0366539, -0.0366476] ; [0.171422, 0.173396]
[-0.0243077, -0.024301] ; [0.173396, 0.175413]
[-0.0117038, -0.0116967] ; [0.175413, 0.177475]
[0.00118098, 0.00118852] ; [0.177475, 0.179588]
[0.014373, 0.0143811] ; [0.179588, 0.181758]
[0.027791, 0.0277995] ; [0.181758, 0.183972]
[0.0405614, 0.0405704] ; [0.183972, 0.186085]
[0.0530203, 0.0530298] ; [0.186085, 0.188155]
[0.0651446, 0.0651547] ; [0.188155, 0.190177]
[0.0769896, 0.0770002] ; [0.190177, 0.19216]
[0.0885833, 0.0885944] ; [0.19216, 0.194109]
[0.0999526, 0.0999642] ; [0.194109, 0.196029]
[0.11112, 0.111132] ; [0.196029, 0.197924]
[0.122103, 0.122116] ; [0.197924, 0.199796]
[0.132919, 0.132932] ; [0.199796, 0.201648]
[0.143581, 0.143595] ; [0.201648, 0.203484]
[0.154102, 0.154116] ; [0.203484, 0.205305]
[0.164491, 0.164506] ; [0.205305, 0.207113]
[0.174759, 0.174775] ; [0.207113, 0.20891]
[0.184913, 0.184929] ; [0.20891, 0.210697]
[0.194955, 0.194972] ; [0.210697, 0.212476]
[0.204892, 0.204909] ; [0.212476, 0.214247]
[0.214728, 0.214746] ; [0.214247, 0.216011]
[0.22447, 0.224489] ; [0.216011, 0.21777]
[0.234121, 0.234141] ; [0.21777, 0.219525]
[0.243687, 0.243707] ; [0.219525, 0.221276]
[0.25317, 0.25319] ; [0.221276, 0.223025]
[0.262573, 0.262594] ; [0.223025, 0.224772]
[0.2719, 0.271922] ; [0.224772, 0.226518]
[0.281153, 0.281176] ; [0.226518, 0.228264]
[0.290335, 0.290358] ; [0.228264, 0.230011]
[0.299447, 0.29947] ; [0.230011, 0.231759]
[0.30849, 0.308514] ; [0.231759, 0.233509]
[0.317467, 0.317492] ; [0.233509, 0.235262]
[0.326379, 0.326404] ; [0.235262, 0.237017]
[0.335226, 0.335253] ; [0.237017, 0.238777]
[0.34401, 0.344037] ; [0.238777, 0.240541]
[0.352731, 0.352759] ; [0.240541, 0.242309]
[0.36139, 0.361418] ; [0.242309, 0.244083]
[0.369987, 0.370016] ; [0.244083, 0.245863]
[0.378522, 0.378552] ; [0.245863, 0.24765]
[0.386996, 0.387026] ; [0.24765, 0.249443]
[0.395407, 0.395438] ; [0.249443, 0.251244]
[0.403757, 0.403789] ; [0.251244, 0.253053]
[0.412045, 0.412077] ; [0.253053, 0.254871]
[0.42027, 0.420303] ; [0.254871, 0.256698]
[0.428432, 0.428465] ; [0.256698, 0.258534]
[0.43653, 0.436564] ; [0.258534, 0.260381]
[0.444563, 0.444598] ; [0.260381, 0.262239]
[0.452531, 0.452566] ; [0.262239, 0.264107]
[0.460433, 0.460469] ; [0.264107, 0.265988]
[0.468267, 0.468304] ; [0.265988, 0.267881]
[0.476033, 0.47607] ; [0.267881, 0.269788]
[0.483729, 0.483767] ; [0.269788, 0.271709]
[0.491354, 0.491393] ; [0.271709, 0.273644]
[0.498907, 0.498947] ; [0.273644, 0.275595]
[0.506387, 0.506427] ; [0.275595, 0.277562]
[0.513791, 0.513832] ; [0.277562, 0.279546]
[0.521118, 0.52116] ; [0.279546, 0.281548]
[0.528367, 0.528409] ; [0.281548, 0.283569]
[0.535536, 0.535579] ; [0.283569, 0.285611]
[0.542623, 0.542667] ; [0.285611, 0.287674]
[0.549626, 0.549671] ; [0.287674, 0.289761]
[0.556544, 0.55659] ; [0.289761, 0.291871]
[0.563375, 0.563421] ; [0.291871, 0.294008]
[0.570117, 0.570163] ; [0.294008, 0.296173]
[0.576767, 0.576815] ; [0.296173, 0.298368]
[0.583182, 0.58323] ; [0.298368, 0.300547]
[0.589306, 0.589355] ; [0.300547, 0.302688]
[0.595154, 0.595204] ; [0.302688, 0.304796]
[0.600736, 0.600787] ; [0.304796, 0.306869]
[0.606061, 0.606113] ; [0.306869, 0.30891]
[0.611136, 0.611189] ; [0.30891, 0.310918]
[0.615972, 0.616026] ; [0.310918, 0.312894]
[0.620579, 0.620634] ; [0.312894, 0.31484]
[0.624967, 0.625022] ; [0.31484, 0.316757]
[0.629143, 0.629199] ; [0.316757, 0.318646]
[0.633115, 0.633173] ; [0.318646, 0.320509]
[0.636892, 0.636951] ; [0.320509, 0.322346]
[0.64048, 0.64054] ; [0.322346, 0.324158]
[0.643886, 0.643946] ; [0.324158, 0.325945]
[0.647116, 0.647177] ; [0.325945, 0.327709]
[0.650175, 0.650237] ; [0.327709, 0.32945]
[0.653069, 0.653132] ; [0.32945, 0.331169]
[0.655805, 0.655868] ; [0.331169, 0.332865]
[0.658385, 0.65845] ; [0.332865, 0.33454]
[0.660817, 0.660882] ; [0.33454, 0.336194]
[0.663104, 0.66317] ; [0.336194, 0.337827]
[0.66525, 0.665317] ; [0.337827, 0.339439]
[0.667276, 0.667343] ; [0.339439, 0.341043]
[0.669186, 0.669255] ; [0.341043, 0.342643]
[0.670983, 0.671052] ; [0.342643, 0.344239]
[0.672666, 0.672736] ; [0.344239, 0.345831]
[0.674237, 0.674308] ; [0.345831, 0.347419]
[0.675697, 0.675768] ; [0.347419, 0.349004]
[0.677046, 0.677118] ; [0.349004, 0.350586]
[0.678285, 0.678357] ; [0.350586, 0.352165]
[0.679415, 0.679488] ; [0.352165, 0.353741]
[0.680435, 0.680509] ; [0.353741, 0.355314]
[0.681348, 0.681423] ; [0.355314, 0.356885]
[0.682153, 0.682228] ; [0.356885, 0.358453]
[0.682851, 0.682927] ; [0.358453, 0.36002]
[0.683443, 0.683519] ; [0.36002, 0.361585]
[0.683928, 0.684005] ; [0.361585, 0.363148]
[0.684307, 0.684385] ; [0.363148, 0.364709]
[0.684581, 0.684659] ; [0.364709, 0.366269]
[0.684749, 0.684828] ; [0.366269, 0.367828]
[0.684813, 0.684893] ; [0.367828, 0.369386]
[0.684772, 0.684853] ; [0.369386, 0.370942]
[0.684627, 0.684708] ; [0.370942, 0.372498]
[0.684378, 0.684459] ; [0.372498, 0.374054]
[0.684024, 0.684107] ; [0.374054, 0.375608]
[0.683567, 0.68365] ; [0.375608, 0.377162]
[0.683007, 0.68309] ; [0.377162, 0.378716]
[0.682343, 0.682427] ; [0.378716, 0.38027]
[0.681575, 0.68166] ; [0.38027, 0.381824]
[0.680704, 0.680789] ; [0.381824, 0.383378]
[0.67973, 0.679815] ; [0.383378, 0.384933]
[0.678652, 0.678738] ; [0.384933, 0.386488]
[0.677471, 0.677558] ; [0.386488, 0.388043]
[0.676187, 0.676274] ; [0.388043, 0.3896]
[0.674799, 0.674887] ; [0.3896, 0.391157]
[0.673308, 0.673396] ; [0.391157, 0.392716]
[0.671712, 0.671801] ; [0.392716, 0.394275]
[0.670013, 0.670102] ; [0.394275, 0.395837]
[0.66821, 0.668299] ; [0.395837, 0.3974]
[0.666302, 0.666392] ; [0.3974, 0.398965]
[0.664289, 0.66438] ; [0.398965, 0.400531]
[0.662171, 0.662263] ; [0.400531, 0.4021]
[0.659948, 0.66004] ; [0.4021, 0.403672]
[0.657619, 0.657712] ; [0.403672, 0.405246]
[0.655174, 0.655267] ; [0.405246, 0.406829]
[0.652599, 0.652693] ; [0.406829, 0.408429]
[0.649892, 0.649986] ; [0.408429, 0.410045]
[0.647049, 0.647144] ; [0.410045, 0.411677]
[0.644067, 0.644162] ; [0.411677, 0.413327]
[0.640943, 0.641039] ; [0.413327, 0.414993]
[0.637674, 0.63777] ; [0.414993, 0.416677]
[0.634255, 0.634351] ; [0.416677, 0.418379]
[0.630684, 0.630781] ; [0.418379, 0.420098]
[0.626958, 0.627056] ; [0.420098, 0.421835]
[0.623073, 0.623171] ; [0.421835, 0.42359]
[0.619025, 0.619124] ; [0.42359, 0.425364]
[0.614809, 0.614909] ; [0.425364, 0.427157]
[0.610422, 0.610523] ; [0.427157, 0.42897]
[0.60586, 0.605961] ; [0.42897, 0.430802]
[0.601116, 0.601218] ; [0.430802, 0.432655]
[0.596187, 0.59629] ; [0.432655, 0.434529]
[0.591067, 0.591171] ; [0.434529, 0.436426]
[0.585751, 0.585856] ; [0.436426, 0.438345]
[0.580232, 0.580338] ; [0.438345, 0.440287]
[0.574505, 0.574611] ; [0.440287, 0.442254]
[0.568562, 0.568669] ; [0.442254, 0.444247]
[0.562395, 0.562503] ; [0.444247, 0.446266]
[0.555998, 0.556106] ; [0.446266, 0.448313]
[0.549361, 0.54947] ; [0.448313, 0.450389]
[0.542475, 0.542584] ; [0.450389, 0.452496]
[0.535329, 0.53544] ; [0.452496, 0.454635]
[0.527913, 0.528024] ; [0.454635, 0.456809]
[0.520214, 0.520326] ; [0.456809, 0.459019]
[0.512219, 0.512331] ; [0.459019, 0.461268]
[0.503912, 0.504025] ; [0.461268, 0.463557]
[0.495277, 0.495391] ; [0.463557, 0.465891]
[0.486295, 0.486409] ; [0.465891, 0.468273]
[0.476945, 0.47706] ; [0.468273, 0.470705]
[0.467205, 0.467321] ; [0.470705, 0.473191]
[0.457049, 0.457165] ; [0.473191, 0.475738]
[0.446446, 0.446563] ; [0.475738, 0.478348]
[0.435367, 0.435484] ; [0.478348, 0.481029]
[0.424011, 0.424129] ; [0.481029, 0.48373]
[0.412766, 0.412884] ; [0.48373, 0.486361]
[0.401578, 0.401697] ; [0.486361, 0.48894]
[0.390434, 0.390552] ; [0.48894, 0.491473]
[0.37932, 0.379439] ; [0.491473, 0.493966]
[0.368225, 0.368345] ; [0.493966, 0.496423]
[0.357141, 0.35726] ; [0.496423, 0.49885]
[0.346058, 0.346178] ; [0.49885, 0.50125]
[0.334969, 0.335089] ; [0.50125, 0.503626]
[0.323867, 0.323988] ; [0.503626, 0.505982]
[0.312745, 0.312868] ; [0.505982, 0.508321]
[0.301598, 0.301722] ; [0.508321, 0.510644]
[0.290419, 0.290545] ; [0.510644, 0.512955]
[0.279203, 0.27933] ; [0.512955, 0.515257]
[0.267944, 0.268073] ; [0.515257, 0.51755]
[0.256638, 0.256768] ; [0.51755, 0.519837]
[0.245278, 0.24541] ; [0.519837, 0.522121]
[0.233859, 0.233992] ; [0.522121, 0.524404]
[0.222376, 0.22251] ; [0.524404, 0.526686]
[0.210823, 0.210959] ; [0.526686, 0.528971]
[0.199194, 0.199332] ; [0.528971, 0.53126]
[0.187485, 0.187624] ; [0.53126, 0.533555]
[0.175688, 0.175829] ; [0.533555, 0.535858]
[0.163799, 0.163941] ; [0.535858, 0.538171]
[0.151811, 0.151954] ; [0.538171, 0.540496]
[0.139717, 0.139862] ; [0.540496, 0.542835]
[0.127512, 0.127658] ; [0.542835, 0.54519]
[0.115188, 0.115335] ; [0.54519, 0.547563]
[0.102738, 0.102887] ; [0.547563, 0.549957]
[0.0901557, 0.0903062] ; [0.549957, 0.552372]
[0.0774331, 0.0775861] ; [0.552372, 0.554813]
[0.0645631, 0.0647188] ; [0.554813, 0.557281]
[0.0515387, 0.0516971] ; [0.557281, 0.559779]
[0.0383531, 0.0385143] ; [0.559779, 0.562309]
[0.0250127, 0.0251769] ; [0.562309, 0.56487]
[0.0115065, 0.0116739] ; [0.56487, 0.567467]
[-0.00217146, -0.00200096] ; [0.567467, 0.570102]
[-0.0155329, -0.0153594] ; [0.570102, 0.572682]
[-0.0286383, -0.0284619] ; [0.572682, 0.575219]
[-0.0415023, -0.0413223] ; [0.575219, 0.577717]
[-0.0541489, -0.0539656] ; [0.577717, 0.580182]
[-0.066596, -0.0664093] ; [0.580182, 0.582617]
[-0.0788601, -0.0786702] ; [0.582617, 0.585026]
[-0.0909552, -0.0907621] ; [0.585026, 0.587413]
[-0.102894, -0.102698] ; [0.587413, 0.58978]
[-0.114687, -0.114488] ; [0.58978, 0.592131]
[-0.126345, -0.126142] ; [0.592131, 0.594468]
[-0.137875, -0.13767] ; [0.594468, 0.596793]
[-0.149285, -0.149077] ; [0.596793, 0.599109]
[-0.160583, -0.160372] ; [0.599109, 0.601417]
[-0.171774, -0.17156] ; [0.601417, 0.603719]
[-0.182863, -0.182647] ; [0.603719, 0.606017]
[-0.193855, -0.193636] ; [0.606017, 0.608312]
[-0.20475, -0.204529] ; [0.608312, 0.610606]
[-0.21555, -0.215327] ; [0.610606, 0.612899]
[-0.226259, -0.226034] ; [0.612899, 0.615193]
[-0.236879, -0.236652] ; [0.615193, 0.617489]
[-0.247413, -0.247183] ; [0.617489, 0.619789]
[-0.257862, -0.25763] ; [0.619789, 0.622093]
[-0.268228, -0.267993] ; [0.622093, 0.624404]
[-0.278512, -0.278276] ; [0.624404, 0.626721]
[-0.288716, -0.288478] ; [0.626721, 0.629047]
[-0.298841, -0.298601] ; [0.629047, 0.631383]
[-0.308887, -0.308644] ; [0.631383, 0.63373]
[-0.318854, -0.31861] ; [0.63373, 0.636089]
[-0.328743, -0.328497] ; [0.636089, 0.638461]
[-0.338554, -0.338306] ; [0.638461, 0.640849]
[-0.348286, -0.348037] ; [0.640849, 0.643252]
[-0.357941, -0.35769] ; [0.643252, 0.645674]
[-0.367516, -0.367264] ; [0.645674, 0.648115]
[-0.377001, -0.376747] ; [0.648115, 0.650575]
[-0.386206, -0.385951] ; [0.650575, 0.653004]
[-0.395148, -0.394891] ; [0.653004, 0.655406]
[-0.403829, -0.403571] ; [0.655406, 0.657781]
[-0.412252, -0.411993] ; [0.657781, 0.66013]
[-0.420421, -0.420161] ; [0.66013, 0.662452]
[-0.428339, -0.428078] ; [0.662452, 0.664748]
[-0.436011, -0.435749] ; [0.664748, 0.667017]
[-0.443441, -0.443178] ; [0.667017, 0.669261]
[-0.450633, -0.45037] ; [0.669261, 0.671479]
[-0.457593, -0.457328] ; [0.671479, 0.673673]
[-0.464324, -0.464059] ; [0.673673, 0.675841]
[-0.470831, -0.470565] ; [0.675841, 0.677985]
[-0.477119, -0.476853] ; [0.677985, 0.680105]
[-0.483192, -0.482926] ; [0.680105, 0.682202]
[-0.489055, -0.488789] ; [0.682202, 0.684275]
[-0.494713, -0.494446] ; [0.684275, 0.686325]
[-0.50017, -0.499903] ; [0.686325, 0.688353]
[-0.50543, -0.505162] ; [0.688353, 0.690359]
[-0.510498, -0.51023] ; [0.690359, 0.692343]
[-0.515377, -0.51511] ; [0.692343, 0.694306]
[-0.520074, -0.519806] ; [0.694306, 0.696248]
[-0.52459, -0.524322] ; [0.696248, 0.698168]
[-0.528931, -0.528663] ; [0.698168, 0.700069]
[-0.5331, -0.532832] ; [0.700069, 0.701949]
[-0.537102, -0.536834] ; [0.701949, 0.703809]
[-0.540939, -0.540672] ; [0.703809, 0.70565]
[-0.544617, -0.544349] ; [0.70565, 0.707471]
[-0.548138, -0.547871] ; [0.707471, 0.709273]
[-0.551512, -0.551245] ; [0.709273, 0.71106]
[-0.554761, -0.554494] ; [0.71106, 0.712841]
[-0.557884, -0.557617] ; [0.712841, 0.714616]
[-0.560883, -0.560616] ; [0.714616, 0.716387]
[-0.563758, -0.563492] ; [0.716387, 0.718152]
[-0.56651, -0.566245] ; [0.718152, 0.719913]
[-0.56914, -0.568875] ; [0.719913, 0.721668]
[-0.571649, -0.571384] ; [0.721668, 0.723419]
[-0.574037, -0.573773] ; [0.723419, 0.725165]
[-0.576306, -0.576042] ; [0.725165, 0.726907]
[-0.578455, -0.578192] ; [0.726907, 0.728644]
[-0.580487, -0.580223] ; [0.728644, 0.730378]
[-0.582401, -0.582137] ; [0.730378, 0.732107]
[-0.584198, -0.583935] ; [0.732107, 0.733833]
[-0.585879, -0.585616] ; [0.733833, 0.735556]
[-0.587445, -0.587182] ; [0.735556, 0.737275]
[-0.588896, -0.588633] ; [0.737275, 0.738991]
[-0.590232, -0.58997] ; [0.738991, 0.740705]
[-0.591455, -0.591193] ; [0.740705, 0.742415]
[-0.592565, -0.592303] ; [0.742415, 0.744123]
[-0.593562, -0.5933] ; [0.744123, 0.745828]
[-0.594447, -0.594186] ; [0.745828, 0.747531]
[-0.59522, -0.594959] ; [0.747531, 0.749233]
[-0.595881, -0.595621] ; [0.749233, 0.750932]
[-0.596432, -0.596172] ; [0.750932, 0.75263]
[-0.596871, -0.596612] ; [0.75263, 0.754326]
[-0.597201, -0.596942] ; [0.754326, 0.75602]
[-0.597421, -0.597163] ; [0.75602, 0.757714]
[-0.59753, -0.597273] ; [0.757714, 0.759407]
[-0.59753, -0.597274] ; [0.759407, 0.761099]
[-0.597421, -0.597165] ; [0.761099, 0.76279]
[-0.597203, -0.596948] ; [0.76279, 0.764481]
[-0.596876, -0.596621] ; [0.764481, 0.766172]
[-0.596439, -0.596186] ; [0.766172, 0.767862]
[-0.595894, -0.595642] ; [0.767862, 0.769553]
[-0.595241, -0.594989] ; [0.769553, 0.771244]
[-0.594478, -0.594227] ; [0.771244, 0.772935]
[-0.593607, -0.593357] ; [0.772935, 0.774627]
[-0.592627, -0.592377] ; [0.774627, 0.77632]
[-0.59154, -0.591287] ; [0.77632, 0.778015]
[-0.590344, -0.590088] ; [0.778015, 0.779711]
[-0.589038, -0.588779] ; [0.779711, 0.781408]
[-0.587623, -0.587361] ; [0.781408, 0.783108]
[-0.586097, -0.585833] ; [0.783108, 0.78481]
[-0.584462, -0.584194] ; [0.78481, 0.786515]
[-0.582715, -0.582445] ; [0.786515, 0.788222]
[-0.580857, -0.580584] ; [0.788222, 0.789933]
[-0.578887, -0.578611] ; [0.789933, 0.791647]
[-0.576804, -0.576526] ; [0.791647, 0.793365]
[-0.574608, -0.574327] ; [0.793365, 0.795087]
[-0.572298, -0.572014] ; [0.795087, 0.796814]
[-0.569873, -0.569586] ; [0.796814, 0.798545]
[-0.567331, -0.567042] ; [0.798545, 0.800282]
[-0.564672, -0.56438] ; [0.800282, 0.802025]
[-0.561894, -0.5616] ; [0.802025, 0.803774]
[-0.558996, -0.5587] ; [0.803774, 0.80553]
[-0.555976, -0.555678] ; [0.80553, 0.807293]
[-0.552833, -0.552532] ; [0.807293, 0.809064]
[-0.549565, -0.549262] ; [0.809064, 0.810844]
[-0.546169, -0.545864] ; [0.810844, 0.812632]
[-0.542643, -0.542336] ; [0.812632, 0.81443]
[-0.538986, -0.538677] ; [0.81443, 0.816239]
[-0.535193, -0.534882] ; [0.816239, 0.818059]
[-0.531246, -0.530933] ; [0.818059, 0.819899]
[-0.52713, -0.526814] ; [0.819899, 0.821763]
[-0.522839, -0.522521] ; [0.821763, 0.823654]
[-0.518365, -0.518046] ; [0.823654, 0.825572]
[-0.513702, -0.513381] ; [0.825572, 0.827518]
[-0.508841, -0.508518] ; [0.827518, 0.829496]
[-0.503772, -0.503447] ; [0.829496, 0.831505]
[-0.498485, -0.498159] ; [0.831505, 0.83355]
[-0.492969, -0.49264] ; [0.83355, 0.835631]
[-0.487209, -0.486879] ; [0.835631, 0.837752]
[-0.481192, -0.48086] ; [0.837752, 0.839916]
[-0.474898, -0.474566] ; [0.839916, 0.842127]
[-0.468309, -0.467975] ; [0.842127, 0.84439]
[-0.4614, -0.461064] ; [0.84439, 0.846709]
[-0.454142, -0.453805] ; [0.846709, 0.849092]
[-0.446501, -0.446163] ; [0.849092, 0.851545]
[-0.438485, -0.438145] ; [0.851545, 0.854064]
[-0.430513, -0.430172] ; [0.854064, 0.856517]
[-0.42256, -0.422219] ; [0.856517, 0.858917]
[-0.414641, -0.414298] ; [0.858917, 0.861264]
[-0.406745, -0.406402] ; [0.861264, 0.863563]
[-0.398866, -0.398522] ; [0.863563, 0.865821]
[-0.390998, -0.390653] ; [0.865821, 0.868041]
[-0.383136, -0.38279] ; [0.868041, 0.870228]
[-0.375275, -0.37493] ; [0.870228, 0.872384]
[-0.367413, -0.367067] ; [0.872384, 0.874512]
[-0.359546, -0.3592] ; [0.874512, 0.876616]
[-0.351671, -0.351324] ; [0.876616, 0.878697]
[-0.343786, -0.343439] ; [0.878697, 0.880757]
[-0.335889, -0.335541] ; [0.880757, 0.882799]
[-0.327978, -0.327628] ; [0.882799, 0.884824]
[-0.32005, -0.319697] ; [0.884824, 0.886833]
[-0.312103, -0.311749] ; [0.886833, 0.888829]
[-0.304136, -0.303779] ; [0.888829, 0.890812]
[-0.296146, -0.295787] ; [0.890812, 0.892785]
[-0.288132, -0.287771] ; [0.892785, 0.894747]
[-0.280092, -0.27973] ; [0.894747, 0.896701]
[-0.272024, -0.27166] ; [0.896701, 0.898648]
[-0.263926, -0.263561] ; [0.898648, 0.900588]
[-0.255797, -0.25543] ; [0.900588, 0.902523]
[-0.247635, -0.247266] ; [0.902523, 0.904455]
[-0.239438, -0.239068] ; [0.904455, 0.906383]
[-0.231203, -0.230832] ; [0.906383, 0.908309]
[-0.22293, -0.222557] ; [0.908309, 0.910234]
[-0.214615, -0.214242] ; [0.910234, 0.912159]
[-0.206258, -0.205884] ; [0.912159, 0.914085]
[-0.197856, -0.19748] ; [0.914085, 0.916013]
[-0.189407, -0.18903] ; [0.916013, 0.917944]
[-0.180908, -0.180531] ; [0.917944, 0.919879]
[-0.172357, -0.171979] ; [0.919879, 0.921819]
[-0.163753, -0.163374] ; [0.921819, 0.923765]
[-0.155091, -0.154712] ; [0.923765, 0.925718]
[-0.14637, -0.145991] ; [0.925718, 0.927679]
[-0.137588, -0.137208] ; [0.927679, 0.92965]
[-0.12874, -0.128359] ; [0.92965, 0.931631]
[-0.119824, -0.119443] ; [0.931631, 0.933623]
[-0.110836, -0.110455] ; [0.933623, 0.935629]
[-0.101775, -0.101393] ; [0.935629, 0.937648]
[-0.0926366, -0.0922512] ; [0.937648, 0.939683]
[-0.0834168, -0.0830271] ; [0.939683, 0.941735]
[-0.0741117, -0.0737178] ; [0.941735, 0.943804]
[-0.0647172, -0.0643191] ; [0.943804, 0.945894]
[-0.0552293, -0.054827] ; [0.945894, 0.948005]
[-0.04565, -0.0452434] ; [0.948005, 0.950137]
[-0.0359762, -0.0355652] ; [0.950137, 0.952292]
[-0.0262029, -0.0257875] ; [0.952292, 0.954472]
[-0.0163254, -0.0159054] ; [0.954472, 0.956678]
[-0.00633894, -0.00591419] ; [0.956678, 0.958913]
[0.00376172, 0.00419139] ; [0.958913, 0.961179]
[0.0139803, 0.0144192] ; [0.961179, 0.963478]
[0.0243225, 0.0247707] ; [0.963478, 0.965811]
[0.0346043, 0.0350616] ; [0.965811, 0.968139]
[0.0446293, 0.0450953] ; [0.968139, 0.970418]
[0.0544761, 0.0549507] ; [0.970418, 0.972665]
[0.0641431, 0.0646259] ; [0.972665, 0.97488]
[0.0736472, 0.0741381] ; [0.97488, 0.977069]
[0.0829987, 0.0834974] ; [0.977069, 0.979233]
[0.0922077, 0.092714] ; [0.979233, 0.981374]
[0.101283, 0.101797] ; [0.981374, 0.983497]
[0.110232, 0.110753] ; [0.983497, 0.985601]
[0.119062, 0.11959] ; [0.985601, 0.98769]
[0.127778, 0.128313] ; [0.98769, 0.989765]
[0.136387, 0.136929] ; [0.989765, 0.991828]
[0.144893, 0.145441] ; [0.991828, 0.99388]
[0.153301, 0.153855] ; [0.99388, 0.995923]
[0.161614, 0.162174] ; [0.995923, 0.997957]
[0.169835, 0.170402] ; [0.997957, 0.999985]
[0.177962, 0.178534] ; [0.999985, 1.002]
[0.185998, 0.186576] ; [1.002, 1.00402]
[0.193945, 0.194529] ; [1.00402, 1.00603]
[0.201807, 0.202396] ; [1.00603, 1.00803]
[0.209584, 0.210179] ; [1.00803, 1.01003]
[0.217279, 0.217879] ; [1.01003, 1.01203]
[0.224894, 0.225499] ; [1.01203, 1.01403]
[0.232429, 0.233039] ; [1.01403, 1.01602]
[0.239887, 0.240501] ; [1.01602, 1.01802]
[0.247267, 0.247886] ; [1.01802, 1.02001]
[0.254571, 0.255194] ; [1.02001, 1.02201]
[0.261799, 0.262427] ; [1.02201, 1.02401]
[0.268952, 0.269585] ; [1.02401, 1.02601]
[0.276031, 0.276668] ; [1.02601, 1.02801]
[0.283035, 0.283676] ; [1.02801, 1.03002]
[0.289965, 0.29061] ; [1.03002, 1.03203]
[0.296821, 0.297469] ; [1.03203, 1.03405]
[0.303602, 0.304255] ; [1.03405, 1.03607]
[0.310309, 0.310965] ; [1.03607, 1.0381]
[0.316941, 0.317601] ; [1.0381, 1.04014]
[0.323498, 0.324161] ; [1.04014, 1.04218]
[0.329979, 0.330645] ; [1.04218, 1.04424]
[0.336383, 0.337053] ; [1.04424, 1.0463]
[0.342711, 0.343383] ; [1.0463, 1.04837]
[0.348961, 0.349636] ; [1.04837, 1.05045]
[0.355131, 0.355809] ; [1.05045, 1.05255]
[0.361222, 0.361903] ; [1.05255, 1.05465]
[0.367232, 0.367916] ; [1.05465, 1.05677]
[0.37316, 0.373846] ; [1.05677, 1.0589]
[0.379005, 0.379693] ; [1.0589, 1.06105]
[0.384765, 0.385455] ; [1.06105, 1.06321]
[0.390439, 0.391131] ; [1.06321, 1.06539]
[0.39602, 0.396715] ; [1.06539, 1.06759]
[0.401399, 0.402096] ; [1.06759, 1.06975]
[0.406586, 0.407283] ; [1.06975, 1.0719]
[0.411583, 0.412282] ; [1.0719, 1.07402]
[0.416395, 0.417096] ; [1.07402, 1.07611]
[0.421026, 0.421728] ; [1.07611, 1.07818]
[0.425481, 0.426184] ; [1.07818, 1.08023]
[0.429763, 0.430467] ; [1.08023, 1.08225]
[0.433877, 0.434582] ; [1.08225, 1.08426]
[0.437826, 0.438532] ; [1.08426, 1.08623]
[0.441614, 0.442321] ; [1.08623, 1.08819]
[0.445246, 0.445953] ; [1.08819, 1.09013]
[0.448727, 0.449434] ; [1.09013, 1.09204]
[0.452081, 0.452789] ; [1.09204, 1.09395]
[0.455311, 0.456019] ; [1.09395, 1.09585]
[0.458417, 0.459126] ; [1.09585, 1.09774]
[0.461401, 0.46211] ; [1.09774, 1.09963]
[0.464263, 0.464972] ; [1.09963, 1.10151]
[0.467006, 0.467715] ; [1.10151, 1.10338]
[0.469629, 0.470338] ; [1.10338, 1.10525]
[0.472135, 0.472843] ; [1.10525, 1.10711]
[0.474523, 0.475232] ; [1.10711, 1.10896]
[0.47679, 0.477509] ; [1.10896, 1.11081]
[0.478942, 0.479671] ; [1.11081, 1.11266]
[0.480978, 0.481717] ; [1.11266, 1.1145]
[0.482899, 0.483648] ; [1.1145, 1.11633]
[0.484707, 0.485467] ; [1.11633, 1.11816]
[0.486403, 0.487172] ; [1.11816, 1.11999]
[0.487988, 0.488766] ; [1.11999, 1.12181]
[0.489462, 0.490249] ; [1.12181, 1.12362]
[0.490826, 0.491622] ; [1.12362, 1.12543]
[0.492081, 0.492886] ; [1.12543, 1.12724]
[0.493227, 0.494041] ; [1.12724, 1.12905]
[0.494266, 0.495088] ; [1.12905, 1.13085]
[0.495198, 0.496028] ; [1.13085, 1.13265]
[0.496022, 0.496861] ; [1.13265, 1.13445]
[0.496741, 0.497587] ; [1.13445, 1.13624]
[0.497353, 0.498208] ; [1.13624, 1.13803]
[0.497861, 0.498722] ; [1.13803, 1.13983]
[0.498263, 0.499132] ; [1.13983, 1.14162]
[0.49856, 0.499437] ; [1.14162, 1.1434]
[0.498753, 0.499637] ; [1.1434, 1.14519]
[0.498842, 0.499732] ; [1.14519, 1.14698]
[0.498827, 0.499724] ; [1.14698, 1.14877]
[0.498708, 0.499611] ; [1.14877, 1.15055]
[0.498485, 0.499395] ; [1.15055, 1.15234]
[0.498159, 0.499075] ; [1.15234, 1.15412]
[0.49773, 0.498651] ; [1.15412, 1.15591]
[0.497197, 0.498124] ; [1.15591, 1.15769]
[0.496561, 0.497494] ; [1.15769, 1.15948]
[0.495822, 0.49676] ; [1.15948, 1.16127]
[0.49498, 0.495923] ; [1.16127, 1.16306]
[0.494035, 0.494983] ; [1.16306, 1.16485]
[0.492986, 0.493939] ; [1.16485, 1.16664]
[0.491834, 0.492792] ; [1.16664, 1.16843]
[0.490579, 0.491541] ; [1.16843, 1.17022]
[0.489219, 0.490186] ; [1.17022, 1.17202]
[0.487756, 0.488727] ; [1.17202, 1.17382]
[0.486189, 0.487163] ; [1.17382, 1.17562]
[0.484517, 0.485495] ; [1.17562, 1.17743]
[0.48274, 0.483722] ; [1.17743, 1.17923]
[0.480858, 0.481843] ; [1.17923, 1.18104]
[0.47887, 0.479858] ; [1.18104, 1.18286]
[0.476776, 0.477767] ; [1.18286, 1.18468]
[0.474575, 0.475569] ; [1.18468, 1.1865]
[0.472267, 0.473264] ; [1.1865, 1.18833]
[0.469851, 0.47085] ; [1.18833, 1.19017]
[0.467326, 0.468327] ; [1.19017, 1.19201]
[0.464692, 0.465695] ; [1.19201, 1.19385]
[0.461948, 0.462953] ; [1.19385, 1.1957]
[0.459092, 0.460099] ; [1.1957, 1.19756]
[0.456125, 0.457133] ; [1.19756, 1.19942]
[0.453045, 0.454054] ; [1.19942, 1.20129]
[0.449853, 0.450862] ; [1.20129, 1.20317]
[0.446546, 0.447557] ; [1.20317, 1.20505]
[0.443125, 0.444136] ; [1.20505, 1.20695]
[0.439587, 0.440598] ; [1.20695, 1.20885]
[0.435932, 0.436944] ; [1.20885, 1.21076]
[0.432159, 0.43317] ; [1.21076, 1.21267]
[0.428266, 0.429276] ; [1.21267, 1.2146]
[0.424251, 0.425261] ; [1.2146, 1.21654]
[0.420113, 0.421122] ; [1.21654, 1.21849]
[0.41583, 0.416837] ; [1.21849, 1.22045]
[0.411396, 0.412402] ; [1.22045, 1.22244]
[0.406809, 0.407813] ; [1.22244, 1.22446]
[0.402065, 0.403067] ; [1.22446, 1.22649]
[0.39716, 0.39816] ; [1.22649, 1.22855]
[0.392091, 0.393089] ; [1.22855, 1.23063]
[0.386853, 0.387848] ; [1.23063, 1.23274]
[0.381443, 0.382435] ; [1.23274, 1.23487]
[0.375857, 0.376845] ; [1.23487, 1.23703]
[0.370089, 0.371073] ; [1.23703, 1.23921]
[0.364135, 0.365115] ; [1.23921, 1.24142]
[0.357992, 0.358967] ; [1.24142, 1.24367]
[0.351654, 0.352624] ; [1.24367, 1.24594]
[0.345116, 0.346081] ; [1.24594, 1.24824]
[0.338373, 0.339333] ; [1.24824, 1.25057]
[0.331421, 0.332375] ; [1.25057, 1.25294]
[0.324256, 0.325202] ; [1.25294, 1.25534]
[0.316871, 0.317811] ; [1.25534, 1.25778]
[0.309263, 0.310195] ; [1.25778, 1.26025]
[0.301427, 0.302352] ; [1.26025, 1.26275]
[0.29336, 0.294276] ; [1.26275, 1.26529]
[0.285058, 0.285965] ; [1.26529, 1.26788]
[0.276518, 0.277415] ; [1.26788, 1.27049]
[0.267803, 0.26869] ; [1.27049, 1.27313]
[0.259073, 0.25995] ; [1.27313, 1.27574]
[0.2503, 0.251167] ; [1.27574, 1.27833]
[0.241487, 0.242344] ; [1.27833, 1.28091]
[0.232633, 0.233478] ; [1.28091, 1.28347]
[0.223735, 0.224569] ; [1.28347, 1.28602]
[0.214793, 0.215616] ; [1.28602, 1.28856]
[0.205804, 0.206615] ; [1.28856, 1.29109]
[0.196769, 0.197568] ; [1.29109, 1.29361]
[0.187685, 0.188472] ; [1.29361, 1.29613]
[0.178552, 0.179326] ; [1.29613, 1.29864]
[0.169366, 0.170132] ; [1.29864, 1.30116]
[0.160128, 0.160886] ; [1.30116, 1.30367]
[0.150838, 0.151588] ; [1.30367, 1.30618]
[0.141495, 0.142236] ; [1.30618, 1.30869]
[0.132095, 0.132834] ; [1.30869, 1.31121]
[0.122641, 0.123377] ; [1.31121, 1.31373]
[0.113123, 0.113873] ; [1.31373, 1.31626]
[0.103551, 0.104313] ; [1.31626, 1.31879]
[0.0939238, 0.0946993] ; [1.31879, 1.32133]
[0.0842424, 0.0850304] ; [1.32133, 1.32388]
[0.0745065, 0.0753068] ; [1.32388, 1.32644]
[0.0647157, 0.065528] ; [1.32644, 1.32901]
[0.05487, 0.0556939] ; [1.32901, 1.33159]
[0.0449704, 0.0458062] ; [1.33159, 1.33419]
[0.0350176, 0.035865] ; [1.33419, 1.3368]
[0.0250129, 0.0258715] ; [1.3368, 1.33942]
[0.0149641, 0.0158336] ; [1.33942, 1.34206]
[0.00487011, 0.00575067] ; [1.34206, 1.34471]
[-0.00526705, -0.00437579] ; [1.34471, 1.34738]
[-0.015446, -0.0145442] ; [1.34738, 1.35007]
[-0.0254896, -0.0245778] ; [1.35007, 1.35273]
[-0.0354196, -0.034498] ; [1.35273, 1.35537]
[-0.0452357, -0.0443047] ; [1.35537, 1.35799]
[-0.0549435, -0.0540034] ; [1.35799, 1.36059]
[-0.0645463, -0.0635975] ; [1.36059, 1.36317]
[-0.0740477, -0.0730906] ; [1.36317, 1.36575]
[-0.083451, -0.0824858] ; [1.36575, 1.3683]
[-0.0927589, -0.091786] ; [1.3683, 1.37085]
[-0.101974, -0.100994] ; [1.37085, 1.37339]
[-0.111099, -0.110111] ; [1.37339, 1.37592]
[-0.120135, -0.119141] ; [1.37592, 1.37844]
[-0.129085, -0.128084] ; [1.37844, 1.38096]
[-0.13795, -0.136943] ; [1.38096, 1.38348]
[-0.146731, -0.145718] ; [1.38348, 1.38599]
[-0.15543, -0.154412] ; [1.38599, 1.38851]
[-0.164026, -0.163002] ; [1.38851, 1.39102]
[-0.172484, -0.171454] ; [1.39102, 1.39351]
[-0.180804, -0.179768] ; [1.39351, 1.39599]
[-0.188984, -0.187943] ; [1.39599, 1.39845]
[-0.19702, -0.195975] ; [1.39845, 1.40089]
[-0.204912, -0.203862] ; [1.40089, 1.40333]
[-0.212657, -0.211602] ; [1.40333, 1.40574]
[-0.220254, -0.219194] ; [1.40574, 1.40814]
[-0.2277, -0.226636] ; [1.40814, 1.41052]
[-0.234995, -0.233927] ; [1.41052, 1.41289]
[-0.242138, -0.241065] ; [1.41289, 1.41523]
[-0.249127, -0.248051] ; [1.41523, 1.41756]
[-0.255963, -0.254882] ; [1.41756, 1.41988]
[-0.262645, -0.261561] ; [1.41988, 1.42217]
[-0.269173, -0.268085] ; [1.42217, 1.42445]
[-0.275547, -0.274456] ; [1.42445, 1.42671]
[-0.281768, -0.280673] ; [1.42671, 1.42895]
[-0.287836, -0.286738] ; [1.42895, 1.43117]
[-0.293752, -0.292651] ; [1.43117, 1.43338]
[-0.299516, -0.298413] ; [1.43338, 1.43557]
[-0.305131, -0.304025] ; [1.43557, 1.43774]
[-0.310596, -0.309488] ; [1.43774, 1.43989]
[-0.315914, -0.314803] ; [1.43989, 1.44202]
[-0.321086, -0.319972] ; [1.44202, 1.44414]
[-0.326123, -0.325008] ; [1.44414, 1.44624]
[-0.331041, -0.329924] ; [1.44624, 1.44834]
[-0.335839, -0.33472] ; [1.44834, 1.45043]
[-0.340517, -0.339396] ; [1.45043, 1.45251]
[-0.345075, -0.343952] ; [1.45251, 1.45458]
[-0.349513, -0.348389] ; [1.45458, 1.45665]
[-0.353833, -0.352707] ; [1.45665, 1.45871]
[-0.358034, -0.356907] ; [1.45871, 1.46076]
[-0.362117, -0.360989] ; [1.46076, 1.46281]
[-0.366082, -0.364953] ; [1.46281, 1.46485]
[-0.369929, -0.368801] ; [1.46485, 1.46688]
[-0.37366, -0.372531] ; [1.46688, 1.46891]
[-0.377275, -0.376145] ; [1.46891, 1.47094]
[-0.380773, -0.379643] ; [1.47094, 1.47295]
[-0.384156, -0.383026] ; [1.47295, 1.47497]
[-0.387425, -0.386293] ; [1.47497, 1.47697]
[-0.390578, -0.389446] ; [1.47697, 1.47898]
[-0.393617, -0.392485] ; [1.47898, 1.48097]
[-0.396543, -0.39541] ; [1.48097, 1.48297]
[-0.399355, -0.398221] ; [1.48297, 1.48495]
[-0.402054, -0.40092] ; [1.48495, 1.48694]
[-0.404641, -0.403507] ; [1.48694, 1.48892]
[-0.407125, -0.405971] ; [1.48892, 1.4909]
[-0.409497, -0.408324] ; [1.4909, 1.49287]
[-0.411758, -0.410565] ; [1.49287, 1.49484]
[-0.413908, -0.412695] ; [1.49484, 1.49681]
[-0.415947, -0.414715] ; [1.49681, 1.49877]
[-0.417876, -0.416624] ; [1.49877, 1.50073]
[-0.419694, -0.418423] ; [1.50073, 1.50269]
[-0.421402, -0.420112] ; [1.50269, 1.50464]
[-0.423001, -0.421692] ; [1.50464, 1.5066]
[-0.42449, -0.423162] ; [1.5066, 1.50855]
[-0.425871, -0.424524] ; [1.50855, 1.5105]
[-0.427142, -0.425777] ; [1.5105, 1.51245]
[-0.428305, -0.426921] ; [1.51245, 1.5144]
[-0.429359, -0.427957] ; [1.5144, 1.51634]
[-0.430304, -0.428884] ; [1.51634, 1.51829]
[-0.431142, -0.429704] ; [1.51829, 1.52023]
[-0.431871, -0.430415] ; [1.52023, 1.52218]
[-0.432492, -0.431018] ; [1.52218, 1.52412]
[-0.433008, -0.431511] ; [1.52412, 1.52607]
[-0.433416, -0.431896] ; [1.52607, 1.52801]
[-0.433715, -0.432173] ; [1.52801, 1.52996]
[-0.433907, -0.432342] ; [1.52996, 1.53191]
[-0.43399, -0.432402] ; [1.53191, 1.53385]
[-0.433965, -0.432355] ; [1.53385, 1.5358]
[-0.433831, -0.432199] ; [1.5358, 1.53775]
[-0.433589, -0.431935] ; [1.53775, 1.53971]
[-0.43324, -0.431561] ; [1.53971, 1.54166]
[-0.432782, -0.431078] ; [1.54166, 1.54362]
[-0.432214, -0.430487] ; [1.54362, 1.54557]
[-0.431538, -0.429787] ; [1.54557, 1.54754]
[-0.430752, -0.428978] ; [1.54754, 1.5495]
[-0.429856, -0.428059] ; [1.5495, 1.55146]
[-0.42885, -0.427031] ; [1.55146, 1.55343]
[-0.427733, -0.425892] ; [1.55343, 1.55541]
[-0.426505, -0.424643] ; [1.55541, 1.55738]
[-0.425166, -0.423283] ; [1.55738, 1.55937]
[-0.423714, -0.42181] ; [1.55937, 1.56135]
[-0.42215, -0.420225] ; [1.56135, 1.56335]
[-0.420472, -0.418527] ; [1.56335, 1.56534]
[-0.418679, -0.416715] ; [1.56534, 1.56735]
[-0.41677, -0.414788] ; [1.56735, 1.56936]
[-0.414746, -0.412744] ; [1.56936, 1.57138]
[-0.412603, -0.410584] ; [1.57138, 1.5734]
[-0.410342, -0.408305] ; [1.5734, 1.57544]
[-0.407961, -0.405907] ; [1.57544, 1.57748]
[-0.405458, -0.403387] ; [1.57748, 1.57954]
[-0.402832, -0.400745] ; [1.57954, 1.5816]
[-0.400081, -0.397978] ; [1.5816, 1.58367]
[-0.397204, -0.395085] ; [1.58367, 1.58576]
[-0.394197, -0.392064] ; [1.58576, 1.58786]
[-0.39106, -0.388913] ; [1.58786, 1.58997]
[-0.387789, -0.385628] ; [1.58997, 1.5921]
[-0.384382, -0.382208] ; [1.5921, 1.59424]
[-0.380837, -0.37865] ; [1.59424, 1.59639]
[-0.377149, -0.37495] ; [1.59639, 1.59857]
[-0.373315, -0.371105] ; [1.59857, 1.60076]
[-0.369334, -0.367112] ; [1.60076, 1.60297]
[-0.365204, -0.362972] ; [1.60297, 1.6052]
[-0.360925, -0.358682] ; [1.6052, 1.60745]
[-0.356491, -0.354239] ; [1.60745, 1.60971]
[-0.3519, -0.34964] ; [1.60971, 1.612]
[-0.347148, -0.34488] ; [1.612, 1.61431]
[-0.342231, -0.339956] ; [1.61431, 1.61665]
[-0.337146, -0.334863] ; [1.61665, 1.619]
[-0.331887, -0.329599] ; [1.619, 1.62139]
[-0.326451, -0.324157] ; [1.62139, 1.62379]
[-0.320832, -0.318534] ; [1.62379, 1.62623]
[-0.315027, -0.312726] ; [1.62623, 1.6287]
[-0.309177, -0.306874] ; [1.6287, 1.63113]
[-0.30331, -0.301005] ; [1.63113, 1.63353]
[-0.297423, -0.295117] ; [1.63353, 1.63589]
[-0.291515, -0.289209] ; [1.63589, 1.63823]
[-0.285586, -0.283281] ; [1.63823, 1.64053]
[-0.279636, -0.277332] ; [1.64053, 1.64281]
[-0.273665, -0.271363] ; [1.64281, 1.64506]
[-0.267672, -0.265373] ; [1.64506, 1.64729]
[-0.261656, -0.259361] ; [1.64729, 1.6495]
[-0.255619, -0.253328] ; [1.6495, 1.65169]
[-0.249558, -0.247273] ; [1.65169, 1.65386]
[-0.243475, -0.241195] ; [1.65386, 1.65602]
[-0.237368, -0.235095] ; [1.65602, 1.65816]
[-0.231238, -0.228971] ; [1.65816, 1.66029]
[-0.225083, -0.222824] ; [1.66029, 1.6624]
[-0.218904, -0.216653] ; [1.6624, 1.66451]
[-0.212689, -0.210447] ; [1.66451, 1.66661]
[-0.206438, -0.204205] ; [1.66661, 1.6687]
[-0.200152, -0.197929] ; [1.6687, 1.67079]
[-0.19383, -0.191618] ; [1.67079, 1.67288]
[-0.187473, -0.185272] ; [1.67288, 1.67496]
[-0.18108, -0.17889] ; [1.67496, 1.67704]
[-0.17465, -0.172473] ; [1.67704, 1.67912]
[-0.168185, -0.16602] ; [1.67912, 1.68119]
[-0.161683, -0.159532] ; [1.68119, 1.68327]
[-0.155144, -0.153007] ; [1.68327, 1.68535]
[-0.148569, -0.146446] ; [1.68535, 1.68743]
[-0.141956, -0.139848] ; [1.68743, 1.68951]
[-0.135305, -0.133213] ; [1.68951, 1.69159]
[-0.128616, -0.126541] ; [1.69159, 1.69368]
[-0.121889, -0.11983] ; [1.69368, 1.69577]
[-0.115122, -0.113081] ; [1.69577, 1.69787]
[-0.108317, -0.106294] ; [1.69787, 1.69997]
[-0.101472, -0.0994672] ; [1.69997, 1.70208]
[-0.0945861, -0.0926008] ; [1.70208, 1.70419]
[-0.0876597, -0.0856943] ; [1.70419, 1.70632]
[-0.0806921, -0.078747] ; [1.70632, 1.70845]
[-0.0736827, -0.0717585] ; [1.70845, 1.71059]
[-0.0666308, -0.0647282] ; [1.71059, 1.71275]
[-0.059536, -0.0576555] ; [1.71275, 1.71491]
[-0.0523977, -0.05054] ; [1.71491, 1.71709]
[-0.0452153, -0.0433809] ; [1.71709, 1.71927]
[-0.0379886, -0.0361779] ; [1.71927, 1.72148]
[-0.0307195, -0.0289331] ; [1.72148, 1.72369]
[-0.0234103, -0.0216477] ; [1.72369, 1.72593]
[-0.0160622, -0.0143205] ; [1.72593, 1.72817]
[-0.00867341, -0.00695236] ; [1.72817, 1.73043]
[-0.00124346, 0.000456358] ; [1.73043, 1.73271]
[0.0062279, 0.00790581] ; [1.73271, 1.73501]
[0.0137365, 0.0154] ; [1.73501, 1.73733]
[0.0212617, 0.0229594] ; [1.73733, 1.73966]
[0.0288269, 0.0305589] ; [1.73966, 1.74202]
[0.0363986, 0.0381644] ; [1.74202, 1.74438]
[0.0438958, 0.0456945] ; [1.74438, 1.74674]
[0.0512846, 0.0531154] ; [1.74674, 1.74907]
[0.0585781, 0.0604398] ; [1.74907, 1.75138]
[0.0657768, 0.0676692] ; [1.75138, 1.75367]
[0.0728848, 0.0748069] ; [1.75367, 1.75595]
[0.0799044, 0.0818554] ; [1.75595, 1.75821]
[0.0868381, 0.0888175] ; [1.75821, 1.76046]
[0.0936901, 0.0956969] ; [1.76046, 1.7627]
[0.100473, 0.102507] ; [1.7627, 1.76492]
[0.107187, 0.109247] ; [1.76492, 1.76715]
[0.113834, 0.11592] ; [1.76715, 1.76936]
[0.120417, 0.122527] ; [1.76936, 1.77158]
[0.126935, 0.12907] ; [1.77158, 1.77379]
[0.133392, 0.13555] ; [1.77379, 1.77599]
[0.139788, 0.141969] ; [1.77599, 1.7782]
[0.146123, 0.148327] ; [1.7782, 1.78041]
[0.1524, 0.154625] ; [1.78041, 1.78261]
[0.158616, 0.160862] ; [1.78261, 1.78482]
[0.164768, 0.167034] ; [1.78482, 1.78703]
[0.170854, 0.173148] ; [1.78703, 1.78924]
[0.176878, 0.179199] ; [1.78924, 1.79145]
[0.182839, 0.185187] ; [1.79145, 1.79367]
[0.188738, 0.191112] ; [1.79367, 1.79589]
[0.194575, 0.196975] ; [1.79589, 1.79812]
[0.200349, 0.202776] ; [1.79812, 1.80035]
[0.206061, 0.208514] ; [1.80035, 1.80259]
[0.21171, 0.214189] ; [1.80259, 1.80483]
[0.217297, 0.219801] ; [1.80483, 1.80709]
[0.222821, 0.22535] ; [1.80709, 1.80935]
[0.22828, 0.230835] ; [1.80935, 1.81162]
[0.233676, 0.236255] ; [1.81162, 1.81391]
[0.239007, 0.24161] ; [1.81391, 1.81621]
[0.244271, 0.246898] ; [1.81621, 1.81852]
[0.249469, 0.25212] ; [1.81852, 1.82084]
[0.254589, 0.257264] ; [1.82084, 1.82318]
[0.259591, 0.262288] ; [1.82318, 1.82551]
[0.264476, 0.267196] ; [1.82551, 1.82784]
[0.269243, 0.271986] ; [1.82784, 1.83015]
[0.273892, 0.276658] ; [1.83015, 1.83247]
[0.278423, 0.28121] ; [1.83247, 1.83477]
[0.282834, 0.285642] ; [1.83477, 1.83707]
[0.287111, 0.289968] ; [1.83707, 1.83937]
[0.291268, 0.294174] ; [1.83937, 1.84166]
[0.295304, 0.298258] ; [1.84166, 1.84394]
[0.299219, 0.302219] ; [1.84394, 1.84622]
[0.303014, 0.306059] ; [1.84622, 1.84849]
[0.306687, 0.309776] ; [1.84849, 1.85076]
[0.31024, 0.313371] ; [1.85076, 1.85302]
[0.313672, 0.316845] ; [1.85302, 1.85527]
[0.316983, 0.320196] ; [1.85527, 1.85752]
[0.320173, 0.323425] ; [1.85752, 1.85976]
[0.323243, 0.326532] ; [1.85976, 1.862]
[0.326192, 0.329518] ; [1.862, 1.86423]
[0.329022, 0.332383] ; [1.86423, 1.86646]
[0.331732, 0.335127] ; [1.86646, 1.86868]
[0.334323, 0.337751] ; [1.86868, 1.8709]
[0.336796, 0.340256] ; [1.8709, 1.87311]
[0.33915, 0.342641] ; [1.87311, 1.87532]
[0.341387, 0.344907] ; [1.87532, 1.87753]
[0.343506, 0.347054] ; [1.87753, 1.87973]
[0.345508, 0.349083] ; [1.87973, 1.88193]
[0.347393, 0.350994] ; [1.88193, 1.88412]
[0.349161, 0.352787] ; [1.88412, 1.88632]
[0.350813, 0.354463] ; [1.88632, 1.88851]
[0.352349, 0.356021] ; [1.88851, 1.89069]
[0.353768, 0.357462] ; [1.89069, 1.89288]
[0.355072, 0.358786] ; [1.89288, 1.89507]
[0.35626, 0.359994] ; [1.89507, 1.89725]
[0.357333, 0.361085] ; [1.89725, 1.89943]
[0.358291, 0.36206] ; [1.89943, 1.90162]
[0.359133, 0.362919] ; [1.90162, 1.9038]
[0.35986, 0.363661] ; [1.9038, 1.90598]
[0.360471, 0.364287] ; [1.90598, 1.90815]
[0.360968, 0.364797] ; [1.90815, 1.91033]
[0.36135, 0.365191] ; [1.91033, 1.91251]
[0.361617, 0.36547] ; [1.91251, 1.91468]
[0.36177, 0.365634] ; [1.91468, 1.91686]
[0.361809, 0.365682] ; [1.91686, 1.91903]
[0.361734, 0.365615] ; [1.91903, 1.92121]
[0.361545, 0.365433] ; [1.92121, 1.92339]
[0.361243, 0.365137] ; [1.92339, 1.92556]
[0.360827, 0.364726] ; [1.92556, 1.92774]
[0.360297, 0.364201] ; [1.92774, 1.92992]
[0.359655, 0.363562] ; [1.92992, 1.9321]
[0.3589, 0.362809] ; [1.9321, 1.93427]
[0.358031, 0.361942] ; [1.93427, 1.93645]
[0.35705, 0.360961] ; [1.93645, 1.93864]
[0.355955, 0.359866] ; [1.93864, 1.94082]
[0.354748, 0.358658] ; [1.94082, 1.94301]
[0.353427, 0.357336] ; [1.94301, 1.9452]
[0.351993, 0.355899] ; [1.9452, 1.94739]
[0.350446, 0.354348] ; [1.94739, 1.94959]
[0.348784, 0.352684] ; [1.94959, 1.95179]
[0.347008, 0.350906] ; [1.95179, 1.95399]
[0.345118, 0.349013] ; [1.95399, 1.9562]
[0.343114, 0.347004] ; [1.9562, 1.95842]
[0.340994, 0.344881] ; [1.95842, 1.96064]
[0.338758, 0.342643] ; [1.96064, 1.96286]
[0.336408, 0.340289] ; [1.96286, 1.9651]
[0.33394, 0.337819] ; [1.9651, 1.96733]
[0.331355, 0.335232] ; [1.96733, 1.96958]
[0.328654, 0.332528] ; [1.96958, 1.97183]
[0.325835, 0.329707] ; [1.97183, 1.97409]
[0.322899, 0.326769] ; [1.97409, 1.97636]
[0.319846, 0.323714] ; [1.97636, 1.97864]
[0.316676, 0.320542] ; [1.97864, 1.98092]
[0.313388, 0.317252] ; [1.98092, 1.98321]
[0.309981, 0.313843] ; [1.98321, 1.98551]
[0.306456, 0.310316] ; [1.98551, 1.98782]
[0.302767, 0.306714] ; [1.98782, 1.99013]
[0.29896, 0.302992] ; [1.99013, 1.99246]
[0.295035, 0.299151] ; [1.99246, 1.9948]
[0.290994, 0.295192] ; [1.9948, 1.99714]
[0.286834, 0.291116] ; [1.99714, 1.9995]
[0.282558, 0.286921] ; [1.9995, 2.00186]
[0.278163, 0.282609] ; [2.00186, 2.00423]
[0.273652, 0.278178] ; [2.00423, 2.00662]
[0.269023, 0.273628] ; [2.00662, 2.00901]
[0.264277, 0.268961] ; [2.00901, 2.01141]
[0.259414, 0.264175] ; [2.01141, 2.01383]
[0.254435, 0.259272] ; [2.01383, 2.01626]
[0.249339, 0.254252] ; [2.01626, 2.01869]
[0.244128, 0.249115] ; [2.01869, 2.02114]
[0.238802, 0.243861] ; [2.02114, 2.0236]
[0.233356, 0.238497] ; [2.0236, 2.02608]
[0.227797, 0.233018] ; [2.02608, 2.02856]
[0.222125, 0.227425] ; [2.02856, 2.03106]
[0.216343, 0.22172] ; [2.03106, 2.03357]
[0.21045, 0.215903] ; [2.03357, 2.03609]
[0.204448, 0.209977] ; [2.03609, 2.03862]
[0.19834, 0.203943] ; [2.03862, 2.04117]
[0.192127, 0.197802] ; [2.04117, 2.04373]
[0.18581, 0.191557] ; [2.04373, 2.0463]
[0.17939, 0.185211] ; [2.0463, 2.04888]
[0.172889, 0.178784] ; [2.04888, 2.05146]
[0.166374, 0.17234] ; [2.05146, 2.05403]
[0.159835, 0.165871] ; [2.05403, 2.05658]
[0.153275, 0.159379] ; [2.05658, 2.05912]
[0.146696, 0.152865] ; [2.05912, 2.06164]
[0.140097, 0.146331] ; [2.06164, 2.06415]
[0.13348, 0.139777] ; [2.06415, 2.06666]
[0.126846, 0.133205] ; [2.06666, 2.06915]
[0.120196, 0.126614] ; [2.06915, 2.07163]
[0.11353, 0.120007] ; [2.07163, 2.0741]
[0.10685, 0.113383] ; [2.0741, 2.07657]
[0.100156, 0.106745] ; [2.07657, 2.07902]
[0.0934494, 0.100092] ; [2.07902, 2.08148]
[0.0867317, 0.0934255] ; [2.08148, 2.08392]
[0.0800038, 0.0867458] ; [2.08392, 2.08637]
[0.0732666, 0.080054] ; [2.08637, 2.08881]
[0.0665207, 0.0733507] ; [2.08881, 2.09125]
[0.0597671, 0.0666368] ; [2.09125, 2.09368]
[0.0530065, 0.059913] ; [2.09368, 2.09611]
[0.0462397, 0.0531803] ; [2.09611, 2.09855]
[0.0394658, 0.0464413] ; [2.09855, 2.10098]
[0.0326872, 0.0396954] ; [2.10098, 2.10341]
[0.0259056, 0.0329439] ; [2.10341, 2.10585]
[0.0191218, 0.0261881] ; [2.10585, 2.10828]
[0.0123383, 0.0194302] ; [2.10828, 2.11072]
[0.00555699, 0.0126722] ; [2.11072, 2.11316]
[-0.00122075, 0.005915] ; [2.11316, 2.1156]
[-0.00799371, -0.000840177] ; [2.1156, 2.11805]
[-0.0147604, -0.00759186] ; [2.11805, 2.1205]
[-0.0215191, -0.0143364] ; [2.1205, 2.12295]
[-0.0282679, -0.0210734] ; [2.12295, 2.12541]
[-0.0350052, -0.0278011] ; [2.12541, 2.12787]
[-0.0417276, -0.0345162] ; [2.12787, 2.13034]
[-0.0484076, -0.0411913] ; [2.13034, 2.1328]
[-0.0550494, -0.0478303] ; [2.1328, 2.13527]
[-0.0616965, -0.0543878] ; [2.13527, 2.13772]
[-0.0683045, -0.0609073] ; [2.13772, 2.14018]
[-0.0748654, -0.067381] ; [2.14018, 2.14264]
[-0.0813778, -0.0738075] ; [2.14264, 2.14509]
[-0.0878175, -0.0801628] ; [2.14509, 2.14753]
[-0.0941985, -0.0864361] ; [2.14753, 2.14997]
[-0.100506, -0.0926399] ; [2.14997, 2.15239]
[-0.106736, -0.0987686] ; [2.15239, 2.15481]
[-0.112886, -0.10482] ; [2.15481, 2.15721]
[-0.118954, -0.110794] ; [2.15721, 2.15961]
[-0.124941, -0.11669] ; [2.15961, 2.16199]
[-0.130847, -0.122507] ; [2.16199, 2.16436]
[-0.136671, -0.128246] ; [2.16436, 2.16673]
[-0.142413, -0.133905] ; [2.16673, 2.16909]
[-0.148071, -0.139485] ; [2.16909, 2.17144]
[-0.153647, -0.144984] ; [2.17144, 2.17378]
[-0.159138, -0.150403] ; [2.17378, 2.17612]
[-0.164545, -0.15574] ; [2.17612, 2.17844]
[-0.16987, -0.160993] ; [2.17844, 2.18076]
[-0.175109, -0.166163] ; [2.18076, 2.18308]
[-0.180262, -0.17125] ; [2.18308, 2.18539]
[-0.185328, -0.176253] ; [2.18539, 2.18769]
[-0.190306, -0.181172] ; [2.18769, 2.18998]
[-0.195197, -0.186006] ; [2.18998, 2.19228]
[-0.2, -0.190754] ; [2.19228, 2.19456]
[-0.204713, -0.195417] ; [2.19456, 2.19684]
[-0.209337, -0.199992] ; [2.19684, 2.19911]
[-0.21387, -0.204481] ; [2.19911, 2.20138]
[-0.218314, -0.208882] ; [2.20138, 2.20365]
[-0.222668, -0.213192] ; [2.20365, 2.20591]
[-0.22693, -0.217414] ; [2.20591, 2.20817]
[-0.231101, -0.221546] ; [2.20817, 2.21042]
[-0.23518, -0.225588] ; [2.21042, 2.21266]
[-0.239165, -0.229539] ; [2.21266, 2.21491]
[-0.243057, -0.2334] ; [2.21491, 2.21715]
[-0.246855, -0.237169] ; [2.21715, 2.21938]
[-0.250559, -0.240847] ; [2.21938, 2.22162]
[-0.254168, -0.244433] ; [2.22162, 2.22385]
[-0.257681, -0.247926] ; [2.22385, 2.22607]
[-0.261098, -0.251327] ; [2.22607, 2.22829]
[-0.264419, -0.254634] ; [2.22829, 2.23051]
[-0.267643, -0.257848] ; [2.23051, 2.23273]
[-0.270771, -0.260969] ; [2.23273, 2.23494]
[-0.273802, -0.263995] ; [2.23494, 2.23716]
[-0.276735, -0.266927] ; [2.23716, 2.23937]
[-0.27957, -0.269765] ; [2.23937, 2.24157]
[-0.282312, -0.272503] ; [2.24157, 2.24378]
[-0.284955, -0.275146] ; [2.24378, 2.24598]
[-0.2875, -0.277694] ; [2.24598, 2.24818]
[-0.289946, -0.280146] ; [2.24818, 2.25038]
[-0.292293, -0.282502] ; [2.25038, 2.25258]
[-0.294541, -0.284761] ; [2.25258, 2.25477]
[-0.296689, -0.286924] ; [2.25477, 2.25697]
[-0.298738, -0.28899] ; [2.25697, 2.25916]
[-0.300687, -0.29096] ; [2.25916, 2.26135]
[-0.302536, -0.292832] ; [2.26135, 2.26355]
[-0.304289, -0.294604] ; [2.26355, 2.26574]
[-0.30594, -0.296278] ; [2.26574, 2.26793]
[-0.307492, -0.297854] ; [2.26793, 2.27012]
[-0.308944, -0.299332] ; [2.27012, 2.27231]
[-0.310295, -0.300711] ; [2.27231, 2.2745]
[-0.311545, -0.301991] ; [2.2745, 2.27669]
[-0.312693, -0.303173] ; [2.27669, 2.27888]
[-0.313741, -0.304255] ; [2.27888, 2.28108]
[-0.314688, -0.305239] ; [2.28108, 2.28327]
[-0.315532, -0.306122] ; [2.28327, 2.28546]
[-0.316276, -0.306907] ; [2.28546, 2.28766]
[-0.316917, -0.307591] ; [2.28766, 2.28986]
[-0.31747, -0.308161] ; [2.28986, 2.29206]
[-0.317921, -0.30863] ; [2.29206, 2.29426]
[-0.31827, -0.308998] ; [2.29426, 2.29646]
[-0.318516, -0.309265] ; [2.29646, 2.29867]
[-0.318659, -0.30943] ; [2.29867, 2.30087]
[-0.318699, -0.309494] ; [2.30087, 2.30308]
[-0.318637, -0.309456] ; [2.30308, 2.3053]
[-0.318496, -0.30929] ; [2.3053, 2.30751]
[-0.318252, -0.309022] ; [2.30751, 2.30973]
[-0.317904, -0.308652] ; [2.30973, 2.31195]
[-0.317451, -0.308181] ; [2.31195, 2.31417]
[-0.316895, -0.307609] ; [2.31417, 2.31639]
[-0.316236, -0.306935] ; [2.31639, 2.31861]
[-0.315472, -0.306159] ; [2.31861, 2.32084]
[-0.314604, -0.305282] ; [2.32084, 2.32307]
[-0.313633, -0.304303] ; [2.32307, 2.3253]
[-0.312558, -0.303221] ; [2.3253, 2.32754]
[-0.311379, -0.302036] ; [2.32754, 2.32977]
[-0.310096, -0.30075] ; [2.32977, 2.33202]
[-0.308707, -0.299361] ; [2.33202, 2.33427]
[-0.307214, -0.297869] ; [2.33427, 2.33652]
[-0.305615, -0.296275] ; [2.33652, 2.33878]
[-0.303911, -0.294577] ; [2.33878, 2.34104]
[-0.302101, -0.292776] ; [2.34104, 2.34331]
[-0.300186, -0.29087] ; [2.34331, 2.34558]
[-0.298183, -0.288842] ; [2.34558, 2.34787]
[-0.296128, -0.286657] ; [2.34787, 2.35015]
[-0.293967, -0.284368] ; [2.35015, 2.35245]
[-0.291704, -0.281979] ; [2.35245, 2.35475]
[-0.289337, -0.279489] ; [2.35475, 2.35705]
[-0.286869, -0.276899] ; [2.35705, 2.35935]
[-0.284298, -0.27421] ; [2.35935, 2.36166]
[-0.281626, -0.271423] ; [2.36166, 2.36397]
[-0.278852, -0.268538] ; [2.36397, 2.36629]
[-0.275978, -0.265555] ; [2.36629, 2.36861]
[-0.273003, -0.262476] ; [2.36861, 2.37094]
[-0.269928, -0.259301] ; [2.37094, 2.37327]
[-0.266754, -0.256029] ; [2.37327, 2.3756]
[-0.26348, -0.252663] ; [2.3756, 2.37794]
[-0.260107, -0.249201] ; [2.37794, 2.38029]
[-0.256637, -0.245645] ; [2.38029, 2.38264]
[-0.253068, -0.241995] ; [2.38264, 2.38499]
[-0.249403, -0.238252] ; [2.38499, 2.38735]
[-0.245642, -0.234417] ; [2.38735, 2.38972]
[-0.241785, -0.230491] ; [2.38972, 2.3921]
[-0.237871, -0.226513] ; [2.3921, 2.39445]
[-0.233907, -0.222489] ; [2.39445, 2.39679]
[-0.229894, -0.21842] ; [2.39679, 2.39911]
[-0.225835, -0.21431] ; [2.39911, 2.40142]
[-0.221734, -0.210162] ; [2.40142, 2.40371]
[-0.217593, -0.205979] ; [2.40371, 2.40598]
[-0.213414, -0.201762] ; [2.40598, 2.40823]
[-0.209198, -0.197511] ; [2.40823, 2.41047]
[-0.204945, -0.193228] ; [2.41047, 2.4127]
[-0.200657, -0.188915] ; [2.4127, 2.41491]
[-0.196335, -0.184571] ; [2.41491, 2.41712]
[-0.191981, -0.180198] ; [2.41712, 2.4193]
[-0.187595, -0.175797] ; [2.4193, 2.42148]
[-0.183178, -0.171369] ; [2.42148, 2.42365]
[-0.17873, -0.166914] ; [2.42365, 2.42581]
[-0.174254, -0.162433] ; [2.42581, 2.42796]
[-0.169748, -0.157928] ; [2.42796, 2.4301]
[-0.165215, -0.153398] ; [2.4301, 2.43223]
[-0.160655, -0.148844] ; [2.43223, 2.43436]
[-0.156069, -0.144267] ; [2.43436, 2.43648]
[-0.151456, -0.139668] ; [2.43648, 2.43859]
[-0.146819, -0.135046] ; [2.43859, 2.4407]
[-0.142157, -0.130403] ; [2.4407, 2.44281]
[-0.137471, -0.12574] ; [2.44281, 2.44491]
[-0.132762, -0.121055] ; [2.44491, 2.447]
[-0.128029, -0.116351] ; [2.447, 2.44909]
[-0.123274, -0.111628] ; [2.44909, 2.45118]
[-0.118497, -0.106885] ; [2.45118, 2.45327]
[-0.113698, -0.102122] ; [2.45327, 2.45535]
[-0.108878, -0.0973414] ; [2.45535, 2.45744]
[-0.104037, -0.0925422] ; [2.45744, 2.45952]
[-0.0991753, -0.087725] ; [2.45952, 2.4616]
[-0.0942931, -0.0828902] ; [2.4616, 2.46369]
[-0.0893909, -0.078038] ; [2.46369, 2.46577]
[-0.0844689, -0.0731687] ; [2.46577, 2.46786]
[-0.0795274, -0.0682826] ; [2.46786, 2.46995]
[-0.0745666, -0.06338] ; [2.46995, 2.47204]
[-0.069587, -0.0584611] ; [2.47204, 2.47413]
[-0.0645887, -0.0535262] ; [2.47413, 2.47622]
[-0.059572, -0.0485756] ; [2.47622, 2.47832]
[-0.0545372, -0.0436095] ; [2.47832, 2.48043]
[-0.0494846, -0.0386281] ; [2.48043, 2.48254]
[-0.0444144, -0.0336319] ; [2.48254, 2.48465]
[-0.0393754, -0.0285728] ; [2.48465, 2.48677]
[-0.0343202, -0.0234995] ; [2.48677, 2.4889]
[-0.0292564, -0.0184208] ; [2.4889, 2.49103]
[-0.0241855, -0.0133382] ; [2.49103, 2.49316]
[-0.0191087, -0.00825294] ; [2.49316, 2.4953]
[-0.0140264, -0.00316558] ; [2.4953, 2.49744]
[-0.00893961, 0.00192311] ; [2.49744, 2.49958]
[-0.00384885, 0.00701243] ; [2.49958, 2.50174]
[0.0012452, 0.0121017] ; [2.50174, 2.50389]
[0.00627647, 0.0172538] ; [2.50389, 2.50605]
[0.0112917, 0.0224205] ; [2.50605, 2.50822]
[0.0162937, 0.0275842] ; [2.50822, 2.51039]
[0.0212875, 0.032736] ; [2.51039, 2.51256]
[0.0262715, 0.0378744] ; [2.51256, 2.51474]
[0.031245, 0.0429985] ; [2.51474, 2.51692]
[0.0362072, 0.0481076] ; [2.51692, 2.5191]
[0.0411346, 0.0531774] ; [2.5191, 2.52128]
[0.0460207, 0.0582013] ; [2.52128, 2.52345]
[0.0508662, 0.0631802] ; [2.52345, 2.52562]
[0.0556714, 0.0681143] ; [2.52562, 2.52777]
[0.0604364, 0.0730038] ; [2.52777, 2.52992]
[0.0651615, 0.0778489] ; [2.52992, 2.53207]
[0.0698467, 0.0826498] ; [2.53207, 2.53421]
[0.0744921, 0.0874066] ; [2.53421, 2.53635]
[0.0790979, 0.0921195] ; [2.53635, 2.53848]
[0.0836585, 0.096794] ; [2.53848, 2.54061]
[0.0881794, 0.101425] ; [2.54061, 2.54274]
[0.09266, 0.106011] ; [2.54274, 2.54487]
[0.0971002, 0.110552] ; [2.54487, 2.547]
[0.1015, 0.115049] ; [2.547, 2.54912]
[0.105859, 0.119501] ; [2.54912, 2.55124]
[0.110178, 0.123908] ; [2.55124, 2.55337]
[0.114455, 0.12827] ; [2.55337, 2.55549]
[0.118689, 0.132589] ; [2.55549, 2.55762]
[0.122881, 0.136863] ; [2.55762, 2.55975]
[0.127031, 0.141091] ; [2.55975, 2.56188]
[0.131138, 0.145272] ; [2.56188, 2.56401]
[0.135202, 0.149408] ; [2.56401, 2.56615]
[0.139221, 0.153496] ; [2.56615, 2.56828]
[0.143195, 0.157535] ; [2.56828, 2.57043]
[0.14712, 0.161522] ; [2.57043, 2.57257]
[0.150995, 0.165456] ; [2.57257, 2.57472]
[0.154821, 0.169337] ; [2.57472, 2.57686]
[0.158597, 0.173164] ; [2.57686, 2.57902]
[0.162322, 0.176937] ; [2.57902, 2.58117]
[0.165996, 0.180656] ; [2.58117, 2.58333]
[0.169618, 0.18432] ; [2.58333, 2.5855]
[0.173187, 0.187927] ; [2.5855, 2.58767]
[0.176702, 0.191478] ; [2.58767, 2.58985]
[0.180164, 0.194972] ; [2.58985, 2.59203]
[0.18357, 0.198407] ; [2.59203, 2.59422]
[0.186921, 0.201783] ; [2.59422, 2.59642]
[0.190214, 0.205098] ; [2.59642, 2.59862]
[0.193441, 0.208362] ; [2.59862, 2.60084]
[0.19661, 0.211563] ; [2.60084, 2.60306]
[0.199718, 0.214698] ; [2.60306, 2.60529]
[0.202756, 0.217759] ; [2.60529, 2.60752]
[0.205721, 0.220742] ; [2.60752, 2.60975]
[0.208608, 0.223651] ; [2.60975, 2.61198]
[0.21142, 0.226481] ; [2.61198, 2.61421]
[0.214155, 0.229232] ; [2.61421, 2.61645]
[0.216813, 0.231903] ; [2.61645, 2.61868]
[0.219394, 0.234493] ; [2.61868, 2.62092]
[0.221895, 0.237002] ; [2.62092, 2.62316]
[0.224318, 0.239429] ; [2.62316, 2.62539]
[0.226661, 0.241774] ; [2.62539, 2.62763]
[0.228922, 0.244035] ; [2.62763, 2.62988]
[0.231103, 0.246213] ; [2.62988, 2.63212]
[0.233201, 0.248307] ; [2.63212, 2.63436]
[0.235217, 0.250315] ; [2.63436, 2.63661]
[0.237149, 0.252238] ; [2.63661, 2.63886]
[0.238997, 0.254076] ; [2.63886, 2.64111]
[0.24076, 0.255826] ; [2.64111, 2.64336]
[0.242439, 0.257489] ; [2.64336, 2.64561]
[0.244031, 0.259065] ; [2.64561, 2.64787]
[0.245537, 0.260553] ; [2.64787, 2.65013]
[0.246956, 0.261951] ; [2.65013, 2.65239]
[0.248287, 0.26326] ; [2.65239, 2.65466]
[0.249529, 0.26448] ; [2.65466, 2.65692]
[0.250683, 0.265608] ; [2.65692, 2.65919]
[0.251747, 0.266646] ; [2.65919, 2.66146]
[0.252666, 0.267648] ; [2.66146, 2.66373]
[0.253494, 0.268557] ; [2.66373, 2.66601]
[0.25423, 0.269375] ; [2.66601, 2.66828]
[0.254789, 0.270185] ; [2.66828, 2.67056]
[0.255254, 0.270904] ; [2.67056, 2.67283]
[0.255627, 0.271529] ; [2.67283, 2.67511]
[0.255872, 0.272098] ; [2.67511, 2.67738]
[0.256021, 0.272578] ; [2.67738, 2.67965]
[0.256081, 0.272962] ; [2.67965, 2.68191]
[0.256052, 0.273252] ; [2.68191, 2.68417]
[0.255936, 0.273447] ; [2.68417, 2.68643]
[0.255733, 0.273548] ; [2.68643, 2.68869]
[0.255443, 0.273556] ; [2.68869, 2.69094]
[0.255068, 0.273472] ; [2.69094, 2.69318]
[0.254608, 0.273295] ; [2.69318, 2.69542]
[0.254064, 0.273028] ; [2.69542, 2.69766]
[0.253436, 0.27267] ; [2.69766, 2.69989]
[0.252725, 0.272223] ; [2.69989, 2.70212]
[0.251932, 0.271686] ; [2.70212, 2.70435]
[0.251058, 0.271061] ; [2.70435, 2.70657]
[0.250102, 0.270348] ; [2.70657, 2.7088]
[0.249066, 0.269547] ; [2.7088, 2.71102]
[0.24795, 0.268659] ; [2.71102, 2.71323]
[0.246754, 0.267685] ; [2.71323, 2.71545]
[0.245479, 0.266625] ; [2.71545, 2.71767]
[0.244126, 0.26548] ; [2.71767, 2.71988]
[0.242696, 0.264249] ; [2.71988, 2.72209]
[0.241187, 0.262935] ; [2.72209, 2.72431]
[0.239602, 0.261537] ; [2.72431, 2.72652]
[0.237941, 0.260055] ; [2.72652, 2.72873]
[0.236204, 0.258491] ; [2.72873, 2.73095]
[0.234392, 0.256844] ; [2.73095, 2.73316]
[0.232505, 0.255116] ; [2.73316, 2.73537]
[0.230547, 0.253309] ; [2.73537, 2.73758]
[0.228515, 0.251422] ; [2.73758, 2.73979]
[0.226413, 0.249456] ; [2.73979, 2.742]
[0.22424, 0.247413] ; [2.742, 2.74421]
[0.221996, 0.245292] ; [2.74421, 2.74642]
[0.219684, 0.243095] ; [2.74642, 2.74863]
[0.217303, 0.240822] ; [2.74863, 2.75084]
[0.214854, 0.238474] ; [2.75084, 2.75304]
[0.212338, 0.236052] ; [2.75304, 2.75525]
[0.209755, 0.233556] ; [2.75525, 2.75746]
[0.207107, 0.230988] ; [2.75746, 2.75967]
[0.204393, 0.228349] ; [2.75967, 2.76188]
[0.201615, 0.225639] ; [2.76188, 2.76409]
[0.198773, 0.222858] ; [2.76409, 2.76631]
[0.195869, 0.220008] ; [2.76631, 2.76852]
[0.192902, 0.217091] ; [2.76852, 2.77073]
[0.189874, 0.214105] ; [2.77073, 2.77295]
[0.186787, 0.211052] ; [2.77295, 2.77516]
[0.183639, 0.207934] ; [2.77516, 2.77738]
[0.18044, 0.204757] ; [2.77738, 2.7796]
[0.177196, 0.201529] ; [2.7796, 2.7818]
[0.173908, 0.198251] ; [2.7818, 2.784]
[0.170577, 0.194924] ; [2.784, 2.7862]
[0.167206, 0.19155] ; [2.7862, 2.78839]
[0.163794, 0.188129] ; [2.78839, 2.79057]
[0.160344, 0.184664] ; [2.79057, 2.79275]
[0.156856, 0.181154] ; [2.79275, 2.79492]
[0.153331, 0.177602] ; [2.79492, 2.79709]
[0.149771, 0.174008] ; [2.79709, 2.79925]
[0.146177, 0.170374] ; [2.79925, 2.8014]
[0.142551, 0.166699] ; [2.8014, 2.80356]
[0.138887, 0.162991] ; [2.80356, 2.80571]
[0.135193, 0.159246] ; [2.80571, 2.80785]
[0.131467, 0.155466] ; [2.80785, 2.80999]
[0.12771, 0.151653] ; [2.80999, 2.81213]
[0.123924, 0.147806] ; [2.81213, 2.81427]
[0.12011, 0.143928] ; [2.81427, 2.8164]
[0.116269, 0.140019] ; [2.8164, 2.81853]
[0.112402, 0.13608] ; [2.81853, 2.82065]
[0.108509, 0.132112] ; [2.82065, 2.82278]
[0.104591, 0.128116] ; [2.82278, 2.8249]
[0.100651, 0.124092] ; [2.8249, 2.82702]
[0.0966811, 0.120052] ; [2.82702, 2.82914]
[0.0926864, 0.115991] ; [2.82914, 2.83125]
[0.0886685, 0.111911] ; [2.83125, 2.83337]
[0.0846286, 0.107814] ; [2.83337, 2.83548]
[0.0805677, 0.103701] ; [2.83548, 2.83759]
[0.0764869, 0.0995719] ; [2.83759, 2.8397]
[0.0721333, 0.0956832] ; [2.8397, 2.8418]
[0.0677599, 0.091784] ; [2.8418, 2.84391]
[0.0633911, 0.0878794] ; [2.84391, 2.846]
[0.0590274, 0.0839698] ; [2.846, 2.84809]
[0.0546692, 0.0800558] ; [2.84809, 2.85017]
[0.050317, 0.0761382] ; [2.85017, 2.85225]
[0.0459713, 0.0722173] ; [2.85225, 2.85432]
[0.0416326, 0.0682939] ; [2.85432, 2.85638]
[0.0373015, 0.0643684] ; [2.85638, 2.85843]
[0.0329782, 0.0604415] ; [2.85843, 2.86048]
[0.0286633, 0.0565136] ; [2.86048, 2.86253]
[0.0243714, 0.0525981] ; [2.86253, 2.86456]
[0.0201012, 0.0486942] ; [2.86456, 2.86659]
[0.0158524, 0.0448018] ; [2.86659, 2.8686]
[0.0116249, 0.0409207] ; [2.8686, 2.8706]
[0.00741846, 0.037051] ; [2.8706, 2.8726]
[0.00323296, 0.0331927] ; [2.8726, 2.87459]
[-0.00093147, 0.029346] ; [2.87459, 2.87657]
[-0.00507468, 0.0255111] ; [2.87657, 2.87855]
[-0.00919667, 0.0216883] ; [2.87855, 2.88051]
[-0.0132973, 0.0178776] ; [2.88051, 2.88248]
[-0.0173765, 0.0140793] ; [2.88248, 2.88443]
[-0.0214341, 0.0102937] ; [2.88443, 2.88639]
[-0.0254685, 0.00652233] ; [2.88639, 2.88833]
[-0.0294792, 0.00276567] ; [2.88833, 2.89027]
[-0.0334661, -0.000976019] ; [2.89027, 2.89221]
[-0.037429, -0.00470246] ; [2.89221, 2.89414]
[-0.0413677, -0.00841333] ; [2.89414, 2.89606]
[-0.0452819, -0.0121083] ; [2.89606, 2.89799]
[-0.0491713, -0.0157872] ; [2.89799, 2.89991]
[-0.0530357, -0.0194494] ; [2.89991, 2.90182]
[-0.0568751, -0.0230946] ; [2.90182, 2.90373]
[-0.060689, -0.0267222] ; [2.90373, 2.90564]
[-0.0644772, -0.0303319] ; [2.90564, 2.90755]
[-0.0682393, -0.0339233] ; [2.90755, 2.90945]
[-0.0719749, -0.037496] ; [2.90945, 2.91135]
[-0.0756838, -0.0410497] ; [2.91135, 2.91325]
[-0.0793655, -0.044584] ; [2.91325, 2.91515]
[-0.0830196, -0.0480984] ; [2.91515, 2.91705]
[-0.0866458, -0.0515926] ; [2.91705, 2.91894]
[-0.0902437, -0.0550661] ; [2.91894, 2.92083]
[-0.0938129, -0.0585186] ; [2.92083, 2.92273]
[-0.097353, -0.0619496] ; [2.92273, 2.92462]
[-0.100864, -0.0653587] ; [2.92462, 2.92651]
[-0.104344, -0.0687454] ; [2.92651, 2.9284]
[-0.107795, -0.0721093] ; [2.9284, 2.93029]
[-0.111214, -0.0754499] ; [2.93029, 2.93218]
[-0.114602, -0.0787668] ; [2.93218, 2.93407]
[-0.117959, -0.0820595] ; [2.93407, 2.93596]
[-0.121283, -0.0853275] ; [2.93596, 2.93785]
[-0.124575, -0.0885703] ; [2.93785, 2.93974]
[-0.127834, -0.0917874] ; [2.93974, 2.94163]
[-0.131058, -0.0949782] ; [2.94163, 2.94352]
[-0.134249, -0.0981423] ; [2.94352, 2.94542]
[-0.137407, -0.101277] ; [2.94542, 2.94731]
[-0.140529, -0.104384] ; [2.94731, 2.94921]
[-0.143616, -0.107463] ; [2.94921, 2.95111]
[-0.146667, -0.110511] ; [2.95111, 2.953]
[-0.149682, -0.11353] ; [2.953, 2.95491]
[-0.15266, -0.116517] ; [2.95491, 2.95681]
[-0.155601, -0.119474] ; [2.95681, 2.95871]
[-0.158503, -0.122398] ; [2.95871, 2.96062]
[-0.161367, -0.12529] ; [2.96062, 2.96253]
[-0.164191, -0.128149] ; [2.96253, 2.96444]
[-0.166976, -0.130974] ; [2.96444, 2.96635]
[-0.16972, -0.133765] ; [2.96635, 2.96826]
[-0.172422, -0.136521] ; [2.96826, 2.97018]
[-0.175086, -0.139238] ; [2.97018, 2.9721]
[-0.177706, -0.141918] ; [2.9721, 2.97402]
[-0.180286, -0.14456] ; [2.97402, 2.97595]
[-0.182823, -0.147162] ; [2.97595, 2.97788]
[-0.185317, -0.149725] ; [2.97788, 2.97981]
[-0.187767, -0.152247] ; [2.97981, 2.98174]
[-0.190171, -0.154729] ; [2.98174, 2.98368]
[-0.192529, -0.15717] ; [2.98368, 2.98562]
[-0.194844, -0.159564] ; [2.98562, 2.98756]
[-0.19711, -0.161917] ; [2.98756, 2.98951]
[-0.199325, -0.164228] ; [2.98951, 2.99145]
[-0.201489, -0.166496] ; [2.99145, 2.9934]
[-0.203602, -0.168722] ; [2.9934, 2.99536]
[-0.205663, -0.170903] ; [2.99536, 2.99731]
[-0.207671, -0.17304] ; [2.99731, 2.99927]
[-0.209625, -0.175133] ; [2.99927, 3.00123]
[-0.211526, -0.17718] ; [3.00123, 3.0032]
[-0.213372, -0.17918] ; [3.0032, 3.00517]
[-0.215163, -0.181134] ; [3.00517, 3.00714]
[-0.216898, -0.183041] ; [3.00714, 3.00911]
[-0.218577, -0.1849] ; [3.00911, 3.01109]
[-0.2202, -0.186711] ; [3.01109, 3.01308]
[-0.221765, -0.188472] ; [3.01308, 3.01506]
[-0.223272, -0.190183] ; [3.01506, 3.01705]
[-0.22472, -0.191845] ; [3.01705, 3.01905]
[-0.22611, -0.193455] ; [3.01905, 3.02105]
[-0.227439, -0.195014] ; [3.02105, 3.02305]
[-0.228709, -0.196521] ; [3.02305, 3.02506]
[-0.229917, -0.197976] ; [3.02506, 3.02707]
[-0.231064, -0.199377] ; [3.02707, 3.02908]
[-0.232148, -0.200723] ; [3.02908, 3.0311]
[-0.233169, -0.202015] ; [3.0311, 3.03313]
[-0.234485, -0.202893] ; [3.03313, 3.03516]
[-0.235736, -0.203714] ; [3.03516, 3.03719]
[-0.236941, -0.204455] ; [3.03719, 3.03922]
[-0.238079, -0.205136] ; [3.03922, 3.04124]
[-0.239148, -0.205757] ; [3.04124, 3.04327]
[-0.240149, -0.20632] ; [3.04327, 3.04529]
[-0.241082, -0.206824] ; [3.04529, 3.04731]
[-0.241948, -0.207268] ; [3.04731, 3.04933]
[-0.242746, -0.207654] ; [3.04933, 3.05134]
[-0.243477, -0.207981] ; [3.05134, 3.05335]
[-0.24414, -0.20825] ; [3.05335, 3.05535]
[-0.244736, -0.208461] ; [3.05535, 3.05736]
[-0.245265, -0.208613] ; [3.05736, 3.05936]
[-0.245728, -0.208709] ; [3.05936, 3.06135]
[-0.246124, -0.208748] ; [3.06135, 3.06334]
[-0.246454, -0.20873] ; [3.06334, 3.06532]
[-0.246719, -0.208657] ; [3.06532, 3.0673]
[-0.24692, -0.208528] ; [3.0673, 3.06928]
[-0.247055, -0.208344] ; [3.06928, 3.07125]
[-0.247127, -0.208105] ; [3.07125, 3.07322]
[-0.247135, -0.207813] ; [3.07322, 3.07518]
[-0.247081, -0.207467] ; [3.07518, 3.07714]
[-0.246964, -0.207069] ; [3.07714, 3.07909]
[-0.246786, -0.206619] ; [3.07909, 3.08103]
[-0.246547, -0.206118] ; [3.08103, 3.08297]
[-0.246248, -0.205566] ; [3.08297, 3.0849]
[-0.245889, -0.204964] ; [3.0849, 3.08683]
[-0.245472, -0.204313] ; [3.08683, 3.08875]
[-0.244999, -0.203611] ; [3.08875, 3.09067]
[-0.244468, -0.202862] ; [3.09067, 3.09258]
[-0.243882, -0.202063] ; [3.09258, 3.09449]
[-0.24324, -0.201218] ; [3.09449, 3.09639]
[-0.242544, -0.200325] ; [3.09639, 3.09828]
[-0.241794, -0.199387] ; [3.09828, 3.10017]
[-0.240991, -0.198402] ; [3.10017, 3.10206]
[-0.240135, -0.197373] ; [3.10206, 3.10394]
[-0.239226, -0.196301] ; [3.10394, 3.10581]
[-0.238271, -0.195182] ; [3.10581, 3.10768]
[-0.237265, -0.194022] ; [3.10768, 3.10954]
[-0.236209, -0.192822] ; [3.10954, 3.1114]
[-0.235104, -0.191583] ; [3.1114, 3.11325]
[-0.23395, -0.190306] ; [3.11325, 3.1151]
[-0.23275, -0.188991] ; [3.1151, 3.11693]
[-0.231503, -0.18764] ; [3.11693, 3.11876]
[-0.230211, -0.186254] ; [3.11876, 3.12059]
[-0.228874, -0.184831] ; [3.12059, 3.12241]
[-0.227492, -0.183374] ; [3.12241, 3.12422]
[-0.226066, -0.181882] ; [3.12422, 3.12603]
[-0.224597, -0.180356] ; [3.12603, 3.12783]
[-0.223086, -0.178798] ; [3.12783, 3.12963]
[-0.221534, -0.177207] ; [3.12963, 3.13142]
[-0.21994, -0.175584] ; [3.13142, 3.13321]
[-0.218306, -0.17393] ; [3.13321, 3.13499]
[-0.216633, -0.172245] ; [3.13499, 3.13676]
[-0.214921, -0.17053] ; [3.13676, 3.13854]
[-0.21317, -0.168785] ; [3.13854, 3.14031]
[-0.211382, -0.167011] ; [3.14031, 3.14207]
[-0.209556, -0.165209] ; [3.14207, 3.14383]
[-0.207694, -0.163379] ; [3.14383, 3.14558]
[-0.205796, -0.161521] ; [3.14558, 3.14734]
[-0.203863, -0.159636] ; [3.14734, 3.14908]
[-0.201894, -0.157725] ; [3.14908, 3.15083]
[-0.199892, -0.155787] ; [3.15083, 3.15257]
[-0.197855, -0.153824] ; [3.15257, 3.15431]
[-0.195786, -0.151836] ; [3.15431, 3.15604]
[-0.193684, -0.149823] ; [3.15604, 3.15777]
[-0.19155, -0.147786] ; [3.15777, 3.1595]
[-0.189385, -0.145725] ; [3.1595, 3.16122]
[-0.187188, -0.14364] ; [3.16122, 3.16295]
[-0.18496, -0.141532] ; [3.16295, 3.16467]
[-0.182702, -0.139402] ; [3.16467, 3.16638]
[-0.180414, -0.137249] ; [3.16638, 3.1681]
[-0.178096, -0.135074] ; [3.1681, 3.16981]
[-0.175749, -0.132877] ; [3.16981, 3.17152]
[-0.173373, -0.130659] ; [3.17152, 3.17323]
[-0.170969, -0.12842] ; [3.17323, 3.17494]
[-0.168537, -0.126161] ; [3.17494, 3.17665]
[-0.166078, -0.123881] ; [3.17665, 3.17835]
[-0.163677, -0.121495] ; [3.17835, 3.18006]
[-0.161346, -0.118993] ; [3.18006, 3.18176]
[-0.15899, -0.116474] ; [3.18176, 3.18346]
[-0.15661, -0.11394] ; [3.18346, 3.18516]
[-0.154206, -0.11139] ; [3.18516, 3.18686]
[-0.15178, -0.108825] ; [3.18686, 3.18855]
[-0.149332, -0.106246] ; [3.18855, 3.19024]
[-0.146861, -0.103653] ; [3.19024, 3.19193]
[-0.144369, -0.101045] ; [3.19193, 3.19362]
[-0.141855, -0.098424] ; [3.19362, 3.19531]
[-0.139321, -0.0957898] ; [3.19531, 3.19699]
[-0.136767, -0.0931426] ; [3.19699, 3.19868]
[-0.134194, -0.0904842] ; [3.19868, 3.20036]
[-0.131603, -0.0878149] ; [3.20036, 3.20204]
[-0.128994, -0.0851352] ; [3.20204, 3.20371]
[-0.126368, -0.0824455] ; [3.20371, 3.20539]
[-0.123725, -0.0797463] ; [3.20539, 3.20706]
[-0.121065, -0.0770379] ; [3.20706, 3.20873]
[-0.11839, -0.0743206] ; [3.20873, 3.21041]
[-0.115699, -0.0715949] ; [3.21041, 3.21207]
[-0.112995, -0.0688626] ; [3.21207, 3.21374]
[-0.110277, -0.0661238] ; [3.21374, 3.21541]
[-0.107546, -0.0633788] ; [3.21541, 3.21707]
[-0.104821, -0.0606092] ; [3.21707, 3.21873]
[-0.102084, -0.057834] ; [3.21873, 3.22039]
[-0.0993365, -0.0550528] ; [3.22039, 3.22205]
[-0.096579, -0.0522667] ; [3.22205, 3.22371]
[-0.0939955, -0.049292] ; [3.22371, 3.22536]
[-0.0914004, -0.0463148] ; [3.22536, 3.22701]
[-0.0887985, -0.0433404] ; [3.22701, 3.22866]
[-0.0861894, -0.0403683] ; [3.22866, 3.23031]
[-0.0836055, -0.0373668] ; [3.23031, 3.23195]
[-0.0810226, -0.0343606] ; [3.23195, 3.23359]
[-0.0784416, -0.0313506] ; [3.23359, 3.23523]
[-0.0758627, -0.0283374] ; [3.23523, 3.23686]
[-0.0732866, -0.0253211] ; [3.23686, 3.2385]
[-0.0707138, -0.0223023] ; [3.2385, 3.24012]
[-0.0681448, -0.0192814] ; [3.24012, 3.24175]
[-0.0657215, -0.0161221] ; [3.24175, 3.24337]
[-0.063297, -0.0129721] ; [3.24337, 3.24499]
[-0.0608739, -0.00983562] ; [3.24499, 3.2466]
[-0.0584568, -0.00670871] ; [3.2466, 3.2482]
[-0.0560418, -0.00359598] ; [3.2482, 3.2498]
[-0.0536323, -0.000494931] ; [3.2498, 3.25139]
[-0.0512272, 0.00259268] ; [3.25139, 3.25298]
[-0.0488266, 0.00566652] ; [3.25298, 3.25456]
[-0.0464309, 0.00872634] ; [3.25456, 3.25614]
[-0.0440404, 0.0117718] ; [3.25614, 3.25771]
[-0.0416553, 0.0148027] ; [3.25771, 3.25928]
[-0.0392759, 0.0178188] ; [3.25928, 3.26084]
[-0.0369023, 0.02082] ; [3.26084, 3.2624]
[-0.0345348, 0.0238061] ; [3.2624, 3.26395]
[-0.0321735, 0.026777] ; [3.26395, 3.2655]
[-0.0298185, 0.0297324] ; [3.2655, 3.26704]
[-0.0274825, 0.0326847] ; [3.26704, 3.26858]
[-0.0251522, 0.0356193] ; [3.26858, 3.27012]
[-0.022833, 0.0385394] ; [3.27012, 3.27165]
[-0.0205228, 0.0414428] ; [3.27165, 3.27317]
[-0.0182218, 0.0443293] ; [3.27317, 3.27469]
[-0.0159302, 0.0471988] ; [3.27469, 3.27621]
[-0.0136482, 0.0500513] ; [3.27621, 3.27772]
[-0.0113758, 0.0528865] ; [3.27772, 3.27923]
[-0.00911334, 0.0557045] ; [3.27923, 3.28073]
[-0.00686081, 0.0585051] ; [3.28073, 3.28223]
[-0.00461638, 0.0612863] ; [3.28223, 3.28373]
[-0.00238423, 0.064052] ; [3.28373, 3.28522]
[-0.000162454, 0.0668] ; [3.28522, 3.28671]
[0.00204878, 0.0695304] ; [3.28671, 3.28819]
[0.00424933, 0.072243] ; [3.28819, 3.28967]
[0.00643908, 0.0749377] ; [3.28967, 3.29115]
[0.00861788, 0.0776145] ; [3.29115, 3.29263]
[0.0107856, 0.0802733] ; [3.29263, 3.2941]
[0.0129421, 0.082914] ; [3.2941, 3.29557]
[0.0150868, 0.0855359] ; [3.29557, 3.29704]
[0.0172193, 0.0881388] ; [3.29704, 3.2985]
[0.0193397, 0.0907227] ; [3.2985, 3.29996]
[0.0214477, 0.0932875] ; [3.29996, 3.30142]
[0.0235434, 0.0958333] ; [3.30142, 3.30287]
[0.025629, 0.0983576] ; [3.30287, 3.30432]
[0.0277041, 0.10086] ; [3.30432, 3.30577]
[0.0297689, 0.103342] ; [3.30577, 3.30722]
[0.0318233, 0.105802] ; [3.30722, 3.30866]
[0.0338671, 0.10824] ; [3.30866, 3.31011]
[0.0359003, 0.110657] ; [3.31011, 3.31155]
[0.0379058, 0.113069] ; [3.31155, 3.31299]
[0.0399006, 0.11546] ; [3.31299, 3.31442]
[0.0418843, 0.117829] ; [3.31442, 3.31586]
[0.043857, 0.120176] ; [3.31586, 3.31729]
[0.0458186, 0.122501] ; [3.31729, 3.31872]
[0.0477689, 0.124804] ; [3.31872, 3.32015]
[0.049708, 0.127085] ; [3.32015, 3.32158]
[0.0516356, 0.129344] ; [3.32158, 3.32301]
[0.0535519, 0.131581] ; [3.32301, 3.32444]
[0.0554566, 0.133795] ; [3.32444, 3.32586]
[0.0573497, 0.135988] ; [3.32586, 3.32729]
[0.0592311, 0.138158] ; [3.32729, 3.32871]
[0.0611007, 0.140306] ; [3.32871, 3.33013]
[0.0629584, 0.142432] ; [3.33013, 3.33156]
[0.0648042, 0.144535] ; [3.33156, 3.33298]
[0.0666377, 0.146616] ; [3.33298, 3.3344]
[0.0684588, 0.148675] ; [3.3344, 3.33582]
[0.0702674, 0.15071] ; [3.33582, 3.33725]
[0.0720634, 0.152724] ; [3.33725, 3.33867]
[0.0738468, 0.154714] ; [3.33867, 3.34009]
[0.0756173, 0.156682] ; [3.34009, 3.34151]
[0.0773748, 0.158627] ; [3.34151, 3.34293]
[0.0791193, 0.160548] ; [3.34293, 3.34436]
[0.0808508, 0.162447] ; [3.34436, 3.34578]
[0.0825691, 0.164322] ; [3.34578, 3.3472]
[0.0842734, 0.166174] ; [3.3472, 3.34863]
[0.0859644, 0.168002] ; [3.34863, 3.35005]
[0.0876413, 0.169807] ; [3.35005, 3.35148]
[0.0893043, 0.171588] ; [3.35148, 3.3529]
[0.0909533, 0.173345] ; [3.3529, 3.35433]
[0.0925881, 0.175079] ; [3.35433, 3.35576]
[0.0942085, 0.176788] ; [3.35576, 3.35719]
[0.0958145, 0.178472] ; [3.35719, 3.35862]
[0.0974057, 0.180133] ; [3.35862, 3.36005]
[0.098982, 0.181769] ; [3.36005, 3.36148]
[0.100543, 0.18338] ; [3.36148, 3.36292]
[0.102089, 0.184966] ; [3.36292, 3.36435]
[0.103619, 0.186527] ; [3.36435, 3.36579]
[0.105134, 0.188063] ; [3.36579, 3.36723]
[0.106633, 0.189573] ; [3.36723, 3.36867]
[0.108115, 0.191058] ; [3.36867, 3.37011]
[0.10958, 0.192516] ; [3.37011, 3.37156]
[0.111029, 0.193948] ; [3.37156, 3.373]
[0.112461, 0.195353] ; [3.373, 3.37445]
[0.113875, 0.196732] ; [3.37445, 3.3759]
[0.115272, 0.198084] ; [3.3759, 3.37735]
[0.116652, 0.199409] ; [3.37735, 3.3788]
[0.118014, 0.200708] ; [3.3788, 3.38026]
[0.119358, 0.201978] ; [3.38026, 3.38171]
[0.120684, 0.203222] ; [3.38171, 3.38317]
[0.121992, 0.204438] ; [3.38317, 3.38463]
[0.123281, 0.205626] ; [3.38463, 3.3861]
[0.124551, 0.206786] ; [3.3861, 3.38756]
[0.125802, 0.207919] ; [3.38756, 3.38903]
[0.127033, 0.209024] ; [3.38903, 3.3905]
[0.128244, 0.210101] ; [3.3905, 3.39198]
[0.129434, 0.21115] ; [3.39198, 3.39345]
[0.130605, 0.21217] ; [3.39345, 3.39493]
[0.131754, 0.213162] ; [3.39493, 3.39641]
[0.132883, 0.214125] ; [3.39641, 3.3979]
[0.13399, 0.21506] ; [3.3979, 3.39939]
[0.135076, 0.215965] ; [3.39939, 3.40088]
[0.13614, 0.21684] ; [3.40088, 3.40237]
[0.137182, 0.217686] ; [3.40237, 3.40387]
[0.138202, 0.218502] ; [3.40387, 3.40537]
[0.139199, 0.219288] ; [3.40537, 3.40687]
[0.140173, 0.220044] ; [3.40687, 3.40838]
[0.141125, 0.220769] ; [3.40838, 3.40989]
[0.141734, 0.221782] ; [3.40989, 3.41141]
[0.142322, 0.222762] ; [3.41141, 3.41293]
[0.142886, 0.223707] ; [3.41293, 3.41444]
[0.143422, 0.224619] ; [3.41444, 3.41596]
[0.143935, 0.225495] ; [3.41596, 3.41747]
[0.144421, 0.226337] ; [3.41747, 3.41899]
[0.144883, 0.227145] ; [3.41899, 3.4205]
[0.14532, 0.227918] ; [3.4205, 3.42201]
[0.145731, 0.228656] ; [3.42201, 3.42353]
[0.146118, 0.22936] ; [3.42353, 3.42504]
[0.146453, 0.230056] ; [3.42504, 3.42655]
[0.146763, 0.230716] ; [3.42655, 3.42806]
[0.14705, 0.231341] ; [3.42806, 3.42957]
[0.14731, 0.231932] ; [3.42957, 3.43108]
[0.147545, 0.232489] ; [3.43108, 3.43259]
[0.147754, 0.233011] ; [3.43259, 3.43409]
[0.147939, 0.233498] ; [3.43409, 3.4356]
[0.148099, 0.233951] ; [3.4356, 3.4371]
[0.147989, 0.234615] ; [3.4371, 3.4386]
[0.147851, 0.235246] ; [3.4386, 3.44011]
[0.147687, 0.235845] ; [3.44011, 3.4416]
[0.147496, 0.23641] ; [3.4416, 3.4431]
[0.147279, 0.236943] ; [3.4431, 3.44459]
[0.147035, 0.237444] ; [3.44459, 3.44608]
[0.146766, 0.237913] ; [3.44608, 3.44757]
[0.14647, 0.23835] ; [3.44757, 3.44905]
[0.146153, 0.238751] ; [3.44905, 3.45053]
[0.145814, 0.239116] ; [3.45053, 3.45201]
[0.145454, 0.239446] ; [3.45201, 3.45349]
[0.145073, 0.239741] ; [3.45349, 3.45496]
[0.144672, 0.24] ; [3.45496, 3.45643]
[0.144224, 0.240251] ; [3.45643, 3.4579]
[0.143752, 0.240471] ; [3.4579, 3.45936]
[0.143255, 0.240661] ; [3.45936, 3.46082]
[0.142734, 0.240821] ; [3.46082, 3.46228]
[0.14219, 0.240951] ; [3.46228, 3.46373]
[0.141621, 0.241052] ; [3.46373, 3.46518]
[0.14103, 0.241124] ; [3.46518, 3.46663]
[0.140415, 0.241166] ; [3.46663, 3.46807]
[0.139777, 0.24118] ; [3.46807, 3.46951]
[0.139116, 0.241166] ; [3.46951, 3.47095]
[0.138433, 0.241123] ; [3.47095, 3.47239]
[0.137727, 0.241053] ; [3.47239, 3.47382]
[0.136999, 0.240955] ; [3.47382, 3.47525]
[0.136249, 0.240829] ; [3.47525, 3.47668]
[0.135477, 0.240676] ; [3.47668, 3.4781]
[0.134682, 0.240498] ; [3.4781, 3.47953]
[0.133865, 0.240295] ; [3.47953, 3.48094]
[0.133025, 0.240066] ; [3.48094, 3.48236]
[0.132163, 0.239813] ; [3.48236, 3.48377]
[0.131284, 0.23953] ; [3.48377, 3.48518]
[0.13039, 0.239216] ; [3.48518, 3.48659]
[0.129481, 0.238874] ; [3.48659, 3.48799]
[0.128556, 0.238501] ; [3.48799, 3.48939]
[0.127615, 0.2381] ; [3.48939, 3.49079]
[0.12666, 0.23767] ; [3.49079, 3.49219]
[0.125652, 0.237249] ; [3.49219, 3.49358]
[0.124624, 0.236805] ; [3.49358, 3.49497]
[0.123577, 0.236338] ; [3.49497, 3.49636]
[0.122511, 0.235849] ; [3.49636, 3.49774]
[0.121426, 0.235336] ; [3.49774, 3.49912]
[0.120323, 0.234802] ; [3.49912, 3.5005]
[0.119202, 0.234245] ; [3.5005, 3.50187]
[0.118063, 0.233666] ; [3.50187, 3.50324]
[0.116907, 0.233066] ; [3.50324, 3.50461]
[0.115732, 0.232445] ; [3.50461, 3.50598]
[0.114539, 0.231804] ; [3.50598, 3.50734]
[0.113329, 0.231143] ; [3.50734, 3.50871]
[0.112102, 0.230462] ; [3.50871, 3.51006]
[0.110858, 0.229762] ; [3.51006, 3.51142]
[0.109597, 0.229042] ; [3.51142, 3.51277]
[0.10832, 0.228303] ; [3.51277, 3.51412]
[0.107026, 0.227546] ; [3.51412, 3.51547]
[0.105716, 0.22677] ; [3.51547, 3.51681]
[0.10439, 0.225976] ; [3.51681, 3.51815]
[0.103048, 0.225165] ; [3.51815, 3.51949]
[0.101691, 0.224336] ; [3.51949, 3.52083]
[0.100318, 0.223489] ; [3.52083, 3.52216]
[0.0989309, 0.222626] ; [3.52216, 3.52349]
[0.0975285, 0.221745] ; [3.52349, 3.52482]
[0.0961117, 0.220848] ; [3.52482, 3.52615]
[0.0946807, 0.219935] ; [3.52615, 3.52747]
[0.0932356, 0.219005] ; [3.52747, 3.52879]
[0.0917765, 0.21806] ; [3.52879, 3.53011]
[0.0903038, 0.2171] ; [3.53011, 3.53142]
[0.0888175, 0.216124] ; [3.53142, 3.53274]
[0.0873178, 0.215133] ; [3.53274, 3.53405]
[0.0858051, 0.214127] ; [3.53405, 3.53536]
[0.0842794, 0.213107] ; [3.53536, 3.53666]
[0.082741, 0.212073] ; [3.53666, 3.53797]
[0.0811901, 0.211025] ; [3.53797, 3.53927]
[0.0796271, 0.209963] ; [3.53927, 3.54057]
[0.0780521, 0.208888] ; [3.54057, 3.54186]
[0.0764652, 0.2078] ; [3.54186, 3.54316]
[0.0748667, 0.206699] ; [3.54316, 3.54445]
[0.0732568, 0.205585] ; [3.54445, 3.54574]
[0.0716357, 0.204459] ; [3.54574, 3.54702]
[0.0700037, 0.203321] ; [3.54702, 3.54831]
[0.0683609, 0.202171] ; [3.54831, 3.54959]
[0.0667078, 0.201009] ; [3.54959, 3.55087]
[0.0650447, 0.199835] ; [3.55087, 3.55215]
[0.0633716, 0.198651] ; [3.55215, 3.55342]
[0.0616888, 0.197455] ; [3.55342, 3.5547]
[0.0599965, 0.196248] ; [3.5547, 3.55597]
[0.0582944, 0.195031] ; [3.55597, 3.55724]
[0.0565826, 0.193805] ; [3.55724, 3.5585]
[0.0548613, 0.192569] ; [3.5585, 3.55977]
[0.0531307, 0.191323] ; [3.55977, 3.56103]
[0.0513909, 0.190069] ; [3.56103, 3.56229]
[0.049642, 0.188805] ; [3.56229, 3.56355]
[0.0478842, 0.187533] ; [3.56355, 3.5648]
[0.0461177, 0.186253] ; [3.5648, 3.56606]
[0.0443426, 0.184965] ; [3.56606, 3.56731]
[0.042559, 0.183669] ; [3.56731, 3.56856]
[0.0407671, 0.182365] ; [3.56856, 3.56981]
[0.038967, 0.181054] ; [3.56981, 3.57105]
[0.0371588, 0.179737] ; [3.57105, 3.5723]
[0.0353427, 0.178412] ; [3.5723, 3.57354]
[0.0335189, 0.177081] ; [3.57354, 3.57478]
[0.0316874, 0.175743] ; [3.57478, 3.57602]
[0.0298484, 0.1744] ; [3.57602, 3.57725]
[0.0280019, 0.17305] ; [3.57725, 3.57849]
[0.0261483, 0.171695] ; [3.57849, 3.57972]
[0.0242874, 0.170335] ; [3.57972, 3.58095]
[0.0224196, 0.16897] ; [3.58095, 3.58218]
[0.0200519, 0.168093] ; [3.58218, 3.58341]
[0.0176888, 0.167201] ; [3.58341, 3.58463]
[0.0153355, 0.166296] ; [3.58463, 3.58585]
[0.0129917, 0.165379] ; [3.58585, 3.58707]
[0.0106563, 0.164451] ; [3.58707, 3.58828]
[0.00832944, 0.163512] ; [3.58828, 3.58948]
[0.00601069, 0.162562] ; [3.58948, 3.59069]
[0.00370054, 0.161602] ; [3.59069, 3.59189]
[0.00139901, 0.160632] ; [3.59189, 3.59308]
[-0.000893881, 0.159652] ; [3.59308, 3.59427]
[-0.00317813, 0.158662] ; [3.59427, 3.59546]
[-0.00545372, 0.157662] ; [3.59546, 3.59664]
[-0.00772065, 0.156652] ; [3.59664, 3.59782]
[-0.0099789, 0.155633] ; [3.59782, 3.599]
[-0.0122285, 0.154604] ; [3.599, 3.60017]
[-0.0144693, 0.153566] ; [3.60017, 3.60134]
[-0.0167015, 0.152519] ; [3.60134, 3.6025]
[-0.0189249, 0.151463] ; [3.6025, 3.60366]
[-0.0211397, 0.150398] ; [3.60366, 3.60482]
[-0.0233457, 0.149324] ; [3.60482, 3.60598]
[-0.0255429, 0.148242] ; [3.60598, 3.60713]
[-0.0277314, 0.147151] ; [3.60713, 3.60828]
[-0.0299111, 0.146053] ; [3.60828, 3.60943]
[-0.0320821, 0.144945] ; [3.60943, 3.61057]
[-0.0342443, 0.14383] ; [3.61057, 3.61171]
[-0.0363977, 0.142707] ; [3.61171, 3.61285]
[-0.0385423, 0.141576] ; [3.61285, 3.61399]
[-0.0406781, 0.140438] ; [3.61399, 3.61512]
[-0.042805, 0.139291] ; [3.61512, 3.61625]
[-0.0449231, 0.138137] ; [3.61625, 3.61738]
[-0.0470324, 0.136976] ; [3.61738, 3.61851]
[-0.0491328, 0.135808] ; [3.61851, 3.61964]
[-0.0512245, 0.134632] ; [3.61964, 3.62076]
[-0.0533073, 0.13345] ; [3.62076, 3.62188]
[-0.0553812, 0.13226] ; [3.62188, 3.623]
[-0.0574463, 0.131064] ; [3.623, 3.62412]
[-0.0595025, 0.129861] ; [3.62412, 3.62523]
[-0.0615497, 0.128651] ; [3.62523, 3.62634]
[-0.0635882, 0.127435] ; [3.62634, 3.62746]
[-0.0656179, 0.126212] ; [3.62746, 3.62857]
[-0.0676387, 0.124984] ; [3.62857, 3.62967]
[-0.0696507, 0.123749] ; [3.62967, 3.63078]
[-0.0716537, 0.122508] ; [3.63078, 3.63189]
[-0.0736479, 0.121262] ; [3.63189, 3.63299]
[-0.0756332, 0.120009] ; [3.63299, 3.63409]
[-0.0776095, 0.118751] ; [3.63409, 3.63519]
[-0.0795768, 0.117487] ; [3.63519, 3.63629]
[-0.0815352, 0.116218] ; [3.63629, 3.63739]
[-0.0834845, 0.114944] ; [3.63739, 3.63849]
[-0.0854247, 0.113663] ; [3.63849, 3.63958]
[-0.0873558, 0.112378] ; [3.63958, 3.64068]
[-0.0892777, 0.111088] ; [3.64068, 3.64177]
[-0.0911904, 0.109792] ; [3.64177, 3.64286]
[-0.0930938, 0.108491] ; [3.64286, 3.64396]
[-0.094988, 0.107186] ; [3.64396, 3.64505]
[-0.0968728, 0.105875] ; [3.64505, 3.64614]
[-0.0987483, 0.10456] ; [3.64614, 3.64723]
[-0.100614, 0.10324] ; [3.64723, 3.64831]
[-0.102471, 0.101915] ; [3.64831, 3.6494]
[-0.104318, 0.100586] ; [3.6494, 3.65049]
[-0.106154, 0.099253] ; [3.65049, 3.65157]
[-0.107979, 0.0979172] ; [3.65157, 3.65266]
[-0.109792, 0.0965785] ; [3.65266, 3.65374]
[-0.111596, 0.0952387] ; [3.65374, 3.65482]
[-0.113389, 0.0938978] ; [3.65482, 3.6559]
[-0.115173, 0.0925561] ; [3.6559, 3.65697]
[-0.116946, 0.0912136] ; [3.65697, 3.65805]
[-0.118709, 0.0898704] ; [3.65805, 3.65912]
[-0.120462, 0.0885267] ; [3.65912, 3.66019]
[-0.122205, 0.0871826] ; [3.66019, 3.66127]
[-0.123937, 0.085838] ; [3.66127, 3.66233]
[-0.12566, 0.0844933] ; [3.66233, 3.6634]
[-0.127372, 0.0831483] ; [3.6634, 3.66447]
[-0.129073, 0.0818034] ; [3.66447, 3.66553]
[-0.130765, 0.0804584] ; [3.66553, 3.66659]
[-0.132446, 0.0791136] ; [3.66659, 3.66765]
[-0.134116, 0.0777691] ; [3.66765, 3.66871]
[-0.135777, 0.0764249] ; [3.66871, 3.66977]
[-0.137427, 0.0750811] ; [3.66977, 3.67083]
[-0.139066, 0.0737379] ; [3.67083, 3.67189]
[-0.140695, 0.0723953] ; [3.67189, 3.67294]
[-0.142314, 0.0710535] ; [3.67294, 3.67399]
[-0.143922, 0.0697125] ; [3.67399, 3.67505]
[-0.145519, 0.0683725] ; [3.67505, 3.6761]
[-0.147106, 0.0670335] ; [3.6761, 3.67715]
[-0.148683, 0.0656956] ; [3.67715, 3.67819]
[-0.150249, 0.0643589] ; [3.67819, 3.67924]
[-0.151805, 0.0630235] ; [3.67924, 3.68029]
[-0.15335, 0.0616895] ; [3.68029, 3.68133]
[-0.154884, 0.060357] ; [3.68133, 3.68238]
[-0.156408, 0.0590261] ; [3.68238, 3.68342]
[-0.157922, 0.0576969] ; [3.68342, 3.68446]
[-0.159425, 0.0563695] ; [3.68446, 3.6855]
[-0.160917, 0.055044] ; [3.6855, 3.68654]
[-0.162399, 0.0537204] ; [3.68654, 3.68758]
[-0.163871, 0.0523989] ; [3.68758, 3.68862]
[-0.165331, 0.0510796] ; [3.68862, 3.68966]
[-0.166782, 0.0497624] ; [3.68966, 3.6907]
[-0.168221, 0.0484476] ; [3.6907, 3.69173]
[-0.16965, 0.0471352] ; [3.69173, 3.69277]
[-0.171069, 0.0458252] ; [3.69277, 3.6938]
[-0.172476, 0.0445177] ; [3.6938, 3.69484]
[-0.173873, 0.0432128] ; [3.69484, 3.69587]
[-0.17526, 0.0419107] ; [3.69587, 3.6969]
[-0.176635, 0.0406113] ; [3.6969, 3.69793]
[-0.178, 0.0393147] ; [3.69793, 3.69897]
[-0.179354, 0.0380211] ; [3.69897, 3.7]
[-0.180698, 0.0367305] ; [3.7, 3.70103]
[-0.18203, 0.035443] ; [3.70103, 3.70206]
[-0.183352, 0.0341587] ; [3.70206, 3.70309]
[-0.184663, 0.0328781] ; [3.70309, 3.70411]
[-0.185963, 0.0316015] ; [3.70411, 3.70514]
[-0.187273, 0.0303503] ; [3.70514, 3.70617]
[-0.188572, 0.0291033] ; [3.70617, 3.70719]
[-0.18986, 0.0278607] ; [3.70719, 3.70822]
[-0.191152, 0.0266384] ; [3.70822, 3.70924]
[-0.192434, 0.0254206] ; [3.70924, 3.71027]
[-0.193715, 0.024218] ; [3.71027, 3.71129]
[-0.194985, 0.0230205] ; [3.71129, 3.71231]
[-0.196254, 0.0218386] ; [3.71231, 3.71333]
[-0.197518, 0.0206673] ; [3.71333, 3.71435]
[-0.198776, 0.0195067] ; [3.71435, 3.71537]
[-0.200029, 0.0183569] ; [3.71537, 3.71639]
[-0.201276, 0.0172181] ; [3.71639, 3.71741]
[-0.202517, 0.0160904] ; [3.71741, 3.71842]
[-0.203748, 0.0149688] ; [3.71842, 3.71944]
[-0.204967, 0.0138537] ; [3.71944, 3.72045]
[-0.206201, 0.0127712] ; [3.72045, 3.72147]
[-0.207425, 0.0116955] ; [3.72147, 3.72248]
[-0.208654, 0.0106439] ; [3.72248, 3.72349]
[-0.209882, 0.00960795] ; [3.72349, 3.7245]
[-0.211107, 0.00858784] ; [3.7245, 3.72551]
[-0.212329, 0.00758369] ; [3.72551, 3.72652]
[-0.213549, 0.00659562] ; [3.72652, 3.72753]
[-0.215857, 0.00671349] ; [3.72753, 3.72853]
[-0.218146, 0.00683182] ; [3.72853, 3.72954]
[-0.220412, 0.0069504] ; [3.72954, 3.73054]
[-0.222654, 0.00706931] ; [3.73054, 3.73153]
[-0.224872, 0.00718862] ; [3.73153, 3.73253]
[-0.227068, 0.0073084] ; [3.73253, 3.73352]
[-0.22924, 0.00742873] ; [3.73352, 3.7345]
[-0.23139, 0.00754967] ; [3.7345, 3.73549]
[-0.233518, 0.00767128] ; [3.73549, 3.73647]
[-0.235623, 0.00779363] ; [3.73647, 3.73744]
[-0.237706, 0.00791677] ; [3.73744, 3.73841]
[-0.239768, 0.00804077] ; [3.73841, 3.73938]
[-0.241808, 0.00816569] ; [3.73938, 3.74035]
[-0.243827, 0.00829158] ; [3.74035, 3.74131]
[-0.245825, 0.00841851] ; [3.74131, 3.74227]
[-0.247802, 0.00854651] ; [3.74227, 3.74323]
[-0.249758, 0.00867566] ; [3.74323, 3.74419]
[-0.251693, 0.00880598] ; [3.74419, 3.74514]
[-0.253609, 0.00893752] ; [3.74514, 3.74608]
[-0.255504, 0.00907032] ; [3.74608, 3.74703]
[-0.257379, 0.00920442] ; [3.74703, 3.74797]
[-0.259234, 0.00933998] ; [3.74797, 3.74891]
[-0.26107, 0.00947714] ; [3.74891, 3.74985]
[-0.262884, 0.0096158] ; [3.74985, 3.75078]
[-0.264678, 0.00975597] ; [3.75078, 3.75171]
[-0.266451, 0.00989768] ; [3.75171, 3.75264]
[-0.268203, 0.010041] ; [3.75264, 3.75356]
[-0.269936, 0.010186] ; [3.75356, 3.75448]
[-0.271648, 0.0103327] ; [3.75448, 3.7554]
[-0.273341, 0.0104812] ; [3.7554, 3.75631]
[-0.275014, 0.0106313] ; [3.75631, 3.75722]
[-0.276668, 0.0107833] ; [3.75722, 3.75813]
[-0.278303, 0.0109371] ; [3.75813, 3.75903]
[-0.279919, 0.0110927] ; [3.75903, 3.75993]
[-0.281517, 0.0112506] ; [3.75993, 3.76083]
[-0.283097, 0.0114107] ; [3.76083, 3.76172]
[-0.284659, 0.011573] ; [3.76172, 3.76261]
[-0.286203, 0.0117377] ; [3.76261, 3.7635]
[-0.287729, 0.0119048] ; [3.7635, 3.76438]
[-0.289238, 0.0120743] ; [3.76438, 3.76527]
[-0.29073, 0.0122462] ; [3.76527, 3.76615]
[-0.292205, 0.0124205] ; [3.76615, 3.76702]
[-0.293664, 0.0125974] ; [3.76702, 3.7679]
[-0.295105, 0.0127769] ; [3.7679, 3.76877]
[-0.296531, 0.0129589] ; [3.76877, 3.76964]
[-0.297939, 0.0131436] ; [3.76964, 3.7705]
[-0.299332, 0.0133309] ; [3.7705, 3.77137]
[-0.300709, 0.0135208] ; [3.77137, 3.77223]
[-0.30207, 0.0137136] ; [3.77223, 3.77309]
[-0.303416, 0.013909] ; [3.77309, 3.77394]
[-0.304746, 0.0141073] ; [3.77394, 3.7748]
[-0.306061, 0.0143084] ; [3.7748, 3.77565]
[-0.307361, 0.0145123] ; [3.77565, 3.7765]
[-0.308645, 0.0147192] ; [3.7765, 3.77734]
[-0.309915, 0.0149289] ; [3.77734, 3.77819]
[-0.311171, 0.0151417] ; [3.77819, 3.77903]
[-0.312411, 0.0153574] ; [3.77903, 3.77987]
[-0.313638, 0.0155762] ; [3.77987, 3.78071]
[-0.31485, 0.015798] ; [3.78071, 3.78154]
[-0.316048, 0.016023] ; [3.78154, 3.78237]
[-0.317232, 0.0162511] ; [3.78237, 3.7832]
[-0.318402, 0.0164823] ; [3.7832, 3.78403]
[-0.319559, 0.0167168] ; [3.78403, 3.78486]
[-0.320702, 0.0169544] ; [3.78486, 3.78568]
[-0.321832, 0.0171954] ; [3.78568, 3.78651]
[-0.322948, 0.0174397] ; [3.78651, 3.78733]
[-0.324052, 0.0176873] ; [3.78733, 3.78815]
[-0.325142, 0.0179382] ; [3.78815, 3.78896]
[-0.32622, 0.0181926] ; [3.78896, 3.78978]
[-0.327284, 0.0184504] ; [3.78978, 3.79059]
[-0.328337, 0.0187117] ; [3.79059, 3.7914]
[-0.329376, 0.0189765] ; [3.7914, 3.79221]
[-0.330404, 0.0192449] ; [3.79221, 3.79301]
[-0.331419, 0.0195168] ; [3.79301, 3.79382]
[-0.332422, 0.0197923] ; [3.79382, 3.79462]
[-0.333413, 0.0200714] ; [3.79462, 3.79542]
[-0.335192, 0.0211534] ; [3.79542, 3.79622]
[-0.33696, 0.0222398] ; [3.79622, 3.79702]
[-0.338712, 0.0233284] ; [3.79702, 3.79781]
[-0.340455, 0.0244231] ; [3.79781, 3.7986]
[-0.342179, 0.0255154] ; [3.7986, 3.79939]
[-0.343884, 0.0266053] ; [3.79939, 3.80017]
[-0.34557, 0.0276928] ; [3.80017, 3.80095]
[-0.347239, 0.0287781] ; [3.80095, 3.80173]
[-0.348889, 0.0298612] ; [3.80173, 3.8025]
[-0.350523, 0.0309422] ; [3.8025, 3.80327]
[-0.352139, 0.0320212] ; [3.80327, 3.80404]
[-0.353738, 0.0330982] ; [3.80404, 3.8048]
[-0.35532, 0.0341731] ; [3.8048, 3.80556]
[-0.356885, 0.0352461] ; [3.80556, 3.80632]
[-0.358434, 0.0363171] ; [3.80632, 3.80707]
[-0.359966, 0.0373861] ; [3.80707, 3.80782]
[-0.361606, 0.0385771] ; [3.80782, 3.80857]
[-0.36323, 0.0397656] ; [3.80857, 3.80931]
[-0.364837, 0.0409514] ; [3.80931, 3.81005]
[-0.366436, 0.042144] ; [3.81005, 3.81079]
[-0.36802, 0.0433339] ; [3.81079, 3.81153]
[-0.369593, 0.0445273] ; [3.81153, 3.81226]
[-0.37115, 0.045718] ; [3.81226, 3.81299]
[-0.372698, 0.0469122] ; [3.81299, 3.81371]
[-0.374229, 0.0481038] ; [3.81371, 3.81443]
[-0.375752, 0.049299] ; [3.81443, 3.81515]
[-0.377261, 0.050494] ; [3.81515, 3.81587]
[-0.378757, 0.0516889] ; [3.81587, 3.81658]
[-0.380241, 0.0528837] ; [3.81658, 3.81729]
[-0.381776, 0.054142] ; [3.81729, 3.818]
[-0.383296, 0.0553971] ; [3.818, 3.8187]
[-0.384814, 0.0566636] ; [3.8187, 3.8194]
[-0.386318, 0.0579269] ; [3.8194, 3.8201]
[-0.387821, 0.0592013] ; [3.8201, 3.82079]
[-0.389316, 0.0604796] ; [3.82079, 3.82148]
[-0.390804, 0.0617617] ; [3.82148, 3.82217]
[-0.392284, 0.0630476] ; [3.82217, 3.82285]
[-0.393756, 0.0643372] ; [3.82285, 3.82353]
[-0.395222, 0.0656305] ; [3.82353, 3.82421]
[-0.39668, 0.0669275] ; [3.82421, 3.82489]
[-0.398131, 0.0682281] ; [3.82489, 3.82556]
[-0.399574, 0.0695321] ; [3.82556, 3.82623]
[-0.401011, 0.0708397] ; [3.82623, 3.82689]
[-0.402441, 0.0721506] ; [3.82689, 3.82756]
[-0.403865, 0.0734649] ; [3.82756, 3.82822]
[-0.405281, 0.0747826] ; [3.82822, 3.82887]
[-0.406691, 0.0761036] ; [3.82887, 3.82953]
[-0.408094, 0.0774279] ; [3.82953, 3.83018]
[-0.409491, 0.0787553] ; [3.83018, 3.83083]
[-0.410882, 0.0800859] ; [3.83083, 3.83148]
[-0.412266, 0.0814195] ; [3.83148, 3.83212]
[-0.413644, 0.0827563] ; [3.83212, 3.83276]
[-0.415015, 0.0840961] ; [3.83276, 3.8334]
[-0.416381, 0.0854389] ; [3.8334, 3.83404]
[-0.417741, 0.0867846] ; [3.83404, 3.83467]
[-0.419094, 0.0881332] ; [3.83467, 3.83531]
[-0.420442, 0.0894848] ; [3.83531, 3.83593]
[-0.421784, 0.0908393] ; [3.83593, 3.83656]
[-0.423121, 0.0921961] ; [3.83656, 3.83718]
[-0.424451, 0.0935554] ; [3.83718, 3.8378]
[-0.425775, 0.094917] ; [3.8378, 3.83842]
[-0.427093, 0.0962809] ; [3.83842, 3.83904]
[-0.428406, 0.0976472] ; [3.83904, 3.83965]
[-0.429714, 0.0990167] ; [3.83965, 3.84026]
[-0.431016, 0.100388] ; [3.84026, 3.84087]
[-0.432314, 0.101763] ; [3.84087, 3.84147]
[-0.433606, 0.103139] ; [3.84147, 3.84207]
[-0.434893, 0.104518] ; [3.84207, 3.84267]
[-0.436175, 0.105899] ; [3.84267, 3.84326]
[-0.437452, 0.107283] ; [3.84326, 3.84385]
[-0.438725, 0.108669] ; [3.84385, 3.84444]
[-0.439993, 0.110057] ; [3.84444, 3.84503]
[-0.441256, 0.111447] ; [3.84503, 3.84561]
[-0.442515, 0.11284] ; [3.84561, 3.84619]
[-0.44377, 0.114235] ; [3.84619, 3.84677]
[-0.445021, 0.115633] ; [3.84677, 3.84735]
[-0.446267, 0.117032] ; [3.84735, 3.84792]
[-0.447509, 0.118434] ; [3.84792, 3.84849]
[-0.448748, 0.119838] ; [3.84849, 3.84905]
[-0.450381, 0.121643] ; [3.84905, 3.84962]
[-0.452003, 0.123443] ; [3.84962, 3.85018]
[-0.453624, 0.125247] ; [3.85018, 3.85074]
[-0.455239, 0.127051] ; [3.85074, 3.85129]
[-0.456848, 0.128855] ; [3.85129, 3.85185]
[-0.458451, 0.130658] ; [3.85185, 3.85239]
[-0.460048, 0.13246] ; [3.85239, 3.85294]
[-0.461639, 0.134262] ; [3.85294, 3.85348]
[-0.463225, 0.136063] ; [3.85348, 3.85402]
[-0.464843, 0.137902] ; [3.85402, 3.85456]
[-0.46646, 0.139744] ; [3.85456, 3.85509]
[-0.468075, 0.141589] ; [3.85509, 3.85563]
[-0.469688, 0.143437] ; [3.85563, 3.85615]
[-0.471299, 0.145288] ; [3.85615, 3.85668]
[-0.472909, 0.147142] ; [3.85668, 3.8572]
[-0.474518, 0.148998] ; [3.8572, 3.85772]
[-0.476125, 0.150858] ; [3.85772, 3.85824]
[-0.47773, 0.15272] ; [3.85824, 3.85875]
[-0.479334, 0.154585] ; [3.85875, 3.85926]
[-0.480936, 0.156452] ; [3.85926, 3.85977]
[-0.482536, 0.158321] ; [3.85977, 3.86028]
[-0.484136, 0.160193] ; [3.86028, 3.86078]
[-0.485733, 0.162067] ; [3.86078, 3.86128]
[-0.487329, 0.163944] ; [3.86128, 3.86178]
