[-0.00349066, -0.00349066] ; [-0.000194829, 0]
[-0.0034921, -0.0034921] ; [0, 0.000194829]
[-0.00350192, -0.00350192] ; [0.000194829, 0.000545522]
[-0.00352599, -0.00352599] ; [0.000545522, 0.0009688]
[-0.00356353, -0.00356353] ; [0.0009688, 0.00139491]
[-0.00361455, -0.00361455] ; [0.00139491, 0.00182352]
[-0.00367908, -0.00367908] ; [0.00182352, 0.00225465]
[-0.00375715, -0.00375715] ; [0.00225465, 0.00268832]
[-0.00384879, -0.00384878] ; [0.00268832, 0.00312455]
[-0.00395402, -0.00395402] ; [0.00312455, 0.00356337]
[-0.00407289, -0.00407288] ; [0.00356337, 0.00400479]
[-0.00420541, -0.00420541] ; [0.00400479, 0.00444885]
[-0.00435163, -0.00435162] ; [0.00444885, 0.00489555]
[-0.00451156, -0.00451156] ; [0.00489555, 0.00534494]
[-0.00468526, -0.00468525] ; [0.00534494, 0.00579702]
[-0.00487273, -0.00487272] ; [0.00579702, 0.00625183]
[-0.00507403, -0.00507402] ; [0.00625183, 0.00670939]
[-0.00528919, -0.00528918] ; [0.00670939, 0.00716972]
[-0.00551823, -0.00551822] ; [0.00716972, 0.00763284]
[-0.0057612, -0.00576118] ; [0.00763284, 0.00809879]
[-0.00601812, -0.00601811] ; [0.00809879, 0.00856759]
[-0.00628904, -0.00628903] ; [0.00856759, 0.00903927]
[-0.006574, -0.00657398] ; [0.00903927, 0.00951384]
[-0.00687364, -0.00687363] ; [0.00951384, 0.00999232]
[-0.00718963, -0.00718962] ; [0.00999232, 0.010477]
[-0.00752229, -0.00752227] ; [0.010477, 0.0109681]
[-0.00787192, -0.0078719] ; [0.0109681, 0.0114655]
[-0.00823886, -0.00823884] ; [0.0114655, 0.0119694]
[-0.00862342, -0.0086234] ; [0.0119694, 0.0124798]
[-0.00902593, -0.00902591] ; [0.0124798, 0.0129968]
[-0.00944672, -0.0094467] ; [0.0129968, 0.0135206]
[-0.00988612, -0.0098861] ; [0.0135206, 0.014051]
[-0.0103445, -0.0103444] ; [0.014051, 0.0145884]
[-0.0108221, -0.0108221] ; [0.0145884, 0.0151326]
[-0.0113194, -0.0113193] ; [0.0151326, 0.0156839]
[-0.0118366, -0.0118366] ; [0.0156839, 0.0162424]
[-0.0123741, -0.0123741] ; [0.0162424, 0.016808]
[-0.0129323, -0.0129323] ; [0.016808, 0.0173809]
[-0.0135116, -0.0135115] ; [0.0173809, 0.0179612]
[-0.0141122, -0.0141121] ; [0.0179612, 0.0185491]
[-0.0147345, -0.0147345] ; [0.0185491, 0.0191445]
[-0.015379, -0.015379] ; [0.0191445, 0.0197476]
[-0.016046, -0.016046] ; [0.0197476, 0.0203586]
[-0.0167358, -0.0167358] ; [0.0203586, 0.0209775]
[-0.0174489, -0.0174489] ; [0.0209775, 0.0216044]
[-0.0181857, -0.0181856] ; [0.0216044, 0.0222395]
[-0.0189464, -0.0189464] ; [0.0222395, 0.0228829]
[-0.0197316, -0.0197316] ; [0.0228829, 0.0235347]
[-0.0205416, -0.0205416] ; [0.0235347, 0.0241951]
[-0.0213769, -0.0213768] ; [0.0241951, 0.0248641]
[-0.0222378, -0.0222378] ; [0.0248641, 0.0255419]
[-0.0231248, -0.0231248] ; [0.0255419, 0.0262286]
[-0.0240384, -0.0240383] ; [0.0262286, 0.0269244]
[-0.0249788, -0.0249788] ; [0.0269244, 0.0276295]
[-0.0259467, -0.0259466] ; [0.0276295, 0.0283439]
[-0.0269424, -0.0269423] ; [0.0283439, 0.0290678]
[-0.0279664, -0.0279663] ; [0.0290678, 0.0298014]
[-0.0290191, -0.029019] ; [0.0298014, 0.0305448]
[-0.030101, -0.0301009] ; [0.0305448, 0.0312982]
[-0.0312126, -0.0312125] ; [0.0312982, 0.0320617]
[-0.0323542, -0.0323542] ; [0.0320617, 0.0328355]
[-0.0335265, -0.0335264] ; [0.0328355, 0.0336198]
[-0.0347299, -0.0347298] ; [0.0336198, 0.0344147]
[-0.0359649, -0.0359648] ; [0.0344147, 0.0352204]
[-0.0372321, -0.037232] ; [0.0352204, 0.0360371]
[-0.0385318, -0.0385317] ; [0.0360371, 0.036865]
[-0.0398646, -0.0398645] ; [0.036865, 0.0377042]
[-0.0412312, -0.041231] ; [0.0377042, 0.038555]
[-0.0426318, -0.0426317] ; [0.038555, 0.0394175]
[-0.0440672, -0.0440671] ; [0.0394175, 0.0402919]
[-0.0455379, -0.0455378] ; [0.0402919, 0.0411785]
[-0.0470443, -0.0470442] ; [0.0411785, 0.0420773]
[-0.0485871, -0.0485869] ; [0.0420773, 0.0429887]
[-0.0501667, -0.0501665] ; [0.0429887, 0.0439128]
[-0.0517837, -0.0517835] ; [0.0439128, 0.0448498]
[-0.0534386, -0.0534385] ; [0.0448498, 0.0457999]
[-0.055132, -0.0551319] ; [0.0457999, 0.0467633]
[-0.0568645, -0.0568643] ; [0.0467633, 0.0477402]
[-0.0586364, -0.0586363] ; [0.0477402, 0.0487307]
[-0.0604485, -0.0604483] ; [0.0487307, 0.0497352]
[-0.062301, -0.0623009] ; [0.0497352, 0.0507537]
[-0.0641947, -0.0641945] ; [0.0507537, 0.0517865]
[-0.0661298, -0.0661296] ; [0.0517865, 0.0528336]
[-0.0681069, -0.0681067] ; [0.0528336, 0.0538954]
[-0.0701265, -0.0701262] ; [0.0538954, 0.0549719]
[-0.0721888, -0.0721886] ; [0.0549719, 0.0560632]
[-0.0742943, -0.0742941] ; [0.0560632, 0.0571696]
[-0.0764433, -0.0764431] ; [0.0571696, 0.058291]
[-0.0786362, -0.0786359] ; [0.058291, 0.0594277]
[-0.080873, -0.0808727] ; [0.0594277, 0.0605797]
[-0.0831541, -0.0831538] ; [0.0605797, 0.0617471]
[-0.0854796, -0.0854793] ; [0.0617471, 0.0629298]
[-0.0878495, -0.0878492] ; [0.0629298, 0.064128]
[-0.0902638, -0.0902635] ; [0.064128, 0.0653416]
[-0.0927225, -0.0927222] ; [0.0653416, 0.0665705]
[-0.0952254, -0.0952251] ; [0.0665705, 0.0678147]
[-0.0977723, -0.0977719] ; [0.0678147, 0.0690741]
[-0.100363, -0.100362] ; [0.0690741, 0.0703485]
[-0.102997, -0.102996] ; [0.0703485, 0.0716379]
[-0.105673, -0.105673] ; [0.0716379, 0.0729418]
[-0.108392, -0.108391] ; [0.0729418, 0.0742603]
[-0.111151, -0.111151] ; [0.0742603, 0.0755928]
[-0.113952, -0.113952] ; [0.0755928, 0.0769392]
[-0.116792, -0.116792] ; [0.0769392, 0.0782991]
[-0.119671, -0.11967] ; [0.0782991, 0.0796721]
[-0.122587, -0.122587] ; [0.0796721, 0.0810578]
[-0.12554, -0.125539] ; [0.0810578, 0.0824557]
[-0.128527, -0.128527] ; [0.0824557, 0.0838654]
[-0.131549, -0.131548] ; [0.0838654, 0.0852865]
[-0.134603, -0.134602] ; [0.0852865, 0.0867184]
[-0.137688, -0.137687] ; [0.0867184, 0.0881607]
[-0.140802, -0.140801] ; [0.0881607, 0.0896128]
[-0.143944, -0.143943] ; [0.0896128, 0.0910742]
[-0.147112, -0.147111] ; [0.0910742, 0.0925441]
[-0.150303, -0.150302] ; [0.0925441, 0.0940214]
[-0.153515, -0.153514] ; [0.0940214, 0.0955057]
[-0.156747, -0.156746] ; [0.0955057, 0.0969964]
[-0.159997, -0.159997] ; [0.0969964, 0.098493]
[-0.163264, -0.163264] ; [0.098493, 0.099995]
[-0.166546, -0.166546] ; [0.099995, 0.101502]
[-0.169842, -0.169842] ; [0.101502, 0.103014]
[-0.173151, -0.17315] ; [0.103014, 0.10453]
[-0.176471, -0.17647] ; [0.10453, 0.10605]
[-0.179801, -0.1798] ; [0.10605, 0.107574]
[-0.18314, -0.18314] ; [0.107574, 0.109101]
[-0.186488, -0.186488] ; [0.109101, 0.110632]
[-0.189844, -0.189843] ; [0.110632, 0.112167]
[-0.193207, -0.193206] ; [0.112167, 0.113705]
[-0.196573, -0.196572] ; [0.113705, 0.115245]
[-0.199941, -0.19994] ; [0.115245, 0.116786]
[-0.203309, -0.203308] ; [0.116786, 0.118329]
[-0.206678, -0.206677] ; [0.118329, 0.119873]
[-0.210047, -0.210046] ; [0.119873, 0.121418]
[-0.213416, -0.213415] ; [0.121418, 0.122966]
[-0.216785, -0.216784] ; [0.122966, 0.124515]
[-0.220154, -0.220153] ; [0.124515, 0.126068]
[-0.223524, -0.223523] ; [0.126068, 0.127622]
[-0.226894, -0.226893] ; [0.127622, 0.12918]
[-0.230266, -0.230265] ; [0.12918, 0.130742]
[-0.233639, -0.233637] ; [0.130742, 0.132308]
[-0.237014, -0.237012] ; [0.132308, 0.133878]
[-0.240391, -0.24039] ; [0.133878, 0.135454]
[-0.243772, -0.24377] ; [0.135454, 0.137036]
[-0.247157, -0.247155] ; [0.137036, 0.138624]
[-0.250547, -0.250545] ; [0.138624, 0.140219]
[-0.253943, -0.253941] ; [0.140219, 0.141822]
[-0.257346, -0.257344] ; [0.141822, 0.143434]
[-0.260757, -0.260755] ; [0.143434, 0.145056]
[-0.264177, -0.264176] ; [0.145056, 0.146689]
[-0.267609, -0.267607] ; [0.146689, 0.148333]
[-0.271053, -0.271051] ; [0.148333, 0.14999]
[-0.274511, -0.274509] ; [0.14999, 0.151662]
[-0.277985, -0.277983] ; [0.151662, 0.153348]
[-0.281476, -0.281474] ; [0.153348, 0.155052]
[-0.284988, -0.284986] ; [0.155052, 0.156773]
[-0.288522, -0.288519] ; [0.156773, 0.158514]
[-0.29208, -0.292078] ; [0.158514, 0.160277]
[-0.295666, -0.295663] ; [0.160277, 0.162064]
[-0.299282, -0.29928] ; [0.162064, 0.163876]
[-0.302932, -0.302929] ; [0.163876, 0.165716]
[-0.306617, -0.306614] ; [0.165716, 0.167585]
[-0.31034, -0.310337] ; [0.167585, 0.169486]
[-0.314106, -0.314103] ; [0.169486, 0.171422]
[-0.31792, -0.317916] ; [0.171422, 0.173396]
[-0.321787, -0.321783] ; [0.173396, 0.175413]
[-0.325712, -0.325709] ; [0.175413, 0.177475]
[-0.329704, -0.3297] ; [0.177475, 0.179588]
[-0.333769, -0.333764] ; [0.179588, 0.181758]
[-0.337881, -0.337877] ; [0.181758, 0.183972]
[-0.341776, -0.341771] ; [0.183972, 0.186085]
[-0.345559, -0.345554] ; [0.186085, 0.188155]
[-0.349225, -0.34922] ; [0.188155, 0.190177]
[-0.352793, -0.352787] ; [0.190177, 0.19216]
[-0.356273, -0.356267] ; [0.19216, 0.194109]
[-0.359675, -0.359669] ; [0.194109, 0.196029]
[-0.363007, -0.363] ; [0.196029, 0.197924]
[-0.366275, -0.366269] ; [0.197924, 0.199796]
[-0.369486, -0.36948] ; [0.199796, 0.201648]
[-0.372646, -0.372639] ; [0.201648, 0.203484]
[-0.375758, -0.375751] ; [0.203484, 0.205305]
[-0.378827, -0.378819] ; [0.205305, 0.207113]
[-0.381856, -0.381849] ; [0.207113, 0.20891]
[-0.38485, -0.384842] ; [0.20891, 0.210697]
[-0.387809, -0.387801] ; [0.210697, 0.212476]
[-0.390736, -0.390728] ; [0.212476, 0.214247]
[-0.393634, -0.393625] ; [0.214247, 0.216011]
[-0.396504, -0.396496] ; [0.216011, 0.21777]
[-0.399351, -0.399342] ; [0.21777, 0.219525]
[-0.402174, -0.402165] ; [0.219525, 0.221276]
[-0.404977, -0.404968] ; [0.221276, 0.223025]
[-0.407761, -0.407751] ; [0.223025, 0.224772]
[-0.410527, -0.410518] ; [0.224772, 0.226518]
[-0.413278, -0.413268] ; [0.226518, 0.228264]
[-0.416015, -0.416005] ; [0.228264, 0.230011]
[-0.418739, -0.418729] ; [0.230011, 0.231759]
[-0.421452, -0.421442] ; [0.231759, 0.233509]
[-0.424154, -0.424144] ; [0.233509, 0.235262]
[-0.426848, -0.426838] ; [0.235262, 0.237017]
[-0.429535, -0.429525] ; [0.237017, 0.238777]
[-0.432215, -0.432205] ; [0.238777, 0.240541]
[-0.434891, -0.43488] ; [0.240541, 0.242309]
[-0.437562, -0.437551] ; [0.242309, 0.244083]
[-0.440231, -0.440219] ; [0.244083, 0.245863]
[-0.442897, -0.442886] ; [0.245863, 0.24765]
[-0.445564, -0.445552] ; [0.24765, 0.249443]
[-0.44823, -0.448219] ; [0.249443, 0.251244]
[-0.450898, -0.450887] ; [0.251244, 0.253053]
[-0.453569, -0.453558] ; [0.253053, 0.254871]
[-0.456244, -0.456232] ; [0.254871, 0.256698]
[-0.458924, -0.458911] ; [0.256698, 0.258534]
[-0.461609, -0.461597] ; [0.258534, 0.260381]
[-0.464302, -0.464289] ; [0.260381, 0.262239]
[-0.467002, -0.46699] ; [0.262239, 0.264107]
[-0.469713, -0.4697] ; [0.264107, 0.265988]
[-0.472434, -0.472421] ; [0.265988, 0.267881]
[-0.475167, -0.475154] ; [0.267881, 0.269788]
[-0.477913, -0.4779] ; [0.269788, 0.271709]
[-0.480673, -0.48066] ; [0.271709, 0.273644]
[-0.48345, -0.483437] ; [0.273644, 0.275595]
[-0.486244, -0.486231] ; [0.275595, 0.277562]
[-0.489058, -0.489044] ; [0.277562, 0.279546]
[-0.491892, -0.491878] ; [0.279546, 0.281548]
[-0.494749, -0.494735] ; [0.281548, 0.283569]
[-0.49763, -0.497616] ; [0.283569, 0.285611]
[-0.500538, -0.500524] ; [0.285611, 0.287674]
[-0.503475, -0.503461] ; [0.287674, 0.289761]
[-0.506444, -0.506429] ; [0.289761, 0.291871]
[-0.509447, -0.509432] ; [0.291871, 0.294008]
[-0.512487, -0.512472] ; [0.294008, 0.296173]
[-0.515568, -0.515553] ; [0.296173, 0.298368]
[-0.518625, -0.51861] ; [0.298368, 0.300547]
[-0.52163, -0.521615] ; [0.300547, 0.302688]
[-0.524586, -0.52457] ; [0.302688, 0.304796]
[-0.527495, -0.527479] ; [0.304796, 0.306869]
[-0.530358, -0.530342] ; [0.306869, 0.30891]
[-0.533175, -0.533159] ; [0.30891, 0.310918]
[-0.535949, -0.535933] ; [0.310918, 0.312894]
[-0.538682, -0.538666] ; [0.312894, 0.31484]
[-0.541376, -0.54136] ; [0.31484, 0.316757]
[-0.544033, -0.544017] ; [0.316757, 0.318646]
[-0.546654, -0.546637] ; [0.318646, 0.320509]
[-0.54924, -0.549224] ; [0.320509, 0.322346]
[-0.551793, -0.551776] ; [0.322346, 0.324158]
[-0.554314, -0.554297] ; [0.324158, 0.325945]
[-0.556803, -0.556787] ; [0.325945, 0.327709]
[-0.559263, -0.559246] ; [0.327709, 0.32945]
[-0.561692, -0.561675] ; [0.32945, 0.331169]
[-0.564093, -0.564076] ; [0.331169, 0.332865]
[-0.566466, -0.566449] ; [0.332865, 0.33454]
[-0.56881, -0.568793] ; [0.33454, 0.336194]
[-0.571128, -0.571111] ; [0.336194, 0.337827]
[-0.573419, -0.573402] ; [0.337827, 0.339439]
[-0.5757, -0.575683] ; [0.339439, 0.341043]
[-0.577978, -0.577961] ; [0.341043, 0.342643]
[-0.580252, -0.580235] ; [0.342643, 0.344239]
[-0.582524, -0.582506] ; [0.344239, 0.345831]
[-0.584792, -0.584774] ; [0.345831, 0.347419]
[-0.587058, -0.58704] ; [0.347419, 0.349004]
[-0.589322, -0.589304] ; [0.349004, 0.350586]
[-0.591584, -0.591566] ; [0.350586, 0.352165]
[-0.593844, -0.593827] ; [0.352165, 0.353741]
[-0.596104, -0.596086] ; [0.353741, 0.355314]
[-0.598362, -0.598344] ; [0.355314, 0.356885]
[-0.60062, -0.600602] ; [0.356885, 0.358453]
[-0.602877, -0.602859] ; [0.358453, 0.36002]
[-0.605133, -0.605115] ; [0.36002, 0.361585]
[-0.60739, -0.607372] ; [0.361585, 0.363148]
[-0.609647, -0.609629] ; [0.363148, 0.364709]
[-0.611905, -0.611886] ; [0.364709, 0.366269]
[-0.614163, -0.614144] ; [0.366269, 0.367828]
[-0.616422, -0.616403] ; [0.367828, 0.369386]
[-0.618681, -0.618663] ; [0.369386, 0.370942]
[-0.620943, -0.620924] ; [0.370942, 0.372498]
[-0.623205, -0.623187] ; [0.372498, 0.374054]
[-0.625469, -0.625451] ; [0.374054, 0.375608]
[-0.627735, -0.627716] ; [0.375608, 0.377162]
[-0.630002, -0.629984] ; [0.377162, 0.378716]
[-0.632272, -0.632253] ; [0.378716, 0.38027]
[-0.634544, -0.634525] ; [0.38027, 0.381824]
[-0.636819, -0.6368] ; [0.381824, 0.383378]
[-0.639096, -0.639077] ; [0.383378, 0.384933]
[-0.641376, -0.641357] ; [0.384933, 0.386488]
[-0.643659, -0.64364] ; [0.386488, 0.388043]
[-0.645945, -0.645926] ; [0.388043, 0.3896]
[-0.648235, -0.648216] ; [0.3896, 0.391157]
[-0.650529, -0.65051] ; [0.391157, 0.392716]
[-0.652827, -0.652807] ; [0.392716, 0.394275]
[-0.655128, -0.655109] ; [0.394275, 0.395837]
[-0.657434, -0.657415] ; [0.395837, 0.3974]
[-0.659745, -0.659726] ; [0.3974, 0.398965]
[-0.66206, -0.662041] ; [0.398965, 0.400531]
[-0.664381, -0.664362] ; [0.400531, 0.4021]
[-0.666707, -0.666688] ; [0.4021, 0.403672]
[-0.669038, -0.669019] ; [0.403672, 0.405246]
[-0.671385, -0.671366] ; [0.405246, 0.406829]
[-0.673758, -0.673738] ; [0.406829, 0.408429]
[-0.676157, -0.676137] ; [0.408429, 0.410045]
[-0.678582, -0.678563] ; [0.410045, 0.411677]
[-0.681034, -0.681015] ; [0.411677, 0.413327]
[-0.683514, -0.683494] ; [0.413327, 0.414993]
[-0.68602, -0.686001] ; [0.414993, 0.416677]
[-0.688555, -0.688536] ; [0.416677, 0.418379]
[-0.691118, -0.691098] ; [0.418379, 0.420098]
[-0.693709, -0.69369] ; [0.420098, 0.421835]
[-0.696329, -0.696309] ; [0.421835, 0.42359]
[-0.698979, -0.698959] ; [0.42359, 0.425364]
[-0.701658, -0.701638] ; [0.425364, 0.427157]
[-0.704369, -0.704349] ; [0.427157, 0.42897]
[-0.707111, -0.707091] ; [0.42897, 0.430802]
[-0.709886, -0.709866] ; [0.430802, 0.432655]
[-0.712694, -0.712674] ; [0.432655, 0.434529]
[-0.715537, -0.715517] ; [0.434529, 0.436426]
[-0.718417, -0.718396] ; [0.436426, 0.438345]
[-0.721333, -0.721313] ; [0.438345, 0.440287]
[-0.724288, -0.724268] ; [0.440287, 0.442254]
[-0.727283, -0.727263] ; [0.442254, 0.444247]
[-0.730321, -0.730301] ; [0.444247, 0.446266]
[-0.733403, -0.733382] ; [0.446266, 0.448313]
[-0.736531, -0.73651] ; [0.448313, 0.450389]
[-0.739708, -0.739687] ; [0.450389, 0.452496]
[-0.742936, -0.742915] ; [0.452496, 0.454635]
[-0.746218, -0.746198] ; [0.454635, 0.456809]
[-0.749559, -0.749538] ; [0.456809, 0.459019]
[-0.752961, -0.75294] ; [0.459019, 0.461268]
[-0.756429, -0.756407] ; [0.461268, 0.463557]
[-0.759967, -0.759946] ; [0.463557, 0.465891]
[-0.763581, -0.763559] ; [0.465891, 0.468273]
[-0.767276, -0.767255] ; [0.468273, 0.470705]
[-0.77106, -0.771039] ; [0.470705, 0.473191]
[-0.77494, -0.774919] ; [0.473191, 0.475738]
[-0.778925, -0.778903] ; [0.475738, 0.478348]
[-0.783023, -0.783001] ; [0.478348, 0.481029]
[-0.787159, -0.787137] ; [0.481029, 0.48373]
[-0.791197, -0.791175] ; [0.48373, 0.486361]
[-0.795163, -0.79514] ; [0.486361, 0.48894]
[-0.799065, -0.799043] ; [0.48894, 0.491473]
[-0.802914, -0.802891] ; [0.491473, 0.493966]
[-0.806718, -0.806695] ; [0.493966, 0.496423]
[-0.810482, -0.810459] ; [0.496423, 0.49885]
[-0.814214, -0.81419] ; [0.49885, 0.50125]
[-0.817919, -0.817895] ; [0.50125, 0.503626]
[-0.821601, -0.821577] ; [0.503626, 0.505982]
[-0.825266, -0.825242] ; [0.505982, 0.508321]
[-0.828918, -0.828893] ; [0.508321, 0.510644]
[-0.83256, -0.832536] ; [0.510644, 0.512955]
[-0.836198, -0.836173] ; [0.512955, 0.515257]
[-0.839834, -0.839809] ; [0.515257, 0.51755]
[-0.843473, -0.843448] ; [0.51755, 0.519837]
[-0.847118, -0.847092] ; [0.519837, 0.522121]
[-0.850772, -0.850746] ; [0.522121, 0.524404]
[-0.854439, -0.854413] ; [0.524404, 0.526686]
[-0.858123, -0.858097] ; [0.526686, 0.528971]
[-0.861827, -0.8618] ; [0.528971, 0.53126]
[-0.865555, -0.865527] ; [0.53126, 0.533555]
[-0.869309, -0.869282] ; [0.533555, 0.535858]
[-0.873095, -0.873067] ; [0.535858, 0.538171]
[-0.876915, -0.876887] ; [0.538171, 0.540496]
[-0.880773, -0.880745] ; [0.540496, 0.542835]
[-0.884675, -0.884646] ; [0.542835, 0.54519]
[-0.888622, -0.888593] ; [0.54519, 0.547563]
[-0.892621, -0.892591] ; [0.547563, 0.549957]
[-0.896674, -0.896644] ; [0.549957, 0.552372]
[-0.900788, -0.900757] ; [0.552372, 0.554813]
[-0.904966, -0.904935] ; [0.554813, 0.557281]
[-0.909214, -0.909183] ; [0.557281, 0.559779]
[-0.913536, -0.913504] ; [0.559779, 0.562309]
[-0.917933, -0.917901] ; [0.562309, 0.56487]
[-0.922413, -0.92238] ; [0.56487, 0.567467]
[-0.92698, -0.926946] ; [0.567467, 0.570102]
[-0.931472, -0.931439] ; [0.570102, 0.572682]
[-0.935911, -0.935877] ; [0.572682, 0.575219]
[-0.940302, -0.940267] ; [0.575219, 0.577717]
[-0.944653, -0.944617] ; [0.577717, 0.580182]
[-0.94897, -0.948934] ; [0.580182, 0.582617]
[-0.953259, -0.953223] ; [0.582617, 0.585026]
[-0.957527, -0.95749] ; [0.585026, 0.587413]
[-0.961777, -0.96174] ; [0.587413, 0.58978]
[-0.966014, -0.965977] ; [0.58978, 0.592131]
[-0.970242, -0.970204] ; [0.592131, 0.594468]
[-0.974465, -0.974427] ; [0.594468, 0.596793]
[-0.978686, -0.978647] ; [0.596793, 0.599109]
[-0.982908, -0.982869] ; [0.599109, 0.601417]
[-0.987135, -0.987095] ; [0.601417, 0.603719]
[-0.991369, -0.991328] ; [0.603719, 0.606017]
[-0.995612, -0.995571] ; [0.606017, 0.608312]
[-0.999866, -0.999825] ; [0.608312, 0.610606]
[-1.00413, -1.00409] ; [0.610606, 0.612899]
[-1.00842, -1.00837] ; [0.612899, 0.615193]
[-1.01271, -1.01267] ; [0.615193, 0.617489]
[-1.01703, -1.01699] ; [0.617489, 0.619789]
[-1.02137, -1.02133] ; [0.619789, 0.622093]
[-1.02574, -1.02569] ; [0.622093, 0.624404]
[-1.03013, -1.03008] ; [0.624404, 0.626721]
[-1.03455, -1.0345] ; [0.626721, 0.629047]
[-1.03899, -1.03895] ; [0.629047, 0.631383]
[-1.04347, -1.04343] ; [0.631383, 0.63373]
[-1.04799, -1.04794] ; [0.63373, 0.636089]
[-1.05254, -1.0525] ; [0.636089, 0.638461]
[-1.05713, -1.05709] ; [0.638461, 0.640849]
[-1.06177, -1.06172] ; [0.640849, 0.643252]
[-1.06645, -1.0664] ; [0.643252, 0.645674]
[-1.07117, -1.07113] ; [0.645674, 0.648115]
[-1.07595, -1.0759] ; [0.648115, 0.650575]
[-1.08067, -1.08062] ; [0.650575, 0.653004]
[-1.08535, -1.0853] ; [0.653004, 0.655406]
[-1.08999, -1.08994] ; [0.655406, 0.657781]
[-1.09458, -1.09453] ; [0.657781, 0.66013]
[-1.09913, -1.09908] ; [0.66013, 0.662452]
[-1.10363, -1.10358] ; [0.662452, 0.664748]
[-1.10809, -1.10804] ; [0.664748, 0.667017]
[-1.1125, -1.11245] ; [0.667017, 0.669261]
[-1.11687, -1.11682] ; [0.669261, 0.671479]
[-1.1212, -1.12115] ; [0.671479, 0.673673]
[-1.12548, -1.12543] ; [0.673673, 0.675841]
[-1.12972, -1.12967] ; [0.675841, 0.677985]
[-1.13392, -1.13387] ; [0.677985, 0.680105]
[-1.13808, -1.13802] ; [0.680105, 0.682202]
[-1.14219, -1.14214] ; [0.682202, 0.684275]
[-1.14626, -1.14621] ; [0.684275, 0.686325]
[-1.15029, -1.15024] ; [0.686325, 0.688353]
[-1.15428, -1.15423] ; [0.688353, 0.690359]
[-1.15823, -1.15818] ; [0.690359, 0.692343]
[-1.16214, -1.16209] ; [0.692343, 0.694306]
[-1.16602, -1.16596] ; [0.694306, 0.696248]
[-1.16985, -1.1698] ; [0.696248, 0.698168]
[-1.17365, -1.17359] ; [0.698168, 0.700069]
[-1.1774, -1.17735] ; [0.700069, 0.701949]
[-1.18113, -1.18107] ; [0.701949, 0.703809]
[-1.18481, -1.18475] ; [0.703809, 0.70565]
[-1.18846, -1.1884] ; [0.70565, 0.707471]
[-1.19207, -1.19201] ; [0.707471, 0.709273]
[-1.19565, -1.1956] ; [0.709273, 0.71106]
[-1.19922, -1.19917] ; [0.71106, 0.712841]
[-1.20279, -1.20273] ; [0.712841, 0.714616]
[-1.20635, -1.20629] ; [0.714616, 0.716387]
[-1.20989, -1.20984] ; [0.716387, 0.718152]
[-1.21343, -1.21338] ; [0.718152, 0.719913]
[-1.21696, -1.21691] ; [0.719913, 0.721668]
[-1.22049, -1.22043] ; [0.721668, 0.723419]
[-1.22401, -1.22395] ; [0.723419, 0.725165]
[-1.22751, -1.22746] ; [0.725165, 0.726907]
[-1.23102, -1.23096] ; [0.726907, 0.728644]
[-1.23451, -1.23446] ; [0.728644, 0.730378]
[-1.238, -1.23795] ; [0.730378, 0.732107]
[-1.24149, -1.24143] ; [0.732107, 0.733833]
[-1.24497, -1.24491] ; [0.733833, 0.735556]
[-1.24844, -1.24838] ; [0.735556, 0.737275]
[-1.25191, -1.25185] ; [0.737275, 0.738991]
[-1.25538, -1.25532] ; [0.738991, 0.740705]
[-1.25884, -1.25878] ; [0.740705, 0.742415]
[-1.2623, -1.26224] ; [0.742415, 0.744123]
[-1.26575, -1.2657] ; [0.744123, 0.745828]
[-1.26921, -1.26915] ; [0.745828, 0.747531]
[-1.27266, -1.2726] ; [0.747531, 0.749233]
[-1.2761, -1.27605] ; [0.749233, 0.750932]
[-1.27955, -1.27949] ; [0.750932, 0.75263]
[-1.283, -1.28294] ; [0.75263, 0.754326]
[-1.28644, -1.28638] ; [0.754326, 0.75602]
[-1.28988, -1.28982] ; [0.75602, 0.757714]
[-1.29333, -1.29327] ; [0.757714, 0.759407]
[-1.29677, -1.29671] ; [0.759407, 0.761099]
[-1.30022, -1.30016] ; [0.761099, 0.76279]
[-1.30366, -1.3036] ; [0.76279, 0.764481]
[-1.30711, -1.30705] ; [0.764481, 0.766172]
[-1.31056, -1.3105] ; [0.766172, 0.767862]
[-1.31401, -1.31395] ; [0.767862, 0.769553]
[-1.31746, -1.3174] ; [0.769553, 0.771244]
[-1.32092, -1.32086] ; [0.771244, 0.772935]
[-1.32438, -1.32432] ; [0.772935, 0.774627]
[-1.32784, -1.32778] ; [0.774627, 0.77632]
[-1.33131, -1.33125] ; [0.77632, 0.778015]
[-1.33478, -1.33472] ; [0.778015, 0.779711]
[-1.33826, -1.3382] ; [0.779711, 0.781408]
[-1.34175, -1.34169] ; [0.781408, 0.783108]
[-1.34524, -1.34518] ; [0.783108, 0.78481]
[-1.34874, -1.34868] ; [0.78481, 0.786515]
[-1.35225, -1.35219] ; [0.786515, 0.788222]
[-1.35577, -1.35571] ; [0.788222, 0.789933]
[-1.35929, -1.35923] ; [0.789933, 0.791647]
[-1.36283, -1.36277] ; [0.791647, 0.793365]
[-1.36638, -1.36632] ; [0.793365, 0.795087]
[-1.36994, -1.36988] ; [0.795087, 0.796814]
[-1.37351, -1.37345] ; [0.796814, 0.798545]
[-1.3771, -1.37703] ; [0.798545, 0.800282]
[-1.3807, -1.38063] ; [0.800282, 0.802025]
[-1.38431, -1.38425] ; [0.802025, 0.803774]
[-1.38794, -1.38788] ; [0.803774, 0.80553]
[-1.39159, -1.39153] ; [0.80553, 0.807293]
[-1.39526, -1.3952] ; [0.807293, 0.809064]
[-1.39895, -1.39888] ; [0.809064, 0.810844]
[-1.40266, -1.40259] ; [0.810844, 0.812632]
[-1.40639, -1.40633] ; [0.812632, 0.81443]
[-1.41015, -1.41008] ; [0.81443, 0.816239]
[-1.41393, -1.41386] ; [0.816239, 0.818059]
[-1.41775, -1.41769] ; [0.818059, 0.819899]
[-1.42163, -1.42157] ; [0.819899, 0.821763]
[-1.42557, -1.4255] ; [0.821763, 0.823654]
[-1.42956, -1.4295] ; [0.823654, 0.825572]
[-1.43362, -1.43355] ; [0.825572, 0.827518]
[-1.43774, -1.43768] ; [0.827518, 0.829496]
[-1.44194, -1.44187] ; [0.829496, 0.831505]
[-1.44621, -1.44614] ; [0.831505, 0.83355]
[-1.45055, -1.45048] ; [0.83355, 0.835631]
[-1.45499, -1.45492] ; [0.835631, 0.837752]
[-1.45951, -1.45944] ; [0.837752, 0.839916]
[-1.46413, -1.46406] ; [0.839916, 0.842127]
[-1.46887, -1.4688] ; [0.842127, 0.84439]
[-1.47372, -1.47365] ; [0.84439, 0.846709]
[-1.47871, -1.47864] ; [0.846709, 0.849092]
[-1.48385, -1.48377] ; [0.849092, 0.851545]
[-1.48912, -1.48905] ; [0.851545, 0.854064]
[-1.49426, -1.49418] ; [0.854064, 0.856517]
[-1.49928, -1.49921] ; [0.856517, 0.858917]
[-1.50419, -1.50412] ; [0.858917, 0.861264]
[-1.509, -1.50893] ; [0.861264, 0.863563]
[-1.51372, -1.51365] ; [0.863563, 0.865821]
[-1.51836, -1.51829] ; [0.865821, 0.868041]
[-1.52293, -1.52286] ; [0.868041, 0.870228]
[-1.52743, -1.52736] ; [0.870228, 0.872384]
[-1.53187, -1.53179] ; [0.872384, 0.874512]
[-1.53625, -1.53618] ; [0.874512, 0.876616]
[-1.54059, -1.54051] ; [0.876616, 0.878697]
[-1.54487, -1.54479] ; [0.878697, 0.880757]
[-1.54911, -1.54904] ; [0.880757, 0.882799]
[-1.55331, -1.55324] ; [0.882799, 0.884824]
[-1.55748, -1.5574] ; [0.884824, 0.886833]
[-1.56161, -1.56153] ; [0.886833, 0.888829]
[-1.5657, -1.56562] ; [0.888829, 0.890812]
[-1.56977, -1.56969] ; [0.890812, 0.892785]
[-1.57381, -1.57373] ; [0.892785, 0.894747]
[-1.57783, -1.57775] ; [0.894747, 0.896701]
[-1.58182, -1.58174] ; [0.896701, 0.898648]
[-1.58579, -1.58571] ; [0.898648, 0.900588]
[-1.58975, -1.58966] ; [0.900588, 0.902523]
[-1.59368, -1.5936] ; [0.902523, 0.904455]
[-1.5976, -1.59752] ; [0.904455, 0.906383]
[-1.60151, -1.60143] ; [0.906383, 0.908309]
[-1.60541, -1.60532] ; [0.908309, 0.910234]
[-1.60929, -1.60921] ; [0.910234, 0.912159]
[-1.61317, -1.61308] ; [0.912159, 0.914085]
[-1.61704, -1.61695] ; [0.914085, 0.916013]
[-1.62091, -1.62082] ; [0.916013, 0.917944]
[-1.62477, -1.62468] ; [0.917944, 0.919879]
[-1.62863, -1.62854] ; [0.919879, 0.921819]
[-1.63249, -1.63239] ; [0.921819, 0.923765]
[-1.63635, -1.63625] ; [0.923765, 0.925718]
[-1.64021, -1.64012] ; [0.925718, 0.927679]
[-1.64408, -1.64398] ; [0.927679, 0.92965]
[-1.64795, -1.64786] ; [0.92965, 0.931631]
[-1.65183, -1.65174] ; [0.931631, 0.933623]
[-1.65573, -1.65563] ; [0.933623, 0.935629]
[-1.65963, -1.65953] ; [0.935629, 0.937648]
[-1.66355, -1.66345] ; [0.937648, 0.939683]
[-1.66748, -1.66738] ; [0.939683, 0.941735]
[-1.67143, -1.67133] ; [0.941735, 0.943804]
[-1.67541, -1.6753] ; [0.943804, 0.945894]
[-1.6794, -1.6793] ; [0.945894, 0.948005]
[-1.68342, -1.68331] ; [0.948005, 0.950137]
[-1.68746, -1.68735] ; [0.950137, 0.952292]
[-1.69152, -1.69142] ; [0.952292, 0.954472]
[-1.69562, -1.69551] ; [0.954472, 0.956678]
[-1.69975, -1.69964] ; [0.956678, 0.958913]
[-1.70391, -1.7038] ; [0.958913, 0.961179]
[-1.70811, -1.708] ; [0.961179, 0.963478]
[-1.71236, -1.71225] ; [0.963478, 0.965811]
[-1.71657, -1.71645] ; [0.965811, 0.968139]
[-1.72066, -1.72055] ; [0.968139, 0.970418]
[-1.72468, -1.72457] ; [0.970418, 0.972665]
[-1.72862, -1.72851] ; [0.972665, 0.97488]
[-1.7325, -1.73238] ; [0.97488, 0.977069]
[-1.73631, -1.73619] ; [0.977069, 0.979233]
[-1.74006, -1.73994] ; [0.979233, 0.981374]
[-1.74376, -1.74364] ; [0.981374, 0.983497]
[-1.74742, -1.74729] ; [0.983497, 0.985601]
[-1.75102, -1.7509] ; [0.985601, 0.98769]
[-1.75459, -1.75447] ; [0.98769, 0.989765]
[-1.75812, -1.75799] ; [0.989765, 0.991828]
[-1.76161, -1.76149] ; [0.991828, 0.99388]
[-1.76508, -1.76495] ; [0.99388, 0.995923]
[-1.76851, -1.76838] ; [0.995923, 0.997957]
[-1.77191, -1.77178] ; [0.997957, 0.999985]
[-1.77529, -1.77516] ; [0.999985, 1.002]
[-1.77865, -1.77852] ; [1.002, 1.00402]
[-1.78198, -1.78184] ; [1.00402, 1.00603]
[-1.78529, -1.78515] ; [1.00603, 1.00803]
[-1.78858, -1.78844] ; [1.00803, 1.01003]
[-1.79185, -1.79172] ; [1.01003, 1.01203]
[-1.79511, -1.79497] ; [1.01203, 1.01403]
[-1.79836, -1.79822] ; [1.01403, 1.01602]
[-1.80159, -1.80145] ; [1.01602, 1.01802]
[-1.80481, -1.80467] ; [1.01802, 1.02001]
[-1.80802, -1.80788] ; [1.02001, 1.02201]
[-1.81122, -1.81108] ; [1.02201, 1.02401]
[-1.81442, -1.81428] ; [1.02401, 1.02601]
[-1.81761, -1.81747] ; [1.02601, 1.02801]
[-1.8208, -1.82065] ; [1.02801, 1.03002]
[-1.82398, -1.82383] ; [1.03002, 1.03203]
[-1.82716, -1.82701] ; [1.03203, 1.03405]
[-1.83035, -1.8302] ; [1.03405, 1.03607]
[-1.83353, -1.83338] ; [1.03607, 1.0381]
[-1.83671, -1.83656] ; [1.0381, 1.04014]
[-1.8399, -1.83975] ; [1.04014, 1.04218]
[-1.84309, -1.84294] ; [1.04218, 1.04424]
[-1.84629, -1.84614] ; [1.04424, 1.0463]
[-1.8495, -1.84934] ; [1.0463, 1.04837]
[-1.85271, -1.85256] ; [1.04837, 1.05045]
[-1.85594, -1.85578] ; [1.05045, 1.05255]
[-1.85918, -1.85902] ; [1.05255, 1.05465]
[-1.86243, -1.86226] ; [1.05465, 1.05677]
[-1.86569, -1.86553] ; [1.05677, 1.0589]
[-1.86897, -1.86881] ; [1.0589, 1.06105]
[-1.87227, -1.87211] ; [1.06105, 1.06321]
[-1.87559, -1.87542] ; [1.06321, 1.06539]
[-1.87893, -1.87876] ; [1.06539, 1.06759]
[-1.88222, -1.88205] ; [1.06759, 1.06975]
[-1.88547, -1.8853] ; [1.06975, 1.0719]
[-1.88867, -1.8885] ; [1.0719, 1.07402]
[-1.89184, -1.89167] ; [1.07402, 1.07611]
[-1.89497, -1.8948] ; [1.07611, 1.07818]
[-1.89806, -1.89788] ; [1.07818, 1.08023]
[-1.90111, -1.90093] ; [1.08023, 1.08225]
[-1.90412, -1.90395] ; [1.08225, 1.08426]
[-1.9071, -1.90693] ; [1.08426, 1.08623]
[-1.91004, -1.90987] ; [1.08623, 1.08819]
[-1.91295, -1.91278] ; [1.08819, 1.09013]
[-1.91583, -1.91565] ; [1.09013, 1.09204]
[-1.91869, -1.91852] ; [1.09204, 1.09395]
[-1.92155, -1.92137] ; [1.09395, 1.09585]
[-1.92439, -1.92421] ; [1.09585, 1.09774]
[-1.92722, -1.92704] ; [1.09774, 1.09963]
[-1.93003, -1.92985] ; [1.09963, 1.10151]
[-1.93284, -1.93266] ; [1.10151, 1.10338]
[-1.93564, -1.93546] ; [1.10338, 1.10525]
[-1.93843, -1.93825] ; [1.10525, 1.10711]
[-1.94122, -1.94103] ; [1.10711, 1.10896]
[-1.94399, -1.94381] ; [1.10896, 1.11081]
[-1.94676, -1.94657] ; [1.11081, 1.11266]
[-1.94952, -1.94933] ; [1.11266, 1.1145]
[-1.95227, -1.95208] ; [1.1145, 1.11633]
[-1.95501, -1.95482] ; [1.11633, 1.11816]
[-1.95775, -1.95756] ; [1.11816, 1.11999]
[-1.96048, -1.96029] ; [1.11999, 1.12181]
[-1.96321, -1.96302] ; [1.12181, 1.12362]
[-1.96593, -1.96574] ; [1.12362, 1.12543]
[-1.96864, -1.96845] ; [1.12543, 1.12724]
[-1.97135, -1.97116] ; [1.12724, 1.12905]
[-1.97406, -1.97387] ; [1.12905, 1.13085]
[-1.97677, -1.97658] ; [1.13085, 1.13265]
[-1.97947, -1.97928] ; [1.13265, 1.13445]
[-1.98217, -1.98198] ; [1.13445, 1.13624]
[-1.98487, -1.98468] ; [1.13624, 1.13803]
[-1.98757, -1.98738] ; [1.13803, 1.13983]
[-1.99027, -1.99007] ; [1.13983, 1.14162]
[-1.99297, -1.99277] ; [1.14162, 1.1434]
[-1.99566, -1.99546] ; [1.1434, 1.14519]
[-1.99836, -1.99816] ; [1.14519, 1.14698]
[-2.00106, -2.00086] ; [1.14698, 1.14877]
[-2.00376, -2.00356] ; [1.14877, 1.15055]
[-2.00646, -2.00625] ; [1.15055, 1.15234]
[-2.00916, -2.00896] ; [1.15234, 1.15412]
[-2.01186, -2.01166] ; [1.15412, 1.15591]
[-2.01456, -2.01436] ; [1.15591, 1.15769]
[-2.01727, -2.01707] ; [1.15769, 1.15948]
[-2.01998, -2.01978] ; [1.15948, 1.16127]
[-2.02269, -2.02249] ; [1.16127, 1.16306]
[-2.02541, -2.02521] ; [1.16306, 1.16485]
[-2.02813, -2.02793] ; [1.16485, 1.16664]
[-2.03086, -2.03065] ; [1.16664, 1.16843]
[-2.03359, -2.03338] ; [1.16843, 1.17022]
[-2.03632, -2.03611] ; [1.17022, 1.17202]
[-2.03906, -2.03885] ; [1.17202, 1.17382]
[-2.04181, -2.0416] ; [1.17382, 1.17562]
[-2.04456, -2.04435] ; [1.17562, 1.17743]
[-2.04732, -2.04711] ; [1.17743, 1.17923]
[-2.05009, -2.04988] ; [1.17923, 1.18104]
[-2.05287, -2.05265] ; [1.18104, 1.18286]
[-2.05565, -2.05544] ; [1.18286, 1.18468]
[-2.05844, -2.05823] ; [1.18468, 1.1865]
[-2.06125, -2.06103] ; [1.1865, 1.18833]
[-2.06406, -2.06384] ; [1.18833, 1.19017]
[-2.06688, -2.06666] ; [1.19017, 1.19201]
[-2.06971, -2.0695] ; [1.19201, 1.19385]
[-2.07256, -2.07234] ; [1.19385, 1.1957]
[-2.07542, -2.0752] ; [1.1957, 1.19756]
[-2.07828, -2.07807] ; [1.19756, 1.19942]
[-2.08117, -2.08095] ; [1.19942, 1.20129]
[-2.08406, -2.08384] ; [1.20129, 1.20317]
[-2.08697, -2.08675] ; [1.20317, 1.20505]
[-2.0899, -2.08967] ; [1.20505, 1.20695]
[-2.09283, -2.09261] ; [1.20695, 1.20885]
[-2.09579, -2.09556] ; [1.20885, 1.21076]
[-2.09876, -2.09853] ; [1.21076, 1.21267]
[-2.10175, -2.10152] ; [1.21267, 1.2146]
[-2.10475, -2.10453] ; [1.2146, 1.21654]
[-2.10778, -2.10755] ; [1.21654, 1.21849]
[-2.11084, -2.11061] ; [1.21849, 1.22045]
[-2.11394, -2.11371] ; [1.22045, 1.22244]
[-2.11707, -2.11684] ; [1.22244, 1.22446]
[-2.12024, -2.12001] ; [1.22446, 1.22649]
[-2.12346, -2.12323] ; [1.22649, 1.22855]
[-2.12671, -2.12648] ; [1.22855, 1.23063]
[-2.13001, -2.12978] ; [1.23063, 1.23274]
[-2.13335, -2.13312] ; [1.23274, 1.23487]
[-2.13674, -2.1365] ; [1.23487, 1.23703]
[-2.14017, -2.13994] ; [1.23703, 1.23921]
[-2.14365, -2.14342] ; [1.23921, 1.24142]
[-2.14719, -2.14695] ; [1.24142, 1.24367]
[-2.15077, -2.15053] ; [1.24367, 1.24594]
[-2.15441, -2.15417] ; [1.24594, 1.24824]
[-2.1581, -2.15786] ; [1.24824, 1.25057]
[-2.16186, -2.16162] ; [1.25057, 1.25294]
[-2.16567, -2.16543] ; [1.25294, 1.25534]
[-2.16954, -2.1693] ; [1.25534, 1.25778]
[-2.17348, -2.17323] ; [1.25778, 1.26025]
[-2.17748, -2.17724] ; [1.26025, 1.26275]
[-2.18155, -2.1813] ; [1.26275, 1.26529]
[-2.18569, -2.18544] ; [1.26529, 1.26788]
[-2.1899, -2.18965] ; [1.26788, 1.27049]
[-2.19415, -2.1939] ; [1.27049, 1.27313]
[-2.19836, -2.19811] ; [1.27313, 1.27574]
[-2.20256, -2.20231] ; [1.27574, 1.27833]
[-2.20674, -2.20648] ; [1.27833, 1.28091]
[-2.21091, -2.21065] ; [1.28091, 1.28347]
[-2.21506, -2.2148] ; [1.28347, 1.28602]
[-2.21921, -2.21895] ; [1.28602, 1.28856]
[-2.22336, -2.2231] ; [1.28856, 1.29109]
[-2.2275, -2.22724] ; [1.29109, 1.29361]
[-2.23165, -2.23139] ; [1.29361, 1.29613]
[-2.23581, -2.23554] ; [1.29613, 1.29864]
[-2.23997, -2.2397] ; [1.29864, 1.30116]
[-2.24414, -2.24387] ; [1.30116, 1.30367]
[-2.24832, -2.24806] ; [1.30367, 1.30618]
[-2.25252, -2.25225] ; [1.30618, 1.30869]
[-2.25674, -2.25647] ; [1.30869, 1.31121]
[-2.26098, -2.2607] ; [1.31121, 1.31373]
[-2.26523, -2.26496] ; [1.31373, 1.31626]
[-2.26952, -2.26924] ; [1.31626, 1.31879]
[-2.27383, -2.27355] ; [1.31879, 1.32133]
[-2.27816, -2.27788] ; [1.32133, 1.32388]
[-2.28253, -2.28225] ; [1.32388, 1.32644]
[-2.28693, -2.28665] ; [1.32644, 1.32901]
[-2.29136, -2.29108] ; [1.32901, 1.33159]
[-2.29583, -2.29555] ; [1.33159, 1.33419]
[-2.30034, -2.30005] ; [1.33419, 1.3368]
[-2.30489, -2.3046] ; [1.3368, 1.33942]
[-2.30947, -2.30919] ; [1.33942, 1.34206]
[-2.3141, -2.31382] ; [1.34206, 1.34471]
[-2.31878, -2.31849] ; [1.34471, 1.34738]
[-2.3235, -2.32321] ; [1.34738, 1.35007]
[-2.32818, -2.32789] ; [1.35007, 1.35273]
[-2.33285, -2.33255] ; [1.35273, 1.35537]
[-2.33749, -2.33719] ; [1.35537, 1.35799]
[-2.34211, -2.34182] ; [1.35799, 1.36059]
[-2.34672, -2.34643] ; [1.36059, 1.36317]
[-2.35132, -2.35102] ; [1.36317, 1.36575]
[-2.35591, -2.35561] ; [1.36575, 1.3683]
[-2.3605, -2.3602] ; [1.3683, 1.37085]
[-2.36508, -2.36477] ; [1.37085, 1.37339]
[-2.36966, -2.36935] ; [1.37339, 1.37592]
[-2.37424, -2.37393] ; [1.37592, 1.37844]
[-2.37882, -2.37852] ; [1.37844, 1.38096]
[-2.38341, -2.38311] ; [1.38096, 1.38348]
[-2.38801, -2.3877] ; [1.38348, 1.38599]
[-2.39262, -2.39231] ; [1.38599, 1.38851]
[-2.39723, -2.39692] ; [1.38851, 1.39102]
[-2.40183, -2.40151] ; [1.39102, 1.39351]
[-2.4064, -2.40609] ; [1.39351, 1.39599]
[-2.41096, -2.41065] ; [1.39599, 1.39845]
[-2.4155, -2.41519] ; [1.39845, 1.40089]
[-2.42003, -2.41971] ; [1.40089, 1.40333]
[-2.42453, -2.42421] ; [1.40333, 1.40574]
[-2.42901, -2.42869] ; [1.40574, 1.40814]
[-2.43347, -2.43315] ; [1.40814, 1.41052]
[-2.4379, -2.43759] ; [1.41052, 1.41289]
[-2.44232, -2.442] ; [1.41289, 1.41523]
[-2.44671, -2.44639] ; [1.41523, 1.41756]
[-2.45107, -2.45075] ; [1.41756, 1.41988]
[-2.45541, -2.45509] ; [1.41988, 1.42217]
[-2.45972, -2.4594] ; [1.42217, 1.42445]
[-2.464, -2.46368] ; [1.42445, 1.42671]
[-2.46826, -2.46794] ; [1.42671, 1.42895]
[-2.47249, -2.47217] ; [1.42895, 1.43117]
[-2.4767, -2.47637] ; [1.43117, 1.43338]
[-2.48087, -2.48054] ; [1.43338, 1.43557]
[-2.48502, -2.48469] ; [1.43557, 1.43774]
[-2.48914, -2.4888] ; [1.43774, 1.43989]
[-2.49323, -2.49289] ; [1.43989, 1.44202]
[-2.49729, -2.49695] ; [1.44202, 1.44414]
[-2.50133, -2.50099] ; [1.44414, 1.44624]
[-2.50536, -2.50502] ; [1.44624, 1.44834]
[-2.50938, -2.50904] ; [1.44834, 1.45043]
[-2.51339, -2.51305] ; [1.45043, 1.45251]
[-2.5174, -2.51706] ; [1.45251, 1.45458]
[-2.52139, -2.52105] ; [1.45458, 1.45665]
[-2.52538, -2.52503] ; [1.45665, 1.45871]
[-2.52935, -2.52901] ; [1.45871, 1.46076]
[-2.53332, -2.53298] ; [1.46076, 1.46281]
[-2.53728, -2.53694] ; [1.46281, 1.46485]
[-2.54123, -2.54089] ; [1.46485, 1.46688]
[-2.54518, -2.54483] ; [1.46688, 1.46891]
[-2.54912, -2.54877] ; [1.46891, 1.47094]
[-2.55305, -2.5527] ; [1.47094, 1.47295]
[-2.55697, -2.55662] ; [1.47295, 1.47497]
[-2.56089, -2.56054] ; [1.47497, 1.47697]
[-2.5648, -2.56445] ; [1.47697, 1.47898]
[-2.5687, -2.56835] ; [1.47898, 1.48097]
[-2.5726, -2.57225] ; [1.48097, 1.48297]
[-2.57649, -2.57614] ; [1.48297, 1.48495]
[-2.58038, -2.58003] ; [1.48495, 1.48694]
[-2.58426, -2.58391] ; [1.48694, 1.48892]
[-2.58814, -2.58779] ; [1.48892, 1.4909]
[-2.59202, -2.59166] ; [1.4909, 1.49287]
[-2.59589, -2.59553] ; [1.49287, 1.49484]
[-2.59976, -2.5994] ; [1.49484, 1.49681]
[-2.60362, -2.60326] ; [1.49681, 1.49877]
[-2.60748, -2.60712] ; [1.49877, 1.50073]
[-2.61134, -2.61098] ; [1.50073, 1.50269]
[-2.6152, -2.61484] ; [1.50269, 1.50464]
[-2.61905, -2.61869] ; [1.50464, 1.5066]
[-2.62291, -2.62254] ; [1.5066, 1.50855]
[-2.62676, -2.6264] ; [1.50855, 1.5105]
[-2.63061, -2.63025] ; [1.5105, 1.51245]
[-2.63446, -2.6341] ; [1.51245, 1.5144]
[-2.63832, -2.63795] ; [1.5144, 1.51634]
[-2.64217, -2.6418] ; [1.51634, 1.51829]
[-2.64602, -2.64566] ; [1.51829, 1.52023]
[-2.64988, -2.64951] ; [1.52023, 1.52218]
[-2.65374, -2.65337] ; [1.52218, 1.52412]
[-2.6576, -2.65723] ; [1.52412, 1.52607]
[-2.66146, -2.66109] ; [1.52607, 1.52801]
[-2.66533, -2.66495] ; [1.52801, 1.52996]
[-2.6692, -2.66882] ; [1.52996, 1.53191]
[-2.67307, -2.6727] ; [1.53191, 1.53385]
[-2.67695, -2.67658] ; [1.53385, 1.5358]
[-2.68084, -2.68046] ; [1.5358, 1.53775]
[-2.68473, -2.68435] ; [1.53775, 1.53971]
[-2.68862, -2.68824] ; [1.53971, 1.54166]
[-2.69252, -2.69214] ; [1.54166, 1.54362]
[-2.69643, -2.69605] ; [1.54362, 1.54557]
[-2.70034, -2.69996] ; [1.54557, 1.54754]
[-2.70426, -2.70388] ; [1.54754, 1.5495]
[-2.70819, -2.7078] ; [1.5495, 1.55146]
[-2.71212, -2.71174] ; [1.55146, 1.55343]
[-2.71607, -2.71568] ; [1.55343, 1.55541]
[-2.72002, -2.71963] ; [1.55541, 1.55738]
[-2.72399, -2.7236] ; [1.55738, 1.55937]
[-2.72797, -2.72757] ; [1.55937, 1.56135]
[-2.73196, -2.73156] ; [1.56135, 1.56335]
[-2.73596, -2.73556] ; [1.56335, 1.56534]
[-2.73998, -2.73958] ; [1.56534, 1.56735]
[-2.74401, -2.74361] ; [1.56735, 1.56936]
[-2.74806, -2.74766] ; [1.56936, 1.57138]
[-2.75212, -2.75172] ; [1.57138, 1.5734]
[-2.7562, -2.7558] ; [1.5734, 1.57544]
[-2.7603, -2.7599] ; [1.57544, 1.57748]
[-2.76443, -2.76402] ; [1.57748, 1.57954]
[-2.76857, -2.76816] ; [1.57954, 1.5816]
[-2.77274, -2.77233] ; [1.5816, 1.58367]
[-2.77693, -2.77652] ; [1.58367, 1.58576]
[-2.78114, -2.78073] ; [1.58576, 1.58786]
[-2.78539, -2.78497] ; [1.58786, 1.58997]
[-2.78966, -2.78924] ; [1.58997, 1.5921]
[-2.79396, -2.79354] ; [1.5921, 1.59424]
[-2.7983, -2.79788] ; [1.59424, 1.59639]
[-2.80267, -2.80225] ; [1.59639, 1.59857]
[-2.80708, -2.80665] ; [1.59857, 1.60076]
[-2.81152, -2.81109] ; [1.60076, 1.60297]
[-2.816, -2.81557] ; [1.60297, 1.6052]
[-2.82052, -2.82009] ; [1.6052, 1.60745]
[-2.82508, -2.82464] ; [1.60745, 1.60971]
[-2.82967, -2.82924] ; [1.60971, 1.612]
[-2.83431, -2.83387] ; [1.612, 1.61431]
[-2.839, -2.83855] ; [1.61431, 1.61665]
[-2.84373, -2.84328] ; [1.61665, 1.619]
[-2.84851, -2.84806] ; [1.619, 1.62139]
[-2.85334, -2.85289] ; [1.62139, 1.62379]
[-2.85822, -2.85777] ; [1.62379, 1.62623]
[-2.86316, -2.86271] ; [1.62623, 1.6287]
[-2.86803, -2.86758] ; [1.6287, 1.63113]
[-2.87283, -2.87237] ; [1.63113, 1.63353]
[-2.87755, -2.87709] ; [1.63353, 1.63589]
[-2.88221, -2.88174] ; [1.63589, 1.63823]
[-2.8868, -2.88633] ; [1.63823, 1.64053]
[-2.89134, -2.89087] ; [1.64053, 1.64281]
[-2.89582, -2.89535] ; [1.64281, 1.64506]
[-2.90025, -2.89978] ; [1.64506, 1.64729]
[-2.90464, -2.90416] ; [1.64729, 1.6495]
[-2.90898, -2.9085] ; [1.6495, 1.65169]
[-2.91329, -2.9128] ; [1.65169, 1.65386]
[-2.91755, -2.91707] ; [1.65386, 1.65602]
[-2.92178, -2.9213] ; [1.65602, 1.65816]
[-2.92598, -2.92549] ; [1.65816, 1.66029]
[-2.93015, -2.92966] ; [1.66029, 1.6624]
[-2.93429, -2.9338] ; [1.6624, 1.66451]
[-2.93841, -2.93792] ; [1.66451, 1.66661]
[-2.94252, -2.94202] ; [1.66661, 1.6687]
[-2.94661, -2.9461] ; [1.6687, 1.67079]
[-2.95068, -2.95017] ; [1.67079, 1.67288]
[-2.95474, -2.95423] ; [1.67288, 1.67496]
[-2.95878, -2.95827] ; [1.67496, 1.67704]
[-2.96282, -2.96231] ; [1.67704, 1.67912]
[-2.96685, -2.96633] ; [1.67912, 1.68119]
[-2.97086, -2.97034] ; [1.68119, 1.68327]
[-2.97487, -2.97435] ; [1.68327, 1.68535]
[-2.97888, -2.97835] ; [1.68535, 1.68743]
[-2.98288, -2.98235] ; [1.68743, 1.68951]
[-2.98687, -2.98634] ; [1.68951, 1.69159]
[-2.99086, -2.99033] ; [1.69159, 1.69368]
[-2.99485, -2.99432] ; [1.69368, 1.69577]
[-2.99884, -2.99831] ; [1.69577, 1.69787]
[-3.00283, -3.0023] ; [1.69787, 1.69997]
[-3.00683, -3.00629] ; [1.69997, 1.70208]
[-3.01082, -3.01028] ; [1.70208, 1.70419]
[-3.01482, -3.01428] ; [1.70419, 1.70632]
[-3.01883, -3.01828] ; [1.70632, 1.70845]
[-3.02284, -3.02229] ; [1.70845, 1.71059]
[-3.02686, -3.02631] ; [1.71059, 1.71275]
[-3.03089, -3.03034] ; [1.71275, 1.71491]
[-3.03493, -3.03438] ; [1.71491, 1.71709]
[-3.03898, -3.03843] ; [1.71709, 1.71927]
[-3.04305, -3.04249] ; [1.71927, 1.72148]
[-3.04713, -3.04656] ; [1.72148, 1.72369]
[-3.05122, -3.05065] ; [1.72369, 1.72593]
[-3.05532, -3.05476] ; [1.72593, 1.72817]
[-3.05944, -3.05888] ; [1.72817, 1.73043]
[-3.06358, -3.06301] ; [1.73043, 1.73271]
[-3.06774, -3.06717] ; [1.73271, 1.73501]
[-3.07191, -3.07134] ; [1.73501, 1.73733]
[-3.07611, -3.07554] ; [1.73733, 1.73966]
[-3.08033, -3.07975] ; [1.73966, 1.74202]
[-3.08455, -3.08398] ; [1.74202, 1.74438]
[-3.08874, -3.08816] ; [1.74438, 1.74674]
[-3.09287, -3.09229] ; [1.74674, 1.74907]
[-3.09695, -3.09637] ; [1.74907, 1.75138]
[-3.10099, -3.1004] ; [1.75138, 1.75367]
[-3.10498, -3.10439] ; [1.75367, 1.75595]
[-3.10894, -3.10834] ; [1.75595, 1.75821]
[-3.11286, -3.11226] ; [1.75821, 1.76046]
[-3.11674, -3.11614] ; [1.76046, 1.7627]
[-3.1206, -3.12] ; [1.7627, 1.76492]
[-3.12444, -3.12383] ; [1.76492, 1.76715]
[-3.12825, -3.12764] ; [1.76715, 1.76936]
[-3.13205, -3.13143] ; [1.76936, 1.77158]
[-3.13583, -3.13521] ; [1.77158, 1.77379]
[-3.13959, -3.13897] ; [1.77379, 1.77599]
[-3.14334, -3.14272] ; [1.77599, 1.7782]
[-3.14708, -3.14646] ; [1.7782, 1.78041]
[-3.15081, -3.15018] ; [1.78041, 1.78261]
[-3.15453, -3.1539] ; [1.78261, 1.78482]
[-3.15824, -3.15761] ; [1.78482, 1.78703]
[-3.16194, -3.16131] ; [1.78703, 1.78924]
[-3.16564, -3.16501] ; [1.78924, 1.79145]
[-3.16933, -3.1687] ; [1.79145, 1.79367]
[-3.17303, -3.17239] ; [1.79367, 1.79589]
[-3.17671, -3.17608] ; [1.79589, 1.79812]
[-3.1804, -3.17976] ; [1.79812, 1.80035]
[-3.1841, -3.18345] ; [1.80035, 1.80259]
[-3.18779, -3.18715] ; [1.80259, 1.80483]
[-3.19149, -3.19085] ; [1.80483, 1.80709]
[-3.1952, -3.19455] ; [1.80709, 1.80935]
[-3.19891, -3.19827] ; [1.80935, 1.81162]
[-3.20264, -3.20199] ; [1.81162, 1.81391]
[-3.20638, -3.20573] ; [1.81391, 1.81621]
[-3.21013, -3.20948] ; [1.81621, 1.81852]
[-3.2139, -3.21324] ; [1.81852, 1.82084]
[-3.21767, -3.21702] ; [1.82084, 1.82318]
[-3.22143, -3.22078] ; [1.82318, 1.82551]
[-3.22517, -3.22452] ; [1.82551, 1.82784]
[-3.2289, -3.22824] ; [1.82784, 1.83015]
[-3.23261, -3.23195] ; [1.83015, 1.83247]
[-3.23631, -3.23565] ; [1.83247, 1.83477]
[-3.23999, -3.23933] ; [1.83477, 1.83707]
[-3.24366, -3.24299] ; [1.83707, 1.83937]
[-3.24731, -3.24664] ; [1.83937, 1.84166]
[-3.25094, -3.25028] ; [1.84166, 1.84394]
[-3.25457, -3.2539] ; [1.84394, 1.84622]
[-3.25817, -3.25751] ; [1.84622, 1.84849]
[-3.26177, -3.2611] ; [1.84849, 1.85076]
[-3.26535, -3.26468] ; [1.85076, 1.85302]
[-3.26892, -3.26825] ; [1.85302, 1.85527]
[-3.27248, -3.27181] ; [1.85527, 1.85752]
[-3.27602, -3.27535] ; [1.85752, 1.85976]
[-3.27955, -3.27888] ; [1.85976, 1.862]
[-3.28308, -3.2824] ; [1.862, 1.86423]
[-3.28659, -3.28591] ; [1.86423, 1.86646]
[-3.29009, -3.28941] ; [1.86646, 1.86868]
[-3.29358, -3.2929] ; [1.86868, 1.8709]
[-3.29706, -3.29638] ; [1.8709, 1.87311]
[-3.30054, -3.29986] ; [1.87311, 1.87532]
[-3.30401, -3.30332] ; [1.87532, 1.87753]
[-3.30747, -3.30678] ; [1.87753, 1.87973]
[-3.31092, -3.31024] ; [1.87973, 1.88193]
[-3.31437, -3.31368] ; [1.88193, 1.88412]
[-3.31781, -3.31713] ; [1.88412, 1.88632]
[-3.32125, -3.32056] ; [1.88632, 1.88851]
[-3.32469, -3.324] ; [1.88851, 1.89069]
[-3.32812, -3.32743] ; [1.89069, 1.89288]
[-3.33155, -3.33085] ; [1.89288, 1.89507]
[-3.33497, -3.33428] ; [1.89507, 1.89725]
[-3.3384, -3.3377] ; [1.89725, 1.89943]
[-3.34182, -3.34112] ; [1.89943, 1.90162]
[-3.34524, -3.34454] ; [1.90162, 1.9038]
[-3.34867, -3.34796] ; [1.9038, 1.90598]
[-3.35209, -3.35137] ; [1.90598, 1.90815]
[-3.3555, -3.35478] ; [1.90815, 1.91033]
[-3.35892, -3.3582] ; [1.91033, 1.91251]
[-3.36234, -3.36161] ; [1.91251, 1.91468]
[-3.36575, -3.36502] ; [1.91468, 1.91686]
[-3.36917, -3.36844] ; [1.91686, 1.91903]
[-3.37259, -3.37185] ; [1.91903, 1.92121]
[-3.37601, -3.37527] ; [1.92121, 1.92339]
[-3.37944, -3.37869] ; [1.92339, 1.92556]
[-3.38286, -3.38211] ; [1.92556, 1.92774]
[-3.38629, -3.38553] ; [1.92774, 1.92992]
[-3.38972, -3.38896] ; [1.92992, 1.9321]
[-3.39315, -3.39238] ; [1.9321, 1.93427]
[-3.39658, -3.39581] ; [1.93427, 1.93645]
[-3.40002, -3.39925] ; [1.93645, 1.93864]
[-3.40347, -3.40269] ; [1.93864, 1.94082]
[-3.40692, -3.40614] ; [1.94082, 1.94301]
[-3.41038, -3.40959] ; [1.94301, 1.9452]
[-3.41384, -3.41306] ; [1.9452, 1.94739]
[-3.41732, -3.41652] ; [1.94739, 1.94959]
[-3.4208, -3.42] ; [1.94959, 1.95179]
[-3.42429, -3.42349] ; [1.95179, 1.95399]
[-3.42779, -3.42698] ; [1.95399, 1.9562]
[-3.4313, -3.43049] ; [1.9562, 1.95842]
[-3.43482, -3.43401] ; [1.95842, 1.96064]
[-3.43836, -3.43754] ; [1.96064, 1.96286]
[-3.4419, -3.44108] ; [1.96286, 1.9651]
[-3.44546, -3.44463] ; [1.9651, 1.96733]
[-3.44903, -3.4482] ; [1.96733, 1.96958]
[-3.45262, -3.45179] ; [1.96958, 1.97183]
[-3.45622, -3.45539] ; [1.97183, 1.97409]
[-3.45984, -3.459] ; [1.97409, 1.97636]
[-3.46347, -3.46263] ; [1.97636, 1.97864]
[-3.46712, -3.46627] ; [1.97864, 1.98092]
[-3.47079, -3.46993] ; [1.98092, 1.98321]
[-3.47447, -3.47361] ; [1.98321, 1.98551]
[-3.47817, -3.47731] ; [1.98551, 1.98782]
[-3.48189, -3.48102] ; [1.98782, 1.99013]
[-3.48563, -3.48476] ; [1.99013, 1.99246]
[-3.48939, -3.48851] ; [1.99246, 1.9948]
[-3.49316, -3.49228] ; [1.9948, 1.99714]
[-3.49696, -3.49607] ; [1.99714, 1.9995]
[-3.50077, -3.49988] ; [1.9995, 2.00186]
[-3.50461, -3.50371] ; [2.00186, 2.00423]
[-3.50846, -3.50756] ; [2.00423, 2.00662]
[-3.51234, -3.51143] ; [2.00662, 2.00901]
[-3.51624, -3.51533] ; [2.00901, 2.01141]
[-3.52017, -3.51925] ; [2.01141, 2.01383]
[-3.52411, -3.52319] ; [2.01383, 2.01626]
[-3.52808, -3.52716] ; [2.01626, 2.01869]
[-3.53208, -3.53115] ; [2.01869, 2.02114]
[-3.5361, -3.53516] ; [2.02114, 2.0236]
[-3.54015, -3.5392] ; [2.0236, 2.02608]
[-3.54422, -3.54327] ; [2.02608, 2.02856]
[-3.54832, -3.54736] ; [2.02856, 2.03106]
[-3.55245, -3.55148] ; [2.03106, 2.03357]
[-3.5566, -3.55563] ; [2.03357, 2.03609]
[-3.56078, -3.5598] ; [2.03609, 2.03862]
[-3.56499, -3.564] ; [2.03862, 2.04117]
[-3.56922, -3.56823] ; [2.04117, 2.04373]
[-3.57349, -3.57249] ; [2.04373, 2.0463]
[-3.57778, -3.57677] ; [2.0463, 2.04888]
[-3.58209, -3.58107] ; [2.04888, 2.05146]
[-3.58637, -3.58534] ; [2.05146, 2.05403]
[-3.59063, -3.5896] ; [2.05403, 2.05658]
[-3.59488, -3.59384] ; [2.05658, 2.05912]
[-3.59912, -3.59807] ; [2.05912, 2.06164]
[-3.60334, -3.60229] ; [2.06164, 2.06415]
[-3.60756, -3.60649] ; [2.06415, 2.06666]
[-3.61176, -3.61069] ; [2.06666, 2.06915]
[-3.61596, -3.61488] ; [2.06915, 2.07163]
[-3.62015, -3.61906] ; [2.07163, 2.0741]
[-3.62434, -3.62324] ; [2.0741, 2.07657]
[-3.62852, -3.62742] ; [2.07657, 2.07902]
[-3.63271, -3.63159] ; [2.07902, 2.08148]
[-3.63689, -3.63577] ; [2.08148, 2.08392]
[-3.64108, -3.63994] ; [2.08392, 2.08637]
[-3.64526, -3.64412] ; [2.08637, 2.08881]
[-3.64946, -3.64831] ; [2.08881, 2.09125]
[-3.65365, -3.65249] ; [2.09125, 2.09368]
[-3.65786, -3.65669] ; [2.09368, 2.09611]
[-3.66207, -3.66089] ; [2.09611, 2.09855]
[-3.66629, -3.6651] ; [2.09855, 2.10098]
[-3.67052, -3.66932] ; [2.10098, 2.10341]
[-3.67476, -3.67355] ; [2.10341, 2.10585]
[-3.67901, -3.67779] ; [2.10585, 2.10828]
[-3.68327, -3.68205] ; [2.10828, 2.11072]
[-3.68755, -3.68632] ; [2.11072, 2.11316]
[-3.69184, -3.6906] ; [2.11316, 2.1156]
[-3.69615, -3.69489] ; [2.1156, 2.11805]
[-3.70047, -3.6992] ; [2.11805, 2.1205]
[-3.7048, -3.70353] ; [2.1205, 2.12295]
[-3.70916, -3.70787] ; [2.12295, 2.12541]
[-3.71353, -3.71224] ; [2.12541, 2.12787]
[-3.71792, -3.71661] ; [2.12787, 2.13034]
[-3.72231, -3.72099] ; [2.13034, 2.1328]
[-3.7267, -3.72538] ; [2.1328, 2.13527]
[-3.7311, -3.72977] ; [2.13527, 2.13772]
[-3.73551, -3.73417] ; [2.13772, 2.14018]
[-3.73992, -3.73857] ; [2.14018, 2.14264]
[-3.74434, -3.74298] ; [2.14264, 2.14509]
[-3.74875, -3.74738] ; [2.14509, 2.14753]
[-3.75314, -3.75176] ; [2.14753, 2.14997]
[-3.75753, -3.75614] ; [2.14997, 2.15239]
[-3.76191, -3.76051] ; [2.15239, 2.15481]
[-3.76628, -3.76487] ; [2.15481, 2.15721]
[-3.77064, -3.76922] ; [2.15721, 2.15961]
[-3.77499, -3.77356] ; [2.15961, 2.16199]
[-3.77933, -3.77789] ; [2.16199, 2.16436]
[-3.78366, -3.78221] ; [2.16436, 2.16673]
[-3.78798, -3.78653] ; [2.16673, 2.16909]
[-3.7923, -3.79083] ; [2.16909, 2.17144]
[-3.79661, -3.79513] ; [2.17144, 2.17378]
[-3.80091, -3.79942] ; [2.17378, 2.17612]
[-3.80521, -3.80371] ; [2.17612, 2.17844]
[-3.8095, -3.80799] ; [2.17844, 2.18076]
[-3.81378, -3.81226] ; [2.18076, 2.18308]
[-3.81806, -3.81653] ; [2.18308, 2.18539]
[-3.82234, -3.8208] ; [2.18539, 2.18769]
[-3.82661, -3.82506] ; [2.18769, 2.18998]
[-3.83087, -3.82931] ; [2.18998, 2.19228]
[-3.83513, -3.83356] ; [2.19228, 2.19456]
[-3.83939, -3.83781] ; [2.19456, 2.19684]
[-3.84364, -3.84205] ; [2.19684, 2.19911]
[-3.84789, -3.84629] ; [2.19911, 2.20138]
[-3.85214, -3.85052] ; [2.20138, 2.20365]
[-3.85638, -3.85476] ; [2.20365, 2.20591]
[-3.86062, -3.85899] ; [2.20591, 2.20817]
[-3.86486, -3.86321] ; [2.20817, 2.21042]
[-3.86909, -3.86744] ; [2.21042, 2.21266]
[-3.87332, -3.87166] ; [2.21266, 2.21491]
[-3.87755, -3.87588] ; [2.21491, 2.21715]
[-3.88178, -3.88009] ; [2.21715, 2.21938]
[-3.886, -3.88431] ; [2.21938, 2.22162]
[-3.89023, -3.88852] ; [2.22162, 2.22385]
[-3.89445, -3.89273] ; [2.22385, 2.22607]
[-3.89867, -3.89694] ; [2.22607, 2.22829]
[-3.90288, -3.90115] ; [2.22829, 2.23051]
[-3.9071, -3.90536] ; [2.23051, 2.23273]
[-3.91132, -3.90956] ; [2.23273, 2.23494]
[-3.91553, -3.91376] ; [2.23494, 2.23716]
[-3.91974, -3.91797] ; [2.23716, 2.23937]
[-3.92396, -3.92217] ; [2.23937, 2.24157]
[-3.92817, -3.92637] ; [2.24157, 2.24378]
[-3.93238, -3.93058] ; [2.24378, 2.24598]
[-3.9366, -3.93478] ; [2.24598, 2.24818]
[-3.94081, -3.93898] ; [2.24818, 2.25038]
[-3.94502, -3.94318] ; [2.25038, 2.25258]
[-3.94923, -3.94739] ; [2.25258, 2.25477]
[-3.95345, -3.95159] ; [2.25477, 2.25697]
[-3.95766, -3.9558] ; [2.25697, 2.25916]
[-3.96188, -3.96] ; [2.25916, 2.26135]
[-3.9661, -3.96421] ; [2.26135, 2.26355]
[-3.97032, -3.96842] ; [2.26355, 2.26574]
[-3.97454, -3.97264] ; [2.26574, 2.26793]
[-3.97877, -3.97685] ; [2.26793, 2.27012]
[-3.98299, -3.98107] ; [2.27012, 2.27231]
[-3.98722, -3.98529] ; [2.27231, 2.2745]
[-3.99146, -3.98951] ; [2.2745, 2.27669]
[-3.9957, -3.99374] ; [2.27669, 2.27888]
[-3.99994, -3.99797] ; [2.27888, 2.28108]
[-4.00418, -4.0022] ; [2.28108, 2.28327]
[-4.00843, -4.00644] ; [2.28327, 2.28546]
[-4.01268, -4.01069] ; [2.28546, 2.28766]
[-4.01694, -4.01494] ; [2.28766, 2.28986]
[-4.02121, -4.01919] ; [2.28986, 2.29206]
[-4.02548, -4.02345] ; [2.29206, 2.29426]
[-4.02976, -4.02772] ; [2.29426, 2.29646]
[-4.03404, -4.03199] ; [2.29646, 2.29867]
[-4.03833, -4.03627] ; [2.29867, 2.30087]
[-4.04262, -4.04056] ; [2.30087, 2.30308]
[-4.04693, -4.04485] ; [2.30308, 2.3053]
[-4.05124, -4.04915] ; [2.3053, 2.30751]
[-4.05556, -4.05346] ; [2.30751, 2.30973]
[-4.05988, -4.05776] ; [2.30973, 2.31195]
[-4.0642, -4.06208] ; [2.31195, 2.31417]
[-4.06853, -4.06639] ; [2.31417, 2.31639]
[-4.07286, -4.07072] ; [2.31639, 2.31861]
[-4.0772, -4.07505] ; [2.31861, 2.32084]
[-4.08155, -4.07938] ; [2.32084, 2.32307]
[-4.0859, -4.08372] ; [2.32307, 2.3253]
[-4.09026, -4.08807] ; [2.3253, 2.32754]
[-4.09463, -4.09243] ; [2.32754, 2.32977]
[-4.099, -4.09679] ; [2.32977, 2.33202]
[-4.10339, -4.10117] ; [2.33202, 2.33427]
[-4.10779, -4.10556] ; [2.33427, 2.33652]
[-4.1122, -4.10996] ; [2.33652, 2.33878]
[-4.11662, -4.11436] ; [2.33878, 2.34104]
[-4.12105, -4.11878] ; [2.34104, 2.34331]
[-4.12549, -4.12321] ; [2.34331, 2.34558]
[-4.12995, -4.12766] ; [2.34558, 2.34787]
[-4.13442, -4.13211] ; [2.34787, 2.35015]
[-4.13889, -4.13658] ; [2.35015, 2.35245]
[-4.14338, -4.14105] ; [2.35245, 2.35475]
[-4.14787, -4.14554] ; [2.35475, 2.35705]
[-4.15237, -4.15002] ; [2.35705, 2.35935]
[-4.15688, -4.15452] ; [2.35935, 2.36166]
[-4.16139, -4.15902] ; [2.36166, 2.36397]
[-4.16591, -4.16352] ; [2.36397, 2.36629]
[-4.17044, -4.16804] ; [2.36629, 2.36861]
[-4.17497, -4.17256] ; [2.36861, 2.37094]
[-4.17951, -4.17709] ; [2.37094, 2.37327]
[-4.18406, -4.18162] ; [2.37327, 2.3756]
[-4.18862, -4.18617] ; [2.3756, 2.37794]
[-4.19319, -4.19072] ; [2.37794, 2.38029]
[-4.19776, -4.19528] ; [2.38029, 2.38264]
[-4.20234, -4.19985] ; [2.38264, 2.38499]
[-4.20694, -4.20443] ; [2.38499, 2.38735]
[-4.21154, -4.20902] ; [2.38735, 2.38972]
[-4.21615, -4.21361] ; [2.38972, 2.3921]
[-4.22072, -4.21817] ; [2.3921, 2.39445]
[-4.22526, -4.22269] ; [2.39445, 2.39679]
[-4.22976, -4.22718] ; [2.39679, 2.39911]
[-4.23422, -4.23163] ; [2.39911, 2.40142]
[-4.23865, -4.23604] ; [2.40142, 2.40371]
[-4.24303, -4.24041] ; [2.40371, 2.40598]
[-4.24739, -4.24476] ; [2.40598, 2.40823]
[-4.25171, -4.24906] ; [2.40823, 2.41047]
[-4.25601, -4.25334] ; [2.41047, 2.4127]
[-4.26027, -4.25759] ; [2.4127, 2.41491]
[-4.2645, -4.26181] ; [2.41491, 2.41712]
[-4.26871, -4.266] ; [2.41712, 2.4193]
[-4.27289, -4.27017] ; [2.4193, 2.42148]
[-4.27705, -4.27431] ; [2.42148, 2.42365]
[-4.28118, -4.27843] ; [2.42365, 2.42581]
[-4.28529, -4.28253] ; [2.42581, 2.42796]
[-4.28938, -4.28661] ; [2.42796, 2.4301]
[-4.29345, -4.29067] ; [2.4301, 2.43223]
[-4.29751, -4.2947] ; [2.43223, 2.43436]
[-4.30154, -4.29873] ; [2.43436, 2.43648]
[-4.30556, -4.30273] ; [2.43648, 2.43859]
[-4.30956, -4.30672] ; [2.43859, 2.4407]
[-4.31355, -4.31069] ; [2.4407, 2.44281]
[-4.31752, -4.31465] ; [2.44281, 2.44491]
[-4.32148, -4.3186] ; [2.44491, 2.447]
[-4.32542, -4.32253] ; [2.447, 2.44909]
[-4.32936, -4.32645] ; [2.44909, 2.45118]
[-4.33329, -4.33036] ; [2.45118, 2.45327]
[-4.33721, -4.33427] ; [2.45327, 2.45535]
[-4.34112, -4.33816] ; [2.45535, 2.45744]
[-4.34502, -4.34204] ; [2.45744, 2.45952]
[-4.34892, -4.34592] ; [2.45952, 2.4616]
[-4.35281, -4.34979] ; [2.4616, 2.46369]
[-4.35669, -4.35366] ; [2.46369, 2.46577]
[-4.36057, -4.35752] ; [2.46577, 2.46786]
[-4.36445, -4.36138] ; [2.46786, 2.46995]
[-4.36832, -4.36523] ; [2.46995, 2.47204]
[-4.37219, -4.36909] ; [2.47204, 2.47413]
[-4.37607, -4.37294] ; [2.47413, 2.47622]
[-4.37994, -4.37679] ; [2.47622, 2.47832]
[-4.38381, -4.38065] ; [2.47832, 2.48043]
[-4.38768, -4.3845] ; [2.48043, 2.48254]
[-4.39156, -4.38836] ; [2.48254, 2.48465]
[-4.39543, -4.39222] ; [2.48465, 2.48677]
[-4.39932, -4.39608] ; [2.48677, 2.4889]
[-4.4032, -4.39994] ; [2.4889, 2.49103]
[-4.40708, -4.40381] ; [2.49103, 2.49316]
[-4.41095, -4.40767] ; [2.49316, 2.4953]
[-4.41483, -4.41152] ; [2.4953, 2.49744]
[-4.41871, -4.41538] ; [2.49744, 2.49958]
[-4.42259, -4.41924] ; [2.49958, 2.50174]
[-4.42647, -4.4231] ; [2.50174, 2.50389]
[-4.43035, -4.42697] ; [2.50389, 2.50605]
[-4.43423, -4.43083] ; [2.50605, 2.50822]
[-4.43811, -4.43469] ; [2.50822, 2.51039]
[-4.44199, -4.43855] ; [2.51039, 2.51256]
[-4.44586, -4.44241] ; [2.51256, 2.51474]
[-4.44974, -4.44627] ; [2.51474, 2.51692]
[-4.45361, -4.45012] ; [2.51692, 2.5191]
[-4.45746, -4.45396] ; [2.5191, 2.52128]
[-4.4613, -4.45777] ; [2.52128, 2.52345]
[-4.46511, -4.46156] ; [2.52345, 2.52562]
[-4.4689, -4.46534] ; [2.52562, 2.52777]
[-4.47268, -4.46909] ; [2.52777, 2.52992]
[-4.47643, -4.47283] ; [2.52992, 2.53207]
[-4.48018, -4.47655] ; [2.53207, 2.53421]
[-4.48391, -4.48026] ; [2.53421, 2.53635]
[-4.48762, -4.48396] ; [2.53635, 2.53848]
[-4.49132, -4.48764] ; [2.53848, 2.54061]
[-4.49502, -4.49131] ; [2.54061, 2.54274]
[-4.4987, -4.49497] ; [2.54274, 2.54487]
[-4.50237, -4.49863] ; [2.54487, 2.547]
[-4.50603, -4.50227] ; [2.547, 2.54912]
[-4.50969, -4.5059] ; [2.54912, 2.55124]
[-4.51334, -4.50953] ; [2.55124, 2.55337]
[-4.51698, -4.51316] ; [2.55337, 2.55549]
[-4.52062, -4.51677] ; [2.55549, 2.55762]
[-4.52426, -4.52039] ; [2.55762, 2.55975]
[-4.52789, -4.524] ; [2.55975, 2.56188]
[-4.53152, -4.52761] ; [2.56188, 2.56401]
[-4.53515, -4.53122] ; [2.56401, 2.56615]
[-4.53878, -4.53483] ; [2.56615, 2.56828]
[-4.54241, -4.53843] ; [2.56828, 2.57043]
[-4.54604, -4.54204] ; [2.57043, 2.57257]
[-4.54966, -4.54564] ; [2.57257, 2.57472]
[-4.55328, -4.54924] ; [2.57472, 2.57686]
[-4.55691, -4.55284] ; [2.57686, 2.57902]
[-4.56053, -4.55645] ; [2.57902, 2.58117]
[-4.56416, -4.56005] ; [2.58117, 2.58333]
[-4.56779, -4.56366] ; [2.58333, 2.5855]
[-4.57143, -4.56727] ; [2.5855, 2.58767]
[-4.57506, -4.57089] ; [2.58767, 2.58985]
[-4.57871, -4.57451] ; [2.58985, 2.59203]
[-4.58236, -4.57814] ; [2.59203, 2.59422]
[-4.58601, -4.58178] ; [2.59422, 2.59642]
[-4.58968, -4.58542] ; [2.59642, 2.59862]
[-4.59335, -4.58907] ; [2.59862, 2.60084]
[-4.59704, -4.59273] ; [2.60084, 2.60306]
[-4.60073, -4.5964] ; [2.60306, 2.60529]
[-4.60442, -4.60007] ; [2.60529, 2.60752]
[-4.60811, -4.60374] ; [2.60752, 2.60975]
[-4.61179, -4.6074] ; [2.60975, 2.61198]
[-4.61548, -4.61106] ; [2.61198, 2.61421]
[-4.61916, -4.61472] ; [2.61421, 2.61645]
[-4.62284, -4.61838] ; [2.61645, 2.61868]
[-4.62651, -4.62204] ; [2.61868, 2.62092]
[-4.63019, -4.62569] ; [2.62092, 2.62316]
[-4.63387, -4.62934] ; [2.62316, 2.62539]
[-4.63754, -4.633] ; [2.62539, 2.62763]
[-4.64121, -4.63665] ; [2.62763, 2.62988]
[-4.64489, -4.6403] ; [2.62988, 2.63212]
[-4.64856, -4.64396] ; [2.63212, 2.63436]
[-4.65223, -4.64761] ; [2.63436, 2.63661]
[-4.65591, -4.65126] ; [2.63661, 2.63886]
[-4.65959, -4.65492] ; [2.63886, 2.64111]
[-4.66326, -4.65858] ; [2.64111, 2.64336]
[-4.66694, -4.66223] ; [2.64336, 2.64561]
[-4.67062, -4.66589] ; [2.64561, 2.64787]
[-4.67431, -4.66956] ; [2.64787, 2.65013]
[-4.67799, -4.67322] ; [2.65013, 2.65239]
[-4.68168, -4.67689] ; [2.65239, 2.65466]
[-4.68537, -4.68056] ; [2.65466, 2.65692]
[-4.68906, -4.68424] ; [2.65692, 2.65919]
[-4.69276, -4.68791] ; [2.65919, 2.66146]
[-4.69646, -4.69159] ; [2.66146, 2.66373]
[-4.70016, -4.69527] ; [2.66373, 2.66601]
[-4.70386, -4.69895] ; [2.66601, 2.66828]
[-4.70756, -4.70263] ; [2.66828, 2.67056]
[-4.71126, -4.70631] ; [2.67056, 2.67283]
[-4.71496, -4.70999] ; [2.67283, 2.67511]
[-4.71865, -4.71366] ; [2.67511, 2.67738]
[-4.72234, -4.71733] ; [2.67738, 2.67965]
[-4.72602, -4.72099] ; [2.67965, 2.68191]
[-4.7297, -4.72465] ; [2.68191, 2.68417]
[-4.73338, -4.7283] ; [2.68417, 2.68643]
[-4.73704, -4.73194] ; [2.68643, 2.68869]
[-4.7407, -4.73558] ; [2.68869, 2.69094]
[-4.74436, -4.73921] ; [2.69094, 2.69318]
[-4.74801, -4.74284] ; [2.69318, 2.69542]
[-4.75165, -4.74646] ; [2.69542, 2.69766]
[-4.75529, -4.75007] ; [2.69766, 2.69989]
[-4.75892, -4.75368] ; [2.69989, 2.70212]
[-4.76255, -4.75728] ; [2.70212, 2.70435]
[-4.76618, -4.76089] ; [2.70435, 2.70657]
[-4.7698, -4.76449] ; [2.70657, 2.7088]
[-4.77342, -4.76808] ; [2.7088, 2.71102]
[-4.77704, -4.77168] ; [2.71102, 2.71323]
[-4.78066, -4.77527] ; [2.71323, 2.71545]
[-4.78428, -4.77887] ; [2.71545, 2.71767]
[-4.7879, -4.78246] ; [2.71767, 2.71988]
[-4.79152, -4.78605] ; [2.71988, 2.72209]
[-4.79514, -4.78965] ; [2.72209, 2.72431]
[-4.79876, -4.79324] ; [2.72431, 2.72652]
[-4.80239, -4.79684] ; [2.72652, 2.72873]
[-4.80601, -4.80044] ; [2.72873, 2.73095]
[-4.80964, -4.80404] ; [2.73095, 2.73316]
[-4.81327, -4.80764] ; [2.73316, 2.73537]
[-4.8169, -4.81124] ; [2.73537, 2.73758]
[-4.82053, -4.81485] ; [2.73758, 2.73979]
[-4.82416, -4.81845] ; [2.73979, 2.742]
[-4.82779, -4.82206] ; [2.742, 2.74421]
[-4.83143, -4.82567] ; [2.74421, 2.74642]
[-4.83507, -4.82928] ; [2.74642, 2.74863]
[-4.83871, -4.83289] ; [2.74863, 2.75084]
[-4.84235, -4.83651] ; [2.75084, 2.75304]
[-4.846, -4.84012] ; [2.75304, 2.75525]
[-4.84965, -4.84375] ; [2.75525, 2.75746]
[-4.8533, -4.84737] ; [2.75746, 2.75967]
[-4.85696, -4.851] ; [2.75967, 2.76188]
[-4.86062, -4.85464] ; [2.76188, 2.76409]
[-4.86429, -4.85827] ; [2.76409, 2.76631]
[-4.86796, -4.86192] ; [2.76631, 2.76852]
[-4.87164, -4.86556] ; [2.76852, 2.77073]
[-4.87532, -4.86922] ; [2.77073, 2.77295]
[-4.87901, -4.87287] ; [2.77295, 2.77516]
[-4.8827, -4.87654] ; [2.77516, 2.77738]
[-4.88639, -4.8802] ; [2.77738, 2.7796]
[-4.89008, -4.88386] ; [2.7796, 2.7818]
[-4.89375, -4.8875] ; [2.7818, 2.784]
[-4.89742, -4.89114] ; [2.784, 2.7862]
[-4.90108, -4.89478] ; [2.7862, 2.78839]
[-4.90474, -4.89841] ; [2.78839, 2.79057]
[-4.90839, -4.90203] ; [2.79057, 2.79275]
[-4.91204, -4.90565] ; [2.79275, 2.79492]
[-4.91568, -4.90926] ; [2.79492, 2.79709]
[-4.91932, -4.91287] ; [2.79709, 2.79925]
[-4.92295, -4.91647] ; [2.79925, 2.8014]
[-4.92658, -4.92007] ; [2.8014, 2.80356]
[-4.93021, -4.92367] ; [2.80356, 2.80571]
[-4.93384, -4.92727] ; [2.80571, 2.80785]
[-4.93746, -4.93086] ; [2.80785, 2.80999]
[-4.94108, -4.93446] ; [2.80999, 2.81213]
[-4.9447, -4.93805] ; [2.81213, 2.81427]
[-4.94832, -4.94164] ; [2.81427, 2.8164]
[-4.95194, -4.94523] ; [2.8164, 2.81853]
[-4.95556, -4.94882] ; [2.81853, 2.82065]
[-4.95917, -4.95241] ; [2.82065, 2.82278]
[-4.96279, -4.956] ; [2.82278, 2.8249]
[-4.96641, -4.95959] ; [2.8249, 2.82702]
[-4.97004, -4.96319] ; [2.82702, 2.82914]
[-4.97366, -4.96678] ; [2.82914, 2.83125]
[-4.97728, -4.97038] ; [2.83125, 2.83337]
[-4.98091, -4.97397] ; [2.83337, 2.83548]
[-4.98453, -4.97757] ; [2.83548, 2.83759]
[-4.98816, -4.98117] ; [2.83759, 2.8397]
[-4.99179, -4.98477] ; [2.8397, 2.8418]
[-4.99542, -4.98838] ; [2.8418, 2.84391]
[-4.99904, -4.99197] ; [2.84391, 2.846]
[-5.00265, -4.99555] ; [2.846, 2.84809]
[-5.00626, -4.99913] ; [2.84809, 2.85017]
[-5.00985, -5.0027] ; [2.85017, 2.85225]
[-5.01344, -5.00626] ; [2.85225, 2.85432]
[-5.01703, -5.00982] ; [2.85432, 2.85638]
[-5.0206, -5.01337] ; [2.85638, 2.85843]
[-5.02418, -5.01691] ; [2.85843, 2.86048]
[-5.02774, -5.02046] ; [2.86048, 2.86253]
[-5.0313, -5.02398] ; [2.86253, 2.86456]
[-5.03484, -5.02749] ; [2.86456, 2.86659]
[-5.03837, -5.03099] ; [2.86659, 2.8686]
[-5.04188, -5.03448] ; [2.8686, 2.8706]
[-5.04539, -5.03796] ; [2.8706, 2.8726]
[-5.04889, -5.04143] ; [2.8726, 2.87459]
[-5.05238, -5.04489] ; [2.87459, 2.87657]
[-5.05586, -5.04834] ; [2.87657, 2.87855]
[-5.05934, -5.05178] ; [2.87855, 2.88051]
[-5.06281, -5.05522] ; [2.88051, 2.88248]
[-5.06627, -5.05865] ; [2.88248, 2.88443]
[-5.06973, -5.06208] ; [2.88443, 2.88639]
[-5.07319, -5.0655] ; [2.88639, 2.88833]
[-5.07663, -5.06892] ; [2.88833, 2.89027]
[-5.08008, -5.07233] ; [2.89027, 2.89221]
[-5.08352, -5.07573] ; [2.89221, 2.89414]
[-5.08695, -5.07914] ; [2.89414, 2.89606]
[-5.09039, -5.08254] ; [2.89606, 2.89799]
[-5.09382, -5.08593] ; [2.89799, 2.89991]
[-5.09725, -5.08933] ; [2.89991, 2.90182]
[-5.10067, -5.09272] ; [2.90182, 2.90373]
[-5.1041, -5.09611] ; [2.90373, 2.90564]
[-5.10752, -5.0995] ; [2.90564, 2.90755]
[-5.11095, -5.10289] ; [2.90755, 2.90945]
[-5.11437, -5.10628] ; [2.90945, 2.91135]
[-5.1178, -5.10967] ; [2.91135, 2.91325]
[-5.12122, -5.11306] ; [2.91325, 2.91515]
[-5.12465, -5.11645] ; [2.91515, 2.91705]
[-5.12807, -5.11984] ; [2.91705, 2.91894]
[-5.1315, -5.12323] ; [2.91894, 2.92083]
[-5.13493, -5.12663] ; [2.92083, 2.92273]
[-5.13836, -5.13002] ; [2.92273, 2.92462]
[-5.1418, -5.13342] ; [2.92462, 2.92651]
[-5.14524, -5.13682] ; [2.92651, 2.9284]
[-5.14868, -5.14023] ; [2.9284, 2.93029]
[-5.15212, -5.14363] ; [2.93029, 2.93218]
[-5.15557, -5.14705] ; [2.93218, 2.93407]
[-5.15902, -5.15046] ; [2.93407, 2.93596]
[-5.16248, -5.15388] ; [2.93596, 2.93785]
[-5.16594, -5.1573] ; [2.93785, 2.93974]
[-5.1694, -5.16073] ; [2.93974, 2.94163]
[-5.17287, -5.16417] ; [2.94163, 2.94352]
[-5.17635, -5.1676] ; [2.94352, 2.94542]
[-5.17983, -5.17105] ; [2.94542, 2.94731]
[-5.18331, -5.1745] ; [2.94731, 2.94921]
[-5.18681, -5.17795] ; [2.94921, 2.95111]
[-5.1903, -5.18141] ; [2.95111, 2.953]
[-5.19381, -5.18488] ; [2.953, 2.95491]
[-5.19732, -5.18836] ; [2.95491, 2.95681]
[-5.20084, -5.19184] ; [2.95681, 2.95871]
[-5.20436, -5.19532] ; [2.95871, 2.96062]
[-5.20789, -5.19882] ; [2.96062, 2.96253]
[-5.21143, -5.20232] ; [2.96253, 2.96444]
[-5.21498, -5.20583] ; [2.96444, 2.96635]
[-5.21853, -5.20934] ; [2.96635, 2.96826]
[-5.22209, -5.21287] ; [2.96826, 2.97018]
[-5.22566, -5.2164] ; [2.97018, 2.9721]
[-5.22924, -5.21994] ; [2.9721, 2.97402]
[-5.23282, -5.22349] ; [2.97402, 2.97595]
[-5.23642, -5.22704] ; [2.97595, 2.97788]
[-5.24002, -5.23061] ; [2.97788, 2.97981]
[-5.24363, -5.23418] ; [2.97981, 2.98174]
[-5.24724, -5.23776] ; [2.98174, 2.98368]
[-5.25087, -5.24134] ; [2.98368, 2.98562]
[-5.2545, -5.24494] ; [2.98562, 2.98756]
[-5.25814, -5.24854] ; [2.98756, 2.98951]
[-5.26179, -5.25215] ; [2.98951, 2.99145]
[-5.26545, -5.25577] ; [2.99145, 2.9934]
[-5.26911, -5.2594] ; [2.9934, 2.99536]
[-5.27278, -5.26303] ; [2.99536, 2.99731]
[-5.27646, -5.26668] ; [2.99731, 2.99927]
[-5.28015, -5.27033] ; [2.99927, 3.00123]
[-5.28384, -5.27399] ; [3.00123, 3.0032]
[-5.28755, -5.27765] ; [3.0032, 3.00517]
[-5.29126, -5.28133] ; [3.00517, 3.00714]
[-5.29499, -5.28502] ; [3.00714, 3.00911]
[-5.29872, -5.28871] ; [3.00911, 3.01109]
[-5.30246, -5.29242] ; [3.01109, 3.01308]
[-5.30621, -5.29613] ; [3.01308, 3.01506]
[-5.30997, -5.29985] ; [3.01506, 3.01705]
[-5.31374, -5.30359] ; [3.01705, 3.01905]
[-5.31752, -5.30733] ; [3.01905, 3.02105]
[-5.32131, -5.31108] ; [3.02105, 3.02305]
[-5.32511, -5.31485] ; [3.02305, 3.02506]
[-5.32892, -5.31862] ; [3.02506, 3.02707]
[-5.33274, -5.3224] ; [3.02707, 3.02908]
[-5.33657, -5.3262] ; [3.02908, 3.0311]
[-5.34041, -5.33] ; [3.0311, 3.03313]
[-5.34426, -5.33381] ; [3.03313, 3.03516]
[-5.34811, -5.33764] ; [3.03516, 3.03719]
[-5.35197, -5.34145] ; [3.03719, 3.03922]
[-5.35582, -5.34527] ; [3.03922, 3.04124]
[-5.35967, -5.34908] ; [3.04124, 3.04327]
[-5.36351, -5.35289] ; [3.04327, 3.04529]
[-5.36736, -5.3567] ; [3.04529, 3.04731]
[-5.37119, -5.3605] ; [3.04731, 3.04933]
[-5.37503, -5.3643] ; [3.04933, 3.05134]
[-5.37886, -5.3681] ; [3.05134, 3.05335]
[-5.38268, -5.37188] ; [3.05335, 3.05535]
[-5.3865, -5.37566] ; [3.05535, 3.05736]
[-5.39031, -5.37944] ; [3.05736, 3.05936]
[-5.39411, -5.38321] ; [3.05936, 3.06135]
[-5.39791, -5.38697] ; [3.06135, 3.06334]
[-5.4017, -5.39072] ; [3.06334, 3.06532]
[-5.40548, -5.39447] ; [3.06532, 3.0673]
[-5.40925, -5.39821] ; [3.0673, 3.06928]
[-5.41302, -5.40194] ; [3.06928, 3.07125]
[-5.41677, -5.40566] ; [3.07125, 3.07322]
[-5.42052, -5.40938] ; [3.07322, 3.07518]
[-5.42426, -5.41308] ; [3.07518, 3.07714]
[-5.42798, -5.41677] ; [3.07714, 3.07909]
[-5.4317, -5.42045] ; [3.07909, 3.08103]
[-5.43541, -5.42412] ; [3.08103, 3.08297]
[-5.43911, -5.42779] ; [3.08297, 3.0849]
[-5.4428, -5.43144] ; [3.0849, 3.08683]
[-5.44647, -5.43508] ; [3.08683, 3.08875]
[-5.45014, -5.43872] ; [3.08875, 3.09067]
[-5.4538, -5.44234] ; [3.09067, 3.09258]
[-5.45744, -5.44595] ; [3.09258, 3.09449]
[-5.46108, -5.44956] ; [3.09449, 3.09639]
[-5.4647, -5.45315] ; [3.09639, 3.09828]
[-5.46832, -5.45674] ; [3.09828, 3.10017]
[-5.47193, -5.46031] ; [3.10017, 3.10206]
[-5.47552, -5.46388] ; [3.10206, 3.10394]
[-5.47911, -5.46743] ; [3.10394, 3.10581]
[-5.48268, -5.47098] ; [3.10581, 3.10768]
[-5.48625, -5.47451] ; [3.10768, 3.10954]
[-5.4898, -5.47803] ; [3.10954, 3.1114]
[-5.49334, -5.48154] ; [3.1114, 3.11325]
[-5.49686, -5.48504] ; [3.11325, 3.1151]
[-5.50037, -5.48853] ; [3.1151, 3.11693]
[-5.50387, -5.492] ; [3.11693, 3.11876]
[-5.50736, -5.49546] ; [3.11876, 3.12059]
[-5.51083, -5.4989] ; [3.12059, 3.12241]
[-5.51429, -5.50234] ; [3.12241, 3.12422]
[-5.51775, -5.50577] ; [3.12422, 3.12603]
[-5.52119, -5.50918] ; [3.12603, 3.12783]
[-5.52462, -5.51259] ; [3.12783, 3.12963]
[-5.52804, -5.51598] ; [3.12963, 3.13142]
[-5.53144, -5.51937] ; [3.13142, 3.13321]
[-5.53484, -5.52274] ; [3.13321, 3.13499]
[-5.53823, -5.5261] ; [3.13499, 3.13676]
[-5.54161, -5.52946] ; [3.13676, 3.13854]
[-5.54498, -5.53281] ; [3.13854, 3.14031]
[-5.54834, -5.53614] ; [3.14031, 3.14207]
[-5.55169, -5.53947] ; [3.14207, 3.14383]
[-5.55503, -5.54279] ; [3.14383, 3.14558]
[-5.55836, -5.5461] ; [3.14558, 3.14734]
[-5.56168, -5.5494] ; [3.14734, 3.14908]
[-5.565, -5.5527] ; [3.14908, 3.15083]
[-5.56832, -5.55597] ; [3.15083, 3.15257]
[-5.57163, -5.55924] ; [3.15257, 3.15431]
[-5.57494, -5.5625] ; [3.15431, 3.15604]
[-5.57824, -5.56575] ; [3.15604, 3.15777]
[-5.58153, -5.56899] ; [3.15777, 3.1595]
[-5.58481, -5.57222] ; [3.1595, 3.16122]
[-5.58809, -5.57545] ; [3.16122, 3.16295]
[-5.59136, -5.57868] ; [3.16295, 3.16467]
[-5.59463, -5.58189] ; [3.16467, 3.16638]
[-5.59789, -5.5851] ; [3.16638, 3.1681]
[-5.60114, -5.58831] ; [3.1681, 3.16981]
[-5.60439, -5.59151] ; [3.16981, 3.17152]
[-5.60764, -5.5947] ; [3.17152, 3.17323]
[-5.61088, -5.5979] ; [3.17323, 3.17494]
[-5.61411, -5.60108] ; [3.17494, 3.17665]
[-5.61734, -5.60426] ; [3.17665, 3.17835]
[-5.62057, -5.60744] ; [3.17835, 3.18006]
[-5.62379, -5.61061] ; [3.18006, 3.18176]
[-5.62701, -5.61378] ; [3.18176, 3.18346]
[-5.63022, -5.61694] ; [3.18346, 3.18516]
[-5.63342, -5.62009] ; [3.18516, 3.18686]
[-5.63662, -5.62324] ; [3.18686, 3.18855]
[-5.63981, -5.62638] ; [3.18855, 3.19024]
[-5.64299, -5.62952] ; [3.19024, 3.19193]
[-5.64617, -5.63265] ; [3.19193, 3.19362]
[-5.64935, -5.63577] ; [3.19362, 3.19531]
[-5.65251, -5.63889] ; [3.19531, 3.19699]
[-5.65568, -5.642] ; [3.19699, 3.19868]
[-5.65883, -5.64511] ; [3.19868, 3.20036]
[-5.66198, -5.64821] ; [3.20036, 3.20204]
[-5.66513, -5.6513] ; [3.20204, 3.20371]
[-5.66826, -5.65439] ; [3.20371, 3.20539]
[-5.6714, -5.65748] ; [3.20539, 3.20706]
[-5.67452, -5.66055] ; [3.20706, 3.20873]
[-5.67764, -5.66362] ; [3.20873, 3.21041]
[-5.68076, -5.66669] ; [3.21041, 3.21207]
[-5.68387, -5.66975] ; [3.21207, 3.21374]
[-5.68697, -5.6728] ; [3.21374, 3.21541]
[-5.69007, -5.67585] ; [3.21541, 3.21707]
[-5.69316, -5.67889] ; [3.21707, 3.21873]
[-5.69625, -5.68193] ; [3.21873, 3.22039]
[-5.69933, -5.68495] ; [3.22039, 3.22205]
[-5.7024, -5.68798] ; [3.22205, 3.22371]
[-5.70547, -5.691] ; [3.22371, 3.22536]
[-5.70853, -5.69401] ; [3.22536, 3.22701]
[-5.71159, -5.69701] ; [3.22701, 3.22866]
[-5.71463, -5.7] ; [3.22866, 3.23031]
[-5.71767, -5.70299] ; [3.23031, 3.23195]
[-5.7207, -5.70596] ; [3.23195, 3.23359]
[-5.72371, -5.70893] ; [3.23359, 3.23523]
[-5.72672, -5.71189] ; [3.23523, 3.23686]
[-5.72973, -5.71484] ; [3.23686, 3.2385]
[-5.73272, -5.71778] ; [3.2385, 3.24012]
[-5.7357, -5.72071] ; [3.24012, 3.24175]
[-5.73868, -5.72363] ; [3.24175, 3.24337]
[-5.74164, -5.72655] ; [3.24337, 3.24499]
[-5.74459, -5.72944] ; [3.24499, 3.2466]
[-5.74753, -5.73233] ; [3.2466, 3.2482]
[-5.75045, -5.7352] ; [3.2482, 3.2498]
[-5.75336, -5.73805] ; [3.2498, 3.25139]
[-5.75626, -5.7409] ; [3.25139, 3.25298]
[-5.75915, -5.74373] ; [3.25298, 3.25456]
[-5.76202, -5.74654] ; [3.25456, 3.25614]
[-5.76488, -5.74935] ; [3.25614, 3.25771]
[-5.76773, -5.75214] ; [3.25771, 3.25928]
[-5.77057, -5.75492] ; [3.25928, 3.26084]
[-5.77339, -5.75769] ; [3.26084, 3.2624]
[-5.77621, -5.76045] ; [3.2624, 3.26395]
[-5.77902, -5.7632] ; [3.26395, 3.2655]
[-5.78181, -5.76593] ; [3.2655, 3.26704]
[-5.78459, -5.76865] ; [3.26704, 3.26858]
[-5.78737, -5.77137] ; [3.26858, 3.27012]
[-5.79013, -5.77407] ; [3.27012, 3.27165]
[-5.79288, -5.77676] ; [3.27165, 3.27317]
[-5.79562, -5.77944] ; [3.27317, 3.27469]
[-5.79835, -5.78211] ; [3.27469, 3.27621]
[-5.80108, -5.78476] ; [3.27621, 3.27772]
[-5.80379, -5.78741] ; [3.27772, 3.27923]
[-5.80649, -5.79005] ; [3.27923, 3.28073]
[-5.80918, -5.79268] ; [3.28073, 3.28223]
[-5.81186, -5.79529] ; [3.28223, 3.28373]
[-5.81454, -5.7979] ; [3.28373, 3.28522]
[-5.8172, -5.8005] ; [3.28522, 3.28671]
[-5.81986, -5.80309] ; [3.28671, 3.28819]
[-5.82251, -5.80567] ; [3.28819, 3.28967]
[-5.82515, -5.80824] ; [3.28967, 3.29115]
[-5.82778, -5.81081] ; [3.29115, 3.29263]
[-5.8304, -5.81336] ; [3.29263, 3.2941]
[-5.83302, -5.81591] ; [3.2941, 3.29557]
[-5.83563, -5.81845] ; [3.29557, 3.29704]
[-5.83823, -5.82099] ; [3.29704, 3.2985]
[-5.84083, -5.82351] ; [3.2985, 3.29996]
[-5.84342, -5.82603] ; [3.29996, 3.30142]
[-5.846, -5.82854] ; [3.30142, 3.30287]
[-5.84857, -5.83104] ; [3.30287, 3.30432]
[-5.85114, -5.83353] ; [3.30432, 3.30577]
[-5.8537, -5.83602] ; [3.30577, 3.30722]
[-5.85625, -5.8385] ; [3.30722, 3.30866]
[-5.8588, -5.84098] ; [3.30866, 3.31011]
[-5.86135, -5.84345] ; [3.31011, 3.31155]
[-5.86389, -5.84591] ; [3.31155, 3.31299]
[-5.86642, -5.84837] ; [3.31299, 3.31442]
[-5.86895, -5.85082] ; [3.31442, 3.31586]
[-5.87147, -5.85327] ; [3.31586, 3.31729]
[-5.87399, -5.85571] ; [3.31729, 3.31872]
[-5.8765, -5.85815] ; [3.31872, 3.32015]
[-5.87901, -5.86059] ; [3.32015, 3.32158]
[-5.88152, -5.86301] ; [3.32158, 3.32301]
[-5.88402, -5.86544] ; [3.32301, 3.32444]
[-5.88652, -5.86786] ; [3.32444, 3.32586]
[-5.88901, -5.87028] ; [3.32586, 3.32729]
[-5.8915, -5.87269] ; [3.32729, 3.32871]
[-5.89399, -5.8751] ; [3.32871, 3.33013]
[-5.89648, -5.87751] ; [3.33013, 3.33156]
[-5.89896, -5.87992] ; [3.33156, 3.33298]
[-5.90144, -5.88232] ; [3.33298, 3.3344]
[-5.90392, -5.88472] ; [3.3344, 3.33582]
[-5.9064, -5.88712] ; [3.33582, 3.33725]
[-5.90887, -5.88951] ; [3.33725, 3.33867]
[-5.91134, -5.89191] ; [3.33867, 3.34009]
[-5.91382, -5.8943] ; [3.34009, 3.34151]
[-5.91629, -5.89669] ; [3.34151, 3.34293]
[-5.91875, -5.89908] ; [3.34293, 3.34436]
[-5.92122, -5.90147] ; [3.34436, 3.34578]
[-5.92369, -5.90386] ; [3.34578, 3.3472]
[-5.92616, -5.90624] ; [3.3472, 3.34863]
[-5.92862, -5.90863] ; [3.34863, 3.35005]
[-5.93109, -5.91102] ; [3.35005, 3.35148]
[-5.93356, -5.9134] ; [3.35148, 3.3529]
[-5.93602, -5.91579] ; [3.3529, 3.35433]
[-5.93849, -5.91818] ; [3.35433, 3.35576]
[-5.94095, -5.92056] ; [3.35576, 3.35719]
[-5.94342, -5.92295] ; [3.35719, 3.35862]
[-5.94589, -5.92534] ; [3.35862, 3.36005]
[-5.94836, -5.92772] ; [3.36005, 3.36148]
[-5.95083, -5.93011] ; [3.36148, 3.36292]
[-5.9533, -5.9325] ; [3.36292, 3.36435]
[-5.95577, -5.9349] ; [3.36435, 3.36579]
[-5.95824, -5.93729] ; [3.36579, 3.36723]
[-5.96072, -5.93968] ; [3.36723, 3.36867]
[-5.96319, -5.94208] ; [3.36867, 3.37011]
[-5.96567, -5.94447] ; [3.37011, 3.37156]
[-5.96815, -5.94687] ; [3.37156, 3.373]
[-5.97062, -5.94927] ; [3.373, 3.37445]
[-5.97311, -5.95167] ; [3.37445, 3.3759]
[-5.97559, -5.95408] ; [3.3759, 3.37735]
[-5.97807, -5.95648] ; [3.37735, 3.3788]
[-5.98056, -5.95889] ; [3.3788, 3.38026]
[-5.98305, -5.9613] ; [3.38026, 3.38171]
[-5.98554, -5.96371] ; [3.38171, 3.38317]
[-5.98803, -5.96612] ; [3.38317, 3.38463]
[-5.99053, -5.96854] ; [3.38463, 3.3861]
[-5.99303, -5.97096] ; [3.3861, 3.38756]
[-5.99553, -5.97339] ; [3.38756, 3.38903]
[-5.99804, -5.97581] ; [3.38903, 3.3905]
[-6.00055, -5.97824] ; [3.3905, 3.39198]
[-6.00306, -5.98068] ; [3.39198, 3.39345]
[-6.00558, -5.98311] ; [3.39345, 3.39493]
[-6.00809, -5.98556] ; [3.39493, 3.39641]
[-6.01062, -5.988] ; [3.39641, 3.3979]
[-6.01315, -5.99045] ; [3.3979, 3.39939]
[-6.01568, -5.99291] ; [3.39939, 3.40088]
[-6.01821, -5.99537] ; [3.40088, 3.40237]
[-6.02076, -5.99783] ; [3.40237, 3.40387]
[-6.0233, -6.0003] ; [3.40387, 3.40537]
[-6.02585, -6.00277] ; [3.40537, 3.40687]
[-6.0284, -6.00525] ; [3.40687, 3.40838]
[-6.03096, -6.00773] ; [3.40838, 3.40989]
[-6.03353, -6.01022] ; [3.40989, 3.41141]
[-6.0361, -6.01271] ; [3.41141, 3.41293]
[-6.03867, -6.01521] ; [3.41293, 3.41444]
[-6.04123, -6.01769] ; [3.41444, 3.41596]
[-6.0438, -6.02018] ; [3.41596, 3.41747]
[-6.04636, -6.02267] ; [3.41747, 3.41899]
[-6.04892, -6.02515] ; [3.41899, 3.4205]
[-6.05148, -6.02763] ; [3.4205, 3.42201]
[-6.05404, -6.03011] ; [3.42201, 3.42353]
[-6.05659, -6.03259] ; [3.42353, 3.42504]
[-6.05915, -6.03506] ; [3.42504, 3.42655]
[-6.0617, -6.03754] ; [3.42655, 3.42806]
[-6.06425, -6.04001] ; [3.42806, 3.42957]
[-6.0668, -6.04248] ; [3.42957, 3.43108]
[-6.06935, -6.04495] ; [3.43108, 3.43259]
[-6.0719, -6.04741] ; [3.43259, 3.43409]
[-6.07444, -6.04988] ; [3.43409, 3.4356]
[-6.07698, -6.05234] ; [3.4356, 3.4371]
[-6.07952, -6.0548] ; [3.4371, 3.4386]
[-6.08206, -6.05725] ; [3.4386, 3.44011]
[-6.08459, -6.0597] ; [3.44011, 3.4416]
[-6.08712, -6.06215] ; [3.4416, 3.4431]
[-6.08964, -6.06459] ; [3.4431, 3.44459]
[-6.09216, -6.06702] ; [3.44459, 3.44608]
[-6.09467, -6.06945] ; [3.44608, 3.44757]
[-6.09718, -6.07188] ; [3.44757, 3.44905]
[-6.09968, -6.0743] ; [3.44905, 3.45053]
[-6.10218, -6.07671] ; [3.45053, 3.45201]
[-6.10468, -6.07913] ; [3.45201, 3.45349]
[-6.10717, -6.08153] ; [3.45349, 3.45496]
[-6.10965, -6.08393] ; [3.45496, 3.45643]
[-6.11214, -6.08633] ; [3.45643, 3.4579]
[-6.11461, -6.08872] ; [3.4579, 3.45936]
[-6.11708, -6.0911] ; [3.45936, 3.46082]
[-6.11955, -6.09348] ; [3.46082, 3.46228]
[-6.12201, -6.09586] ; [3.46228, 3.46373]
[-6.12446, -6.09822] ; [3.46373, 3.46518]
[-6.12692, -6.10059] ; [3.46518, 3.46663]
[-6.12936, -6.10295] ; [3.46663, 3.46807]
[-6.1318, -6.1053] ; [3.46807, 3.46951]
[-6.13424, -6.10765] ; [3.46951, 3.47095]
[-6.13668, -6.11] ; [3.47095, 3.47239]
[-6.1391, -6.11234] ; [3.47239, 3.47382]
[-6.14153, -6.11467] ; [3.47382, 3.47525]
[-6.14395, -6.117] ; [3.47525, 3.47668]
[-6.14637, -6.11933] ; [3.47668, 3.4781]
[-6.14878, -6.12165] ; [3.4781, 3.47953]
[-6.15119, -6.12397] ; [3.47953, 3.48094]
[-6.15359, -6.12629] ; [3.48094, 3.48236]
[-6.15599, -6.12859] ; [3.48236, 3.48377]
[-6.15838, -6.1309] ; [3.48377, 3.48518]
[-6.16078, -6.1332] ; [3.48518, 3.48659]
[-6.16316, -6.13549] ; [3.48659, 3.48799]
[-6.16554, -6.13778] ; [3.48799, 3.48939]
[-6.16792, -6.14007] ; [3.48939, 3.49079]
[-6.17029, -6.14235] ; [3.49079, 3.49219]
[-6.17266, -6.14462] ; [3.49219, 3.49358]
[-6.17503, -6.1469] ; [3.49358, 3.49497]
[-6.17739, -6.14916] ; [3.49497, 3.49636]
[-6.17974, -6.15143] ; [3.49636, 3.49774]
[-6.1821, -6.15369] ; [3.49774, 3.49912]
[-6.18445, -6.15594] ; [3.49912, 3.5005]
[-6.18679, -6.15819] ; [3.5005, 3.50187]
[-6.18913, -6.16044] ; [3.50187, 3.50324]
[-6.19147, -6.16268] ; [3.50324, 3.50461]
[-6.1938, -6.16492] ; [3.50461, 3.50598]
[-6.19613, -6.16715] ; [3.50598, 3.50734]
[-6.19846, -6.16938] ; [3.50734, 3.50871]
[-6.20078, -6.17161] ; [3.50871, 3.51006]
[-6.20309, -6.17383] ; [3.51006, 3.51142]
[-6.20541, -6.17605] ; [3.51142, 3.51277]
[-6.20772, -6.17826] ; [3.51277, 3.51412]
[-6.21002, -6.18047] ; [3.51412, 3.51547]
[-6.21233, -6.18267] ; [3.51547, 3.51681]
[-6.21462, -6.18487] ; [3.51681, 3.51815]
[-6.21692, -6.18707] ; [3.51815, 3.51949]
[-6.21921, -6.18926] ; [3.51949, 3.52083]
[-6.2215, -6.19145] ; [3.52083, 3.52216]
[-6.22378, -6.19364] ; [3.52216, 3.52349]
[-6.22606, -6.19582] ; [3.52349, 3.52482]
[-6.22834, -6.198] ; [3.52482, 3.52615]
[-6.23061, -6.20018] ; [3.52615, 3.52747]
[-6.23289, -6.20235] ; [3.52747, 3.52879]
[-6.23515, -6.20451] ; [3.52879, 3.53011]
[-6.23742, -6.20668] ; [3.53011, 3.53142]
[-6.23968, -6.20884] ; [3.53142, 3.53274]
[-6.24194, -6.211] ; [3.53274, 3.53405]
[-6.24419, -6.21315] ; [3.53405, 3.53536]
[-6.24644, -6.2153] ; [3.53536, 3.53666]
[-6.24869, -6.21745] ; [3.53666, 3.53797]
[-6.25094, -6.21959] ; [3.53797, 3.53927]
[-6.25318, -6.22174] ; [3.53927, 3.54057]
[-6.25542, -6.22387] ; [3.54057, 3.54186]
[-6.25766, -6.22601] ; [3.54186, 3.54316]
[-6.25989, -6.22814] ; [3.54316, 3.54445]
[-6.26212, -6.23027] ; [3.54445, 3.54574]
[-6.26435, -6.23239] ; [3.54574, 3.54702]
[-6.26658, -6.23451] ; [3.54702, 3.54831]
[-6.2688, -6.23663] ; [3.54831, 3.54959]
[-6.27102, -6.23875] ; [3.54959, 3.55087]
[-6.27323, -6.24086] ; [3.55087, 3.55215]
[-6.27545, -6.24297] ; [3.55215, 3.55342]
[-6.27766, -6.24508] ; [3.55342, 3.5547]
[-6.27987, -6.24718] ; [3.5547, 3.55597]
[-6.28207, -6.24928] ; [3.55597, 3.55724]
[-6.28428, -6.25138] ; [3.55724, 3.5585]
[-6.28648, -6.25347] ; [3.5585, 3.55977]
[-6.28868, -6.25557] ; [3.55977, 3.56103]
[-6.29087, -6.25766] ; [3.56103, 3.56229]
[-6.29307, -6.25974] ; [3.56229, 3.56355]
[-6.29526, -6.26183] ; [3.56355, 3.5648]
[-6.29744, -6.26391] ; [3.5648, 3.56606]
[-6.29963, -6.26599] ; [3.56606, 3.56731]
[-6.30181, -6.26806] ; [3.56731, 3.56856]
[-6.304, -6.27014] ; [3.56856, 3.56981]
[-6.30618, -6.27221] ; [3.56981, 3.57105]
[-6.30835, -6.27428] ; [3.57105, 3.5723]
[-6.31053, -6.27634] ; [3.5723, 3.57354]
[-6.3127, -6.27841] ; [3.57354, 3.57478]
[-6.31487, -6.28047] ; [3.57478, 3.57602]
[-6.31704, -6.28253] ; [3.57602, 3.57725]
[-6.31921, -6.28459] ; [3.57725, 3.57849]
[-6.32137, -6.28664] ; [3.57849, 3.57972]
[-6.32353, -6.28869] ; [3.57972, 3.58095]
[-6.3257, -6.29074] ; [3.58095, 3.58218]
[-6.32785, -6.29279] ; [3.58218, 3.58341]
[-6.33001, -6.29484] ; [3.58341, 3.58463]
[-6.33216, -6.29688] ; [3.58463, 3.58585]
[-6.3343, -6.29891] ; [3.58585, 3.58707]
[-6.33644, -6.30094] ; [3.58707, 3.58828]
[-6.33857, -6.30295] ; [3.58828, 3.58948]
[-6.3407, -6.30497] ; [3.58948, 3.59069]
[-6.34282, -6.30697] ; [3.59069, 3.59189]
[-6.34493, -6.30897] ; [3.59189, 3.59308]
[-6.34704, -6.31096] ; [3.59308, 3.59427]
[-6.34914, -6.31295] ; [3.59427, 3.59546]
[-6.35124, -6.31493] ; [3.59546, 3.59664]
[-6.35333, -6.31691] ; [3.59664, 3.59782]
[-6.35541, -6.31888] ; [3.59782, 3.599]
[-6.3575, -6.32084] ; [3.599, 3.60017]
[-6.35957, -6.3228] ; [3.60017, 3.60134]
[-6.36165, -6.32476] ; [3.60134, 3.6025]
[-6.36371, -6.32671] ; [3.6025, 3.60366]
[-6.36578, -6.32865] ; [3.60366, 3.60482]
[-6.36784, -6.3306] ; [3.60482, 3.60598]
[-6.3699, -6.33253] ; [3.60598, 3.60713]
[-6.37195, -6.33446] ; [3.60713, 3.60828]
[-6.374, -6.33639] ; [3.60828, 3.60943]
[-6.37604, -6.33832] ; [3.60943, 3.61057]
[-6.37808, -6.34024] ; [3.61057, 3.61171]
[-6.38012, -6.34216] ; [3.61171, 3.61285]
[-6.38216, -6.34407] ; [3.61285, 3.61399]
[-6.38419, -6.34598] ; [3.61399, 3.61512]
[-6.38622, -6.34788] ; [3.61512, 3.61625]
[-6.38825, -6.34979] ; [3.61625, 3.61738]
[-6.39027, -6.35169] ; [3.61738, 3.61851]
[-6.39229, -6.35358] ; [3.61851, 3.61964]
[-6.39431, -6.35548] ; [3.61964, 3.62076]
[-6.39633, -6.35737] ; [3.62076, 3.62188]
[-6.39834, -6.35926] ; [3.62188, 3.623]
[-6.40036, -6.36114] ; [3.623, 3.62412]
[-6.40237, -6.36303] ; [3.62412, 3.62523]
[-6.40438, -6.36491] ; [3.62523, 3.62634]
[-6.40638, -6.36679] ; [3.62634, 3.62746]
[-6.40839, -6.36866] ; [3.62746, 3.62857]
[-6.41039, -6.37054] ; [3.62857, 3.62967]
[-6.41239, -6.37241] ; [3.62967, 3.63078]
[-6.41439, -6.37428] ; [3.63078, 3.63189]
[-6.41639, -6.37615] ; [3.63189, 3.63299]
[-6.41839, -6.37802] ; [3.63299, 3.63409]
[-6.42039, -6.37988] ; [3.63409, 3.63519]
[-6.42238, -6.38175] ; [3.63519, 3.63629]
[-6.42437, -6.38361] ; [3.63629, 3.63739]
[-6.42637, -6.38547] ; [3.63739, 3.63849]
[-6.42836, -6.38733] ; [3.63849, 3.63958]
[-6.43035, -6.38919] ; [3.63958, 3.64068]
[-6.43234, -6.39105] ; [3.64068, 3.64177]
[-6.43433, -6.39291] ; [3.64177, 3.64286]
[-6.43632, -6.39476] ; [3.64286, 3.64396]
[-6.43831, -6.39662] ; [3.64396, 3.64505]
[-6.4403, -6.39847] ; [3.64505, 3.64614]
[-6.44229, -6.40032] ; [3.64614, 3.64723]
[-6.44427, -6.40218] ; [3.64723, 3.64831]
[-6.44626, -6.40403] ; [3.64831, 3.6494]
[-6.44825, -6.40588] ; [3.6494, 3.65049]
[-6.45023, -6.40773] ; [3.65049, 3.65157]
[-6.45222, -6.40958] ; [3.65157, 3.65266]
[-6.4542, -6.41142] ; [3.65266, 3.65374]
[-6.45618, -6.41327] ; [3.65374, 3.65482]
[-6.45816, -6.41511] ; [3.65482, 3.6559]
[-6.46013, -6.41695] ; [3.6559, 3.65697]
[-6.46211, -6.41879] ; [3.65697, 3.65805]
[-6.46408, -6.42062] ; [3.65805, 3.65912]
[-6.46605, -6.42245] ; [3.65912, 3.66019]
[-6.46802, -6.42428] ; [3.66019, 3.66127]
[-6.46999, -6.42611] ; [3.66127, 3.66233]
[-6.47195, -6.42794] ; [3.66233, 3.6634]
[-6.47391, -6.42976] ; [3.6634, 3.66447]
[-6.47587, -6.43159] ; [3.66447, 3.66553]
[-6.47783, -6.43341] ; [3.66553, 3.66659]
[-6.47979, -6.43523] ; [3.66659, 3.66765]
[-6.48175, -6.43705] ; [3.66765, 3.66871]
[-6.48371, -6.43886] ; [3.66871, 3.66977]
[-6.48566, -6.44068] ; [3.66977, 3.67083]
[-6.48761, -6.44249] ; [3.67083, 3.67189]
[-6.48956, -6.4443] ; [3.67189, 3.67294]
[-6.49151, -6.44611] ; [3.67294, 3.67399]
[-6.49346, -6.44792] ; [3.67399, 3.67505]
[-6.49541, -6.44973] ; [3.67505, 3.6761]
[-6.49736, -6.45153] ; [3.6761, 3.67715]
[-6.4993, -6.45334] ; [3.67715, 3.67819]
[-6.50125, -6.45514] ; [3.67819, 3.67924]
[-6.50319, -6.45694] ; [3.67924, 3.68029]
[-6.50513, -6.45875] ; [3.68029, 3.68133]
[-6.50707, -6.46055] ; [3.68133, 3.68238]
[-6.50901, -6.46234] ; [3.68238, 3.68342]
[-6.51095, -6.46414] ; [3.68342, 3.68446]
[-6.51289, -6.46594] ; [3.68446, 3.6855]
[-6.51483, -6.46774] ; [3.6855, 3.68654]
[-6.51677, -6.46953] ; [3.68654, 3.68758]
[-6.5187, -6.47133] ; [3.68758, 3.68862]
[-6.52064, -6.47312] ; [3.68862, 3.68966]
[-6.52258, -6.47491] ; [3.68966, 3.6907]
[-6.52451, -6.4767] ; [3.6907, 3.69173]
[-6.52645, -6.4785] ; [3.69173, 3.69277]
[-6.52838, -6.48029] ; [3.69277, 3.6938]
[-6.53031, -6.48208] ; [3.6938, 3.69484]
[-6.53225, -6.48387] ; [3.69484, 3.69587]
[-6.53418, -6.48566] ; [3.69587, 3.6969]
[-6.53611, -6.48744] ; [3.6969, 3.69793]
[-6.53804, -6.48923] ; [3.69793, 3.69897]
[-6.53998, -6.49102] ; [3.69897, 3.7]
[-6.54191, -6.49281] ; [3.7, 3.70103]
[-6.54384, -6.4946] ; [3.70103, 3.70206]
[-6.54577, -6.49638] ; [3.70206, 3.70309]
[-6.5477, -6.49817] ; [3.70309, 3.70411]
[-6.54963, -6.49996] ; [3.70411, 3.70514]
[-6.55156, -6.50174] ; [3.70514, 3.70617]
[-6.55349, -6.50352] ; [3.70617, 3.70719]
[-6.55542, -6.50531] ; [3.70719, 3.70822]
[-6.55735, -6.50709] ; [3.70822, 3.70924]
[-6.55928, -6.50887] ; [3.70924, 3.71027]
[-6.5612, -6.51065] ; [3.71027, 3.71129]
[-6.56313, -6.51243] ; [3.71129, 3.71231]
[-6.56505, -6.51421] ; [3.71231, 3.71333]
[-6.56698, -6.51599] ; [3.71333, 3.71435]
[-6.5689, -6.51777] ; [3.71435, 3.71537]
[-6.57082, -6.51955] ; [3.71537, 3.71639]
[-6.57275, -6.52132] ; [3.71639, 3.71741]
[-6.57467, -6.5231] ; [3.71741, 3.71842]
[-6.57659, -6.52487] ; [3.71842, 3.71944]
[-6.57851, -6.52664] ; [3.71944, 3.72045]
[-6.58043, -6.52841] ; [3.72045, 3.72147]
[-6.58234, -6.53018] ; [3.72147, 3.72248]
[-6.58426, -6.53195] ; [3.72248, 3.72349]
[-6.58617, -6.53372] ; [3.72349, 3.7245]
[-6.58808, -6.53549] ; [3.7245, 3.72551]
[-6.59, -6.53725] ; [3.72551, 3.72652]
[-6.59191, -6.53901] ; [3.72652, 3.72753]
[-6.59382, -6.54077] ; [3.72753, 3.72853]
[-6.59572, -6.54253] ; [3.72853, 3.72954]
[-6.59762, -6.54428] ; [3.72954, 3.73054]
[-6.59952, -6.54603] ; [3.73054, 3.73153]
[-6.60141, -6.54777] ; [3.73153, 3.73253]
[-6.60329, -6.5495] ; [3.73253, 3.73352]
[-6.60517, -6.55123] ; [3.73352, 3.7345]
[-6.60704, -6.55295] ; [3.7345, 3.73549]
[-6.60891, -6.55467] ; [3.73549, 3.73647]
[-6.61077, -6.55638] ; [3.73647, 3.73744]
[-6.61262, -6.55809] ; [3.73744, 3.73841]
[-6.61447, -6.55979] ; [3.73841, 3.73938]
[-6.61632, -6.56149] ; [3.73938, 3.74035]
[-6.61816, -6.56318] ; [3.74035, 3.74131]
[-6.61999, -6.56486] ; [3.74131, 3.74227]
[-6.62182, -6.56654] ; [3.74227, 3.74323]
[-6.62364, -6.56822] ; [3.74323, 3.74419]
[-6.62546, -6.56989] ; [3.74419, 3.74514]
[-6.62728, -6.57155] ; [3.74514, 3.74608]
[-6.62909, -6.57321] ; [3.74608, 3.74703]
[-6.63089, -6.57487] ; [3.74703, 3.74797]
[-6.63269, -6.57652] ; [3.74797, 3.74891]
[-6.63449, -6.57817] ; [3.74891, 3.74985]
[-6.63628, -6.57981] ; [3.74985, 3.75078]
[-6.63806, -6.58144] ; [3.75078, 3.75171]
[-6.63984, -6.58307] ; [3.75171, 3.75264]
[-6.64162, -6.58469] ; [3.75264, 3.75356]
[-6.64339, -6.5863] ; [3.75356, 3.75448]
[-6.64515, -6.58791] ; [3.75448, 3.7554]
[-6.64691, -6.58951] ; [3.7554, 3.75631]
[-6.64866, -6.5911] ; [3.75631, 3.75722]
[-6.65041, -6.59269] ; [3.75722, 3.75813]
[-6.65216, -6.59428] ; [3.75813, 3.75903]
[-6.65389, -6.59585] ; [3.75903, 3.75993]
[-6.65563, -6.59743] ; [3.75993, 3.76083]
[-6.65736, -6.59899] ; [3.76083, 3.76172]
[-6.65908, -6.60055] ; [3.76172, 3.76261]
[-6.6608, -6.60211] ; [3.76261, 3.7635]
[-6.66252, -6.60366] ; [3.7635, 3.76438]
[-6.66423, -6.6052] ; [3.76438, 3.76527]
[-6.66594, -6.60674] ; [3.76527, 3.76615]
[-6.66764, -6.60828] ; [3.76615, 3.76702]
[-6.66934, -6.60981] ; [3.76702, 3.7679]
[-6.67103, -6.61133] ; [3.7679, 3.76877]
[-6.67272, -6.61285] ; [3.76877, 3.76964]
[-6.67441, -6.61436] ; [3.76964, 3.7705]
[-6.67609, -6.61587] ; [3.7705, 3.77137]
[-6.67777, -6.61738] ; [3.77137, 3.77223]
[-6.67944, -6.61888] ; [3.77223, 3.77309]
[-6.68111, -6.62037] ; [3.77309, 3.77394]
[-6.68278, -6.62187] ; [3.77394, 3.7748]
[-6.68444, -6.62335] ; [3.7748, 3.77565]
[-6.6861, -6.62483] ; [3.77565, 3.7765]
[-6.68776, -6.62631] ; [3.7765, 3.77734]
[-6.68941, -6.62778] ; [3.77734, 3.77819]
[-6.69106, -6.62925] ; [3.77819, 3.77903]
[-6.69271, -6.63072] ; [3.77903, 3.77987]
[-6.69435, -6.63218] ; [3.77987, 3.78071]
[-6.69599, -6.63363] ; [3.78071, 3.78154]
[-6.69762, -6.63508] ; [3.78154, 3.78237]
[-6.69925, -6.63653] ; [3.78237, 3.7832]
[-6.70088, -6.63797] ; [3.7832, 3.78403]
[-6.70251, -6.63941] ; [3.78403, 3.78486]
[-6.70413, -6.64085] ; [3.78486, 3.78568]
[-6.70575, -6.64228] ; [3.78568, 3.78651]
[-6.70736, -6.64371] ; [3.78651, 3.78733]
[-6.70897, -6.64513] ; [3.78733, 3.78815]
[-6.71058, -6.64655] ; [3.78815, 3.78896]
[-6.71219, -6.64797] ; [3.78896, 3.78978]
[-6.71379, -6.64938] ; [3.78978, 3.79059]
[-6.71539, -6.65079] ; [3.79059, 3.7914]
[-6.71699, -6.65219] ; [3.7914, 3.79221]
[-6.71858, -6.65359] ; [3.79221, 3.79301]
[-6.72018, -6.65499] ; [3.79301, 3.79382]
[-6.72176, -6.65638] ; [3.79382, 3.79462]
[-6.72335, -6.65777] ; [3.79462, 3.79542]
[-6.72493, -6.65916] ; [3.79542, 3.79622]
[-6.72651, -6.66054] ; [3.79622, 3.79702]
[-6.72809, -6.66191] ; [3.79702, 3.79781]
[-6.72966, -6.66328] ; [3.79781, 3.7986]
[-6.73122, -6.66464] ; [3.7986, 3.79939]
[-6.73277, -6.666] ; [3.79939, 3.80017]
[-6.73432, -6.66735] ; [3.80017, 3.80095]
[-6.73587, -6.66869] ; [3.80095, 3.80173]
[-6.73741, -6.67003] ; [3.80173, 3.8025]
[-6.73894, -6.67136] ; [3.8025, 3.80327]
[-6.74047, -6.67268] ; [3.80327, 3.80404]
[-6.74199, -6.674] ; [3.80404, 3.8048]
[-6.74351, -6.67531] ; [3.8048, 3.80556]
[-6.74502, -6.67662] ; [3.80556, 3.80632]
[-6.74652, -6.67792] ; [3.80632, 3.80707]
[-6.74802, -6.67921] ; [3.80707, 3.80782]
[-6.74952, -6.6805] ; [3.80782, 3.80857]
[-6.75101, -6.68178] ; [3.80857, 3.80931]
[-6.75249, -6.68306] ; [3.80931, 3.81005]
[-6.75397, -6.68433] ; [3.81005, 3.81079]
[-6.75545, -6.68559] ; [3.81079, 3.81153]
[-6.75692, -6.68685] ; [3.81153, 3.81226]
[-6.75838, -6.6881] ; [3.81226, 3.81299]
[-6.75984, -6.68934] ; [3.81299, 3.81371]
[-6.76129, -6.69058] ; [3.81371, 3.81443]
[-6.76274, -6.69181] ; [3.81443, 3.81515]
[-6.76418, -6.69304] ; [3.81515, 3.81587]
[-6.76562, -6.69426] ; [3.81587, 3.81658]
[-6.76705, -6.69547] ; [3.81658, 3.81729]
[-6.76848, -6.69668] ; [3.81729, 3.818]
[-6.7699, -6.69787] ; [3.818, 3.8187]
[-6.77131, -6.69907] ; [3.8187, 3.8194]
[-6.77272, -6.70025] ; [3.8194, 3.8201]
[-6.77413, -6.70143] ; [3.8201, 3.82079]
[-6.77553, -6.70261] ; [3.82079, 3.82148]
[-6.77692, -6.70377] ; [3.82148, 3.82217]
[-6.77831, -6.70494] ; [3.82217, 3.82285]
[-6.7797, -6.70609] ; [3.82285, 3.82353]
[-6.78108, -6.70724] ; [3.82353, 3.82421]
[-6.78245, -6.70838] ; [3.82421, 3.82489]
[-6.78382, -6.70952] ; [3.82489, 3.82556]
[-6.78519, -6.71065] ; [3.82556, 3.82623]
[-6.78655, -6.71178] ; [3.82623, 3.82689]
[-6.7879, -6.7129] ; [3.82689, 3.82756]
[-6.78925, -6.71401] ; [3.82756, 3.82822]
[-6.7906, -6.71512] ; [3.82822, 3.82887]
[-6.79194, -6.71622] ; [3.82887, 3.82953]
[-6.79328, -6.71732] ; [3.82953, 3.83018]
[-6.79461, -6.71841] ; [3.83018, 3.83083]
[-6.79594, -6.71949] ; [3.83083, 3.83148]
[-6.79727, -6.72058] ; [3.83148, 3.83212]
[-6.79859, -6.72165] ; [3.83212, 3.83276]
[-6.7999, -6.72272] ; [3.83276, 3.8334]
[-6.80121, -6.72378] ; [3.8334, 3.83404]
[-6.80252, -6.72484] ; [3.83404, 3.83467]
[-6.80382, -6.7259] ; [3.83467, 3.83531]
[-6.80512, -6.72695] ; [3.83531, 3.83593]
[-6.80642, -6.72799] ; [3.83593, 3.83656]
[-6.80771, -6.72903] ; [3.83656, 3.83718]
[-6.80899, -6.73006] ; [3.83718, 3.8378]
[-6.81027, -6.73109] ; [3.8378, 3.83842]
[-6.81155, -6.73211] ; [3.83842, 3.83904]
[-6.81282, -6.73312] ; [3.83904, 3.83965]
[-6.81409, -6.73413] ; [3.83965, 3.84026]
[-6.81535, -6.73513] ; [3.84026, 3.84087]
[-6.81661, -6.73613] ; [3.84087, 3.84147]
[-6.81786, -6.73712] ; [3.84147, 3.84207]
[-6.81911, -6.7381] ; [3.84207, 3.84267]
[-6.82035, -6.73908] ; [3.84267, 3.84326]
[-6.82159, -6.74005] ; [3.84326, 3.84385]
[-6.82283, -6.74102] ; [3.84385, 3.84444]
[-6.82406, -6.74197] ; [3.84444, 3.84503]
[-6.82528, -6.74293] ; [3.84503, 3.84561]
[-6.8265, -6.74387] ; [3.84561, 3.84619]
[-6.82772, -6.74482] ; [3.84619, 3.84677]
[-6.82893, -6.74575] ; [3.84677, 3.84735]
[-6.83014, -6.74668] ; [3.84735, 3.84792]
[-6.83134, -6.7476] ; [3.84792, 3.84849]
[-6.83254, -6.74852] ; [3.84849, 3.84905]
[-6.83374, -6.74943] ; [3.84905, 3.84962]
[-6.83493, -6.75034] ; [3.84962, 3.85018]
[-6.83611, -6.75124] ; [3.85018, 3.85074]
[-6.83729, -6.75213] ; [3.85074, 3.85129]
[-6.83847, -6.75302] ; [3.85129, 3.85185]
[-6.83964, -6.7539] ; [3.85185, 3.85239]
[-6.8408, -6.75477] ; [3.85239, 3.85294]
[-6.84196, -6.75564] ; [3.85294, 3.85348]
[-6.84312, -6.7565] ; [3.85348, 3.85402]
[-6.84427, -6.75735] ; [3.85402, 3.85456]
[-6.84542, -6.7582] ; [3.85456, 3.85509]
[-6.84656, -6.75905] ; [3.85509, 3.85563]
[-6.84769, -6.75988] ; [3.85563, 3.85615]
[-6.84883, -6.76071] ; [3.85615, 3.85668]
[-6.84995, -6.76154] ; [3.85668, 3.8572]
[-6.85107, -6.76236] ; [3.8572, 3.85772]
[-6.85219, -6.76317] ; [3.85772, 3.85824]
[-6.85331, -6.76398] ; [3.85824, 3.85875]
[-6.85441, -6.76478] ; [3.85875, 3.85926]
[-6.85552, -6.76557] ; [3.85926, 3.85977]
[-6.85662, -6.76636] ; [3.85977, 3.86028]
[-6.85771, -6.76715] ; [3.86028, 3.86078]
[-6.8588, -6.76793] ; [3.86078, 3.86128]
[-6.85989, -6.7687] ; [3.86128, 3.86178]
