0.015942	0.024435	0.021817	0.306544	0.547400	19.228694	34.336954	341.879140
0.031940	0.059341	0.047997	0.436387	1.636451	8.116203	68.074198	340.930974
0.047955	0.104720	0.082903	0.566701	2.179618	8.136988	33.916169	339.979370
0.063939	0.164061	0.130900	0.742507	3.002787	10.998919	51.499579	338.695558
0.079957	0.230383	0.183260	0.828100	3.268815	5.343510	16.608034	338.070528
0.095965	0.300197	0.244346	0.872229	3.816000	2.756667	34.181960	337.748283
0.111979	0.376991	0.305433	0.959092	3.814570	5.424215	-0.089281	337.113971
0.127962	0.457276	0.362156	1.004632	3.548971	2.849268	-16.617604	336.781421
0.143980	0.537561	0.414516	1.002437	3.268815	-0.137043	-17.490067	336.797451
0.159968	0.614356	0.466876	0.960652	3.274949	-2.613523	0.383639	337.102582
0.175995	0.694641	0.510509	1.001874	2.722483	2.572040	-34.470942	336.801562
0.192000	0.771436	0.549779	0.959631	2.453603	-2.639329	-16.799766	337.110033
0.207992	0.848230	0.580322	0.960411	1.909909	0.048780	-33.997854	337.104336
0.223998	0.921534	0.606502	0.915954	1.635633	-2.777516	-17.135825	337.428979
0.240003	0.994838	0.623955	0.916012	1.090490	0.003576	-34.060781	337.428561
0.255972	1.068142	0.628319	0.918077	0.273237	0.129315	-51.177463	337.413481
0.271961	1.141445	0.628319	0.916928	0.000000	-0.071823	-17.089067	337.421867
0.287952	1.211259	0.619592	0.873156	-0.545722	-2.737319	-34.126844	337.741511
0.304013	1.284562	0.606502	0.912818	-0.815016	2.469458	-16.766919	337.451884
0.319946	1.319469	0.567232	0.438167	-2.464690	-29.790410	-103.538211	340.917974
0.336037	1.322960	0.493056	0.043386	-4.609813	-24.534253	-133.311936	343.800822
0.351992	1.308997	0.392699	-0.175025	-6.289968	-13.689229	-105.305861	345.395752
0.367980	1.274090	0.270526	-0.436660	-7.641547	-16.364437	-84.537097	347.306313
0.384021	1.218240	0.126536	-0.696347	-8.976352	-16.188985	-83.212107	349.202656
0.399957	1.151917	-0.034907	-0.832361	-10.130708	-8.534985	-72.436968	350.195882
0.415985	1.082104	-0.200713	-0.871140	-10.344789	-2.419472	-13.356719	350.479064
0.431994	1.012291	-0.362156	-0.872174	-10.084512	-0.064582	16.258158	350.486614
0.447944	0.938987	-0.519235	-0.919170	-9.848253	-2.946472	14.812500	350.829799
0.463973	0.869174	-0.671952	-0.871086	-9.527501	2.999843	20.010736	350.478667
0.479948	0.806342	-0.811578	-0.786627	-8.740303	5.286918	49.276856	349.861917
0.495938	0.750492	-0.938114	-0.698568	-7.913469	5.507127	51.709437	349.218875
0.511987	0.694641	-1.047198	-0.696000	-6.796877	0.160017	69.573938	349.200121
0.527933	0.638791	-1.143191	-0.700496	-6.019886	-0.281931	48.726360	349.232950
0.543994	0.586431	-1.226094	-0.652013	-5.161767	3.018691	53.428768	348.878907
0.559936	0.534071	-1.291544	-0.656880	-4.105498	-0.305293	66.257001	348.914447
0.575941	0.478220	-1.343904	-0.697914	-3.271470	-2.563820	52.110456	349.214094
0.591958	0.422370	-1.374447	-0.697391	-1.906928	0.032645	85.193373	349.210275
0.607943	0.366519	-1.391900	-0.698787	-1.091854	-0.087338	50.989888	349.220470
0.623998	0.314159	-1.391900	-0.652256	0.000000	2.898192	68.007125	348.880686
0.639970	0.261799	-1.378810	-0.655646	0.819557	-0.212216	51.312128	348.905437
0.656001	0.233874	-1.335177	-0.348391	2.721803	19.166303	118.660480	346.661737
0.671939	0.219911	-1.278454	-0.175212	3.558991	10.865791	52.527775	345.397115
0.687945	0.219911	-1.204277	0.000000	4.634293	10.946637	67.181172	344.117647
0.703931	0.226893	-1.108284	0.087343	6.004824	5.463711	85.733176	343.479834
0.720006	0.251327	-0.994838	0.304008	7.057319	13.478364	65.474052	341.897661
0.735938	0.289725	-0.859575	0.482014	8.490021	11.172892	89.926076	340.597786
0.752003	0.342085	-0.706858	0.651850	9.506151	10.571816	63.251133	339.357573
0.767930	0.404916	-0.532325	0.788998	10.958305	8.611015	91.175644	338.356066
0.783947	0.471239	-0.349066	0.828151	11.441567	2.444498	30.171784	338.070151
0.799924	0.548033	-0.152716	0.961313	12.289512	8.334574	53.072913	337.097752
0.816001	0.628319	0.052360	0.998758	12.755874	2.329093	29.007997	336.824315
0.831982	0.708604	0.253073	1.004757	12.559468	0.375425	-12.289950	336.780503
0.847931	0.781908	0.445059	0.919228	12.037508	-5.362692	-32.726829	337.405074
0.864035	0.844739	0.632682	0.780326	11.650701	-8.625301	-24.019300	338.419392
0.879955	0.907571	0.802851	0.789345	10.689045	0.566510	-60.405527	338.353532
0.895928	0.963422	0.959931	0.699312	9.834072	-5.636580	-53.526158	339.010990
0.911967	1.012291	1.103921	0.609380	8.977471	-5.607077	-53.407361	339.667709
0.927993	1.061160	1.230457	0.609874	7.895693	0.030845	-67.501479	339.664100
0.943990	1.106539	1.339540	0.567338	6.818971	-2.658987	-67.307728	339.974713
0.959939	1.155408	1.431170	0.612819	5.745174	2.851603	-67.326892	339.642599
0.975980	1.200787	1.509710	0.565782	4.896192	-2.932262	-52.925773	339.986077
0.991937	1.249656	1.566433	0.612511	3.554753	2.928443	-84.065839	339.644842
1.007942	1.295034	1.610066	0.567055	2.726225	-2.840147	-51.766850	339.976784
1.023975	1.336922	1.636246	0.522521	1.632878	-2.777629	-68.193516	340.301987
1.039938	1.361357	1.636246	0.306141	0.000000	-13.555128	-102.291447	341.882085
1.055943	1.375319	1.627520	0.174478	-0.545245	-8.226315	-34.067167	342.843535
1.071943	1.389282	1.610066	0.174533	-1.090831	0.003408	-34.099111	342.843137
1.087943	1.406735	1.570796	0.218166	-2.454369	2.727077	-85.221155	342.524510
1.104008	1.424189	1.509710	0.217283	-3.802460	-0.054946	-83.914783	342.530956
1.119984	1.427679	1.431170	0.043699	-4.916113	-10.865339	-69.707840	343.798541
1.135945	1.427679	1.335177	0.000000	-6.014229	-2.737847	-68.799968	344.117647
1.151959	1.410226	1.226094	-0.217975	-6.811732	-13.611554	-49.800371	345.709392
1.167935	1.385791	1.095194	-0.305891	-8.193521	-5.503006	-86.491551	346.351390
1.183953	1.343904	0.942478	-0.523010	-9.534044	-13.554684	-83.688500	347.936880
1.199928	1.288053	0.772308	-0.699224	-10.652244	-11.030601	-69.996915	349.223664
1.215985	1.218240	0.580322	-0.869567	-11.956543	-10.608617	-81.229318	350.467574
1.231970	1.144936	0.379609	-0.917158	-12.556326	-2.977222	-37.521560	350.815102
1.247926	1.064651	0.165806	-1.006332	-13.399526	-5.588747	-52.845339	351.466287
1.263979	0.980875	-0.052360	-1.043740	-13.590367	-2.330308	-11.888177	351.739459
1.279930	0.904081	-0.266163	-0.962880	-13.403726	5.069291	11.700877	351.148984
1.295947	0.830777	-0.471239	-0.915325	-12.803658	2.969007	37.464456	350.801722
1.311975	0.764454	-0.667588	-0.827583	-12.250408	5.474307	34.517701	350.160993
1.327931	0.705113	-0.850848	-0.743810	-11.485308	5.250233	47.950632	349.549251
1.343988	0.652753	-1.016654	-0.652175	-10.326106	5.706876	72.192946	348.880093
1.359940	0.600393	-1.169371	-0.656468	-9.573490	-0.269106	47.180032	348.911440
1.375986	0.551524	-1.304634	-0.609114	-8.429703	2.951130	71.281731	348.565643
1.391949	0.506145	-1.422443	-0.568547	-7.380174	2.541331	65.747587	348.269405
1.407928	0.457276	-1.527163	-0.611668	-6.553586	-2.698622	51.729655	348.584294
1.423979	0.411898	-1.610066	-0.565430	-5.164983	2.880715	86.511958	348.246643
1.439983	0.366519	-1.675516	-0.567090	-4.089593	-0.103757	67.195064	348.258769
1.455973	0.342085	-1.719149	-0.305624	-2.728782	16.351882	85.103852	346.349434
1.471940	0.324631	-1.754056	-0.218617	-2.186171	5.449150	33.983335	345.714077
1.487926	0.317650	-1.775873	-0.087343	-1.364733	8.211821	51.384832	344.755460
1.504012	0.317650	-1.780236	0.000000	-0.271250	5.429746	67.977303	344.117647
1.519929	0.317650	-1.771509	0.000000	0.548259	0.000000	51.486412	344.117647
1.535984	0.324631	-1.749693	0.086968	1.358867	5.416849	50.489435	343.482575
1.551990	0.331613	-1.710423	0.087234	2.453449	0.016634	68.385721	343.480631
1.567950	0.328122	-1.649336	-0.043743	3.827476	-8.206537	86.091931	344.437073
1.583933	0.321141	-1.570796	-0.087359	4.913960	-2.728943	67.977424	344.755580
1.599982	0.310669	-1.474803	-0.130500	5.981252	-2.688065	66.502095	345.070611
1.615930	0.310669	-1.356993	0.000000	7.387116	8.182847	88.153009	344.117647
1.631980	0.314159	-1.226094	0.043497	8.155744	2.710112	47.889611	343.800012
1.647971	0.335103	-1.073377	0.261947	9.550141	13.660774	87.198870	342.204806
1.663983	0.373500	-0.903208	0.479606	10.627629	13.593499	67.292537	340.615372
1.679976	0.422370	-0.711222	0.611133	12.004391	8.224021	86.085232	339.654910
1.695951	0.488692	-0.501782	0.830329	13.110454	13.721200	69.237180	338.054251
1.711932	0.561996	-0.274889	0.917387	14.197660	5.447624	68.031126	337.418515
1.727925	0.638791	-0.039270	0.960351	14.732661	2.686425	33.452211	337.104775
1.743984	0.712094	0.191986	0.912931	14.400406	-2.952850	-20.689628	337.451054
1.759925	0.781908	0.418879	0.875894	14.233285	-2.323376	-10.483719	337.721512
1.775990	0.844739	0.637045	0.782220	13.580215	-5.830943	-40.651743	338.405558
1.791970	0.900590	0.837758	0.699005	12.560254	-5.207443	-63.827337	339.013227
1.807929	0.949459	1.025381	0.612435	11.756557	-5.424579	-50.360125	339.645403
1.823975	0.991347	1.195551	0.522098	10.605110	-5.629868	-71.759108	340.305079
1.839936	1.033235	1.348267	0.524878	9.568092	0.174201	-64.972049	340.284775
1.855983	1.075123	1.483530	0.522065	8.429178	-0.175295	-70.973622	340.305316
1.871927	1.113520	1.605703	0.481651	7.662635	-2.534739	-48.077217	340.600435
1.887975	1.151917	1.706059	0.478530	6.253516	-0.194502	-87.806471	340.623228
1.904000	1.172861	1.788962	0.261391	5.173363	-13.550015	-67.404282	342.208865
1.919970	1.179843	1.858776	0.087430	4.371520	-10.892960	-50.209337	343.479195
1.936002	1.179843	1.919862	0.000000	3.810287	-5.453493	-35.007021	344.117647
1.951996	1.179843	1.963495	0.000000	2.728100	0.000000	-67.662071	344.117647
1.967937	1.176352	1.989675	-0.043795	1.642302	-2.747301	-68.113533	344.437454
1.983924	1.162389	2.002765	-0.174675	0.818788	-8.186659	-51.511466	345.393193
1.999932	1.151917	1.998402	-0.130834	-0.272571	2.738666	-68.175897	345.073052
2.015972	1.137955	1.985312	-0.174098	-0.816083	-2.697220	-33.884755	345.388979
2.031991	1.134464	1.954769	-0.043581	-1.906690	8.147587	-68.082077	344.435897
2.047988	1.134464	1.902409	0.000000	-3.273106	2.724353	-85.417039	344.117647
2.063957	1.134464	1.832596	0.000000	-4.371793	0.000000	-68.801267	344.117647
2.079934	1.137955	1.745329	0.043696	-5.462006	2.734934	-68.236344	343.798561
2.095971	1.148427	1.640609	0.130598	-6.529884	5.418822	-66.588439	343.163970
2.111927	1.162389	1.522800	0.175014	-7.383412	2.783688	-53.492594	342.839623
2.127981	1.169371	1.387537	0.086973	-8.425502	-5.484072	-64.911569	343.482536
2.143998	1.172861	1.230457	0.043587	-9.807057	-2.708748	-86.255513	343.799358
2.159927	1.158899	1.055924	-0.175311	-10.956929	-13.742092	-72.187341	345.397838
2.175989	1.123992	0.859575	-0.434648	-12.224476	-16.146008	-78.915905	347.291622
2.191981	1.075123	0.641409	-0.611171	-13.642206	-11.038192	-88.652415	348.580663
2.207943	1.008800	0.401426	-0.831005	-15.034631	-13.772347	-87.233719	350.185981
2.223944	0.932006	0.148353	-0.959871	-15.816058	-8.053626	-48.836156	351.127013
2.239995	0.855211	-0.109083	-0.956881	-16.038631	0.186285	-13.866617	351.105178
2.255922	0.788889	-0.362156	-0.832831	-15.889542	7.788651	9.360741	350.199316
2.271944	0.729548	-0.602139	-0.740746	-14.978328	5.747396	56.872695	349.526876
2.287936	0.677188	-0.829031	-0.654826	-14.187894	5.372719	49.426835	348.899450
2.303904	0.628319	-1.042834	-0.612089	-13.389456	2.676382	50.002387	348.587371
2.319955	0.589921	-1.234820	-0.478441	-11.961013	8.326516	88.994026	347.611413
2.336018	0.551524	-1.413717	-0.478083	-11.137163	0.022251	51.288672	347.608803
2.351998	0.516617	-1.570796	-0.436878	-9.829764	2.578516	81.814687	347.307909
2.367924	0.481711	-1.714786	-0.438360	-9.041169	-0.093012	49.516193	347.318727
2.383921	0.450295	-1.836959	-0.392773	-7.637247	2.849722	87.761574	346.985832
2.399917	0.436332	-1.937315	-0.174577	-6.273845	13.640670	85.233934	345.392476
2.415923	0.432842	-2.037672	-0.043617	-6.269926	8.181913	0.244888	344.436155
2.431930	0.432842	-2.124938	0.000000	-5.451769	2.724863	51.112452	344.117647
2.447921	0.432842	-2.203478	0.000000	-4.911501	0.000000	33.785725	344.117647
2.463923	0.436332	-2.268928	0.043628	-4.090104	2.726395	51.330900	343.799059
2.479939	0.446804	-2.321288	0.130769	-3.269223	5.440881	51.253812	343.162720
2.495935	0.453786	-2.356194	0.087288	-2.182207	-2.718220	67.955489	343.480233
2.511944	0.460767	-2.378011	0.087217	-1.362772	-0.004428	51.185908	343.480750
2.527928	0.464258	-2.391101	0.043677	-0.818942	-2.724005	34.023392	343.798701
2.543984	0.467748	-2.386738	0.043481	0.271757	-0.012199	67.930903	343.800131
2.559967	0.471239	-2.378011	0.043680	0.545996	0.012425	17.158166	343.798681
2.575990	0.471239	-2.351831	0.000000	1.633897	-2.726059	67.896270	344.117647
2.591912	0.471239	-2.312561	0.000000	2.466393	0.000000	52.285861	344.117647
2.607929	0.467748	-2.255838	-0.043587	3.541437	-2.721291	67.118957	344.435936
2.623940	0.460767	-2.186025	-0.087207	4.360325	-2.724351	51.145346	344.754464
2.639974	0.453786	-2.103122	-0.087081	5.170459	0.007802	50.525981	344.753551
2.655956	0.443314	-2.007129	-0.131047	6.006326	-2.750952	52.300552	345.074606
2.671944	0.436332	-1.889319	-0.087332	7.368634	2.734248	85.208146	344.755380
2.687917	0.425860	-1.762783	-0.131121	7.921891	-2.741439	34.637019	345.075145
2.703919	0.411898	-1.614430	-0.174511	9.270903	-2.711545	84.302676	345.391998
2.719975	0.401426	-1.452987	-0.130443	10.054992	2.744642	48.834671	345.070195
2.735942	0.397935	-1.274090	-0.043723	11.204124	5.431185	71.969171	344.436933
2.751947	0.401426	-1.069014	0.043620	12.813258	5.457233	100.539427	343.799119
2.767942	0.429351	-0.846485	0.349175	13.912440	19.103180	68.720385	341.567831
2.783928	0.478220	-0.602139	0.611400	15.285005	16.403431	85.860454	339.652956
2.799973	0.541052	-0.335976	0.783195	16.588514	10.707087	81.240817	338.398438
2.815961	0.617847	-0.052360	0.960652	17.739305	11.099334	71.978387	337.102582
2.831930	0.687660	0.231256	0.874359	17.760411	-5.403775	1.321706	337.732727
2.847921	0.750492	0.506145	0.785840	17.190254	-5.535520	-35.654848	338.379125
2.863912	0.802851	0.763582	0.654867	16.098810	-8.190443	-68.253688	339.335545
2.879910	0.844739	1.003564	0.523664	15.000798	-8.201188	-68.634283	340.293640
2.895957	0.879646	1.230457	0.435054	14.139266	-5.521898	-53.688059	340.940705
2.911913	0.911062	1.435533	0.393782	12.852606	-2.586636	-80.637987	341.242092
2.927913	0.935496	1.623156	0.305433	11.726431	-5.521835	-70.385966	341.887255
2.943972	0.963422	1.793326	0.347783	10.596525	2.637199	-70.359641	341.577992
2.959915	0.973894	1.941679	0.131368	9.305211	-13.574340	-80.995670	343.158347
2.975907	0.973894	2.085668	0.000000	9.003856	-8.214588	-18.844146	344.117647
2.991928	0.973894	2.216568	0.000000	8.170507	0.000000	-52.016029	344.117647
3.007951	0.970403	2.338741	-0.043571	7.624855	-2.719253	-34.054318	344.435817
3.023923	0.959931	2.452188	-0.131129	7.102830	-5.482004	-32.683741	345.075205
3.039984	0.945968	2.548181	-0.173870	5.976783	-2.661159	-70.110654	345.387316
3.055928	0.932006	2.631084	-0.175146	5.199645	-0.080023	-48.741711	345.396633
3.071924	0.925025	2.709624	-0.087288	4.909966	5.492476	-18.109462	344.755061
3.087937	0.921534	2.775074	-0.043598	4.087295	2.728438	-51.375227	344.436016
3.103964	0.921534	2.831797	0.000000	3.539228	2.720273	-34.196475	344.117647
3.119900	0.921534	2.879793	0.000000	3.011832	0.000000	-33.094604	344.117647
3.135923	0.921534	2.923426	0.000000	2.723162	0.000000	-18.015950	344.117647
3.151884	0.925025	2.962696	0.043740	2.460366	2.740420	-16.464884	343.798241
3.167910	0.928515	2.993240	0.043562	1.905857	-0.011070	-34.600621	343.799537
3.183914	0.928515	3.028146	0.000000	2.181116	-2.721972	17.199415	344.117647
3.199912	0.928515	3.058690	0.000000	1.909193	0.000000	-16.997360	344.117647
3.215928	0.928515	3.089233	0.000000	1.907047	0.000000	-0.133972	344.117647
3.231989	0.900590	3.132866	-0.347740	2.716719	-21.651210	50.412343	346.656985
3.247953	0.869174	3.189589	-0.393585	3.553195	-2.871746	52.397599	346.991761
3.263908	0.851721	3.250676	-0.218781	3.828676	10.956012	17.266133	345.715278
3.279957	0.851721	3.289946	0.000000	2.446876	13.632094	-86.098834	344.117647
3.295910	0.883137	3.311762	0.393856	1.367556	24.688525	-67.656242	341.241551
3.311949	0.935496	3.303036	0.652907	-0.544089	16.151317	-119.187284	339.349857
3.327911	1.008800	3.276856	0.918479	-1.640142	16.637780	-68.666354	337.410541
3.343964	1.110029	3.237586	1.261186	-2.446266	21.348457	-50.216439	334.907958
3.359894	1.225221	3.180863	1.446224	-3.560778	11.615683	-69.963116	333.556737
3.375955	1.329941	3.119776	1.304025	-3.803407	-8.853653	-15.106706	334.595128
3.391940	1.413717	3.063053	1.048180	-3.548527	-16.005325	15.944977	336.463412
3.407904	1.469567	3.041236	0.699706	-1.366613	-21.828751	136.677113	339.008111
3.423956	1.497492	3.049963	0.347935	0.543649	-21.914464	119.004603	341.576885
3.439902	1.500983	3.071779	0.043781	1.368156	-19.074004	51.706225	343.797941
3.455955	1.500983	3.115413	0.000000	2.718073	-2.727278	84.091281	344.117647
3.471916	1.494002	3.163409	-0.087480	3.007114	-5.480840	18.109213	344.756459
3.487912	1.511455	3.193953	0.218221	1.909431	19.111053	-68.622360	342.524111
3.503938	1.556834	3.198316	0.566312	0.272265	21.720394	-102.156868	339.982210
3.519953	1.626647	3.185226	0.871847	-0.817357	19.078084	-68.037595	337.751067
3.535953	1.699951	3.150319	0.916298	-2.181662	2.778162	-85.269047	337.426471
3.551912	1.780236	3.111049	1.006143	-2.460675	5.629720	-17.483124	336.770388
3.567929	1.836086	3.076143	0.697391	-2.179346	-19.276509	17.564383	339.025019
3.583903	1.867502	3.067416	0.393338	-0.546303	-19.034210	102.231306	341.245332
3.599899	1.877974	3.084869	0.130932	1.091104	-16.404465	102.363509	343.161526
3.615899	1.877974	3.119776	0.000000	2.181662	-8.183277	68.159875	344.117647
3.631928	1.870993	3.159046	-0.087109	2.449929	-5.434436	16.736365	344.753749
3.647900	1.867502	3.202679	-0.043710	2.731858	2.717184	17.651449	344.436833
3.663898	1.891937	3.224496	0.305471	1.363709	21.826511	-85.519988	341.886976
3.679902	1.944297	3.215769	0.654335	-0.545279	21.798556	-119.281930	339.339430
3.695896	2.010619	3.198316	0.829342	-1.091240	10.942073	-34.135359	338.061454
3.711892	2.080432	3.163409	0.872883	-2.182207	2.721959	-68.202496	337.743505
3.727891	2.153736	3.128503	0.916355	-2.181798	2.717187	0.025576	337.426052
3.743953	2.209587	3.093596	0.695437	-2.173240	-13.754093	0.532790	339.039286
3.759916	2.244493	3.084869	0.437344	-0.546680	-16.168215	101.895676	340.923987
3.775971	2.258456	3.097959	0.173935	0.815320	-16.406643	84.833386	342.847503
3.791904	2.258456	3.119776	0.000000	1.369272	-10.916652	34.767582	344.117647
3.807916	2.258456	3.154683	0.000000	2.180027	0.000000	50.634164	344.117647
3.823953	2.254965	3.189589	-0.043533	2.176628	-2.714508	-0.211912	344.435539
3.839963	2.268928	3.220132	0.174424	1.907762	13.613771	-16.793666	342.843933
3.855956	2.300344	3.233222	0.392871	0.818481	13.658917	-68.109820	341.248745
3.871914	2.359685	3.224496	0.743717	-0.546851	21.985601	-85.557842	338.686724
3.887943	2.443461	3.189589	1.045303	-2.177714	18.815007	-101.744562	336.484423
3.903964	2.530727	3.141593	1.089401	-2.995853	2.752513	-51.066609	336.162402
3.919895	2.614503	3.089233	1.051733	-3.286666	-2.364434	-18.254567	336.437467
3.935900	2.670354	3.049963	0.697914	-2.453603	-22.106813	52.050208	339.021200
3.951934	2.698279	3.045600	0.348326	-0.272129	-21.802915	136.052956	341.574033
3.967914	2.698279	3.058690	0.000000	0.819147	-21.797601	68.290140	344.117647
3.983906	2.687807	3.097959	-0.130965	2.455597	-8.189418	102.329292	345.074008
3.999967	2.677335	3.137229	-0.130403	2.445048	0.035032	-0.656842	345.069899
4.015962	2.666863	3.176499	-0.130941	2.455136	-0.033640	0.630758	345.073828
4.031908	2.670354	3.207043	0.043781	1.915418	10.957080	-33.846613	343.797941
4.047909	2.694788	3.220132	0.305414	0.818072	16.351012	-68.579867	341.887394
4.063911	2.729695	3.215769	0.436278	-0.272674	8.177993	-68.163078	340.931771
4.079968	2.778564	3.207043	0.608697	-0.543479	10.737932	-16.865270	339.672698
4.095916	2.837905	3.185226	0.744184	-1.367984	8.495534	-51.699598	338.683319
4.111943	2.900737	3.159046	0.784075	-1.633490	2.489019	-16.566122	338.392015
4.127910	2.960078	3.132866	0.743298	-1.639628	-2.553833	-0.384433	338.689785
4.143956	3.012438	3.106686	0.652622	-1.631555	-5.650991	0.503082	339.351937
4.159950	3.047345	3.097959	0.436496	-0.545620	-13.512954	67.896427	340.930177
4.175955	3.064798	3.102323	0.218098	0.272623	-13.645611	51.124180	342.525008
4.191895	3.075270	3.115413	0.131392	0.821203	-5.439497	34.415313	343.158167
4.207869	3.078761	3.141593	0.043704	1.638909	-5.489431	51.189859	343.798501
4.223901	3.082251	3.167773	0.043546	1.632980	-0.009862	-0.369835	343.799656
4.239898	3.099705	3.189589	0.218207	1.363794	10.918355	-16.827282	342.524211
4.255936	3.127630	3.198316	0.348239	0.544123	8.107726	-51.108062	341.574667
4.271897	3.173009	3.189589	0.568618	-0.546748	13.807357	-68.346043	339.965369
4.287894	3.228859	3.176499	0.698263	-0.818277	8.104308	-16.973709	339.018652
4.303897	3.284710	3.150319	0.698001	-1.635939	-0.016359	-51.094352	339.020564
4.319975	3.344051	3.124139	0.738166	-1.628308	2.498168	0.474640	338.727259
4.335890	3.389429	3.102323	0.570262	-1.370821	-10.550101	16.178901	339.953367
4.351913	3.420845	3.093596	0.392135	-0.544632	-11.116903	51.562659	341.254116
4.367912	3.438299	3.102323	0.218180	0.545449	-10.872904	68.134381	342.524410
4.383950	3.445280	3.115413	0.087060	0.816185	-8.175589	16.880856	343.481902
4.399950	3.448771	3.141593	0.043633	1.636246	-2.714154	51.253845	343.799020
4.415943	3.455752	3.167773	0.087305	1.636962	2.730659	0.044780	343.480113
4.431950	3.473205	3.185226	0.218071	1.090354	8.169307	-34.148097	342.525206
4.447896	3.497640	3.189589	0.306467	0.273631	5.543471	-51.218020	341.879702
4.463957	3.532546	3.185226	0.434675	-0.271672	7.982577	-33.952005	340.943474
4.479891	3.574434	3.176499	0.525768	-0.547675	5.716860	-17.321614	340.278280
4.495909	3.619813	3.167773	0.566595	-0.544802	2.548821	0.179302	339.980145
4.511943	3.672173	3.154683	0.653111	-0.816388	5.395785	-16.938117	339.348370
4.527895	3.721042	3.141593	0.612703	-0.820585	-2.533053	-0.263075	339.643440
4.543901	3.762930	3.124139	0.523402	-1.090422	-5.579211	-16.858493	340.295551
4.559899	3.804818	3.115413	0.523664	-0.545484	0.016360	34.062901	340.293640
4.575955	3.836234	3.115413	0.391329	0.000000	-8.242078	33.973815	341.260002
4.591952	3.857178	3.119776	0.261848	0.272759	-8.094077	17.050624	342.205524
4.607909	3.874631	3.128503	0.218754	0.546885	-2.700660	17.179063	342.520217
4.623946	3.888594	3.145956	0.174130	1.088314	-2.782553	33.761234	342.846078
4.639891	3.909538	3.159046	0.262702	0.820945	5.554856	-16.768201	342.199288
4.655922	3.933972	3.167773	0.304842	0.544361	2.628630	-17.253097	341.891568
4.671891	3.968879	3.167773	0.437179	0.000000	8.287141	-34.088590	340.925187
4.687885	4.003785	3.163409	0.436496	-0.272810	-0.042725	-17.057021	340.930177
4.703942	4.042183	3.154683	0.478262	-0.543479	2.601092	-16.856776	340.625187
4.719941	4.084070	3.150319	0.523632	-0.272725	2.835788	16.923214	340.293879
4.735882	4.115486	3.145956	0.394153	-0.273717	-8.122388	-0.062247	341.239386
4.751891	4.150393	3.145956	0.436087	0.000000	2.619433	17.097697	340.933164
4.767855	4.185300	3.150319	0.437316	0.273323	0.077002	17.121190	340.924187
4.783950	4.216715	3.150319	0.390381	0.000000	-2.916128	-16.981837	341.266926
4.799877	4.248131	3.154683	0.394499	0.273958	0.258541	17.200830	341.236856
4.815929	4.279547	3.154683	0.391427	0.000000	-0.191380	-17.066884	341.259290
4.831928	4.317945	3.154683	0.479996	0.000000	5.535883	0.000000	340.612526
4.847884	4.349360	3.159046	0.393782	0.273460	-5.403206	17.138362	341.242092
4.863877	4.384267	3.163409	0.436523	0.272827	2.672501	-0.039558	340.929978
4.879928	4.426155	3.159046	0.521935	-0.271841	5.321277	-33.933603	340.306266
4.895935	4.464552	3.154683	0.479756	-0.272588	-2.635063	-0.046682	340.614278
4.911916	4.509931	3.150319	0.567906	-0.273032	5.515972	-0.027751	339.970566
4.927945	4.548328	3.145956	0.479097	-0.272214	-5.540534	0.051008	340.619086
4.943886	4.586725	3.150319	0.481742	0.273717	0.165911	34.246994	340.599773
4.959933	4.621632	3.150319	0.435054	0.000000	-2.909430	-17.057209	340.940705
4.975952	4.660029	3.150319	0.479396	0.000000	2.768083	0.000000	340.616902
4.991899	4.698426	3.150319	0.481561	0.000000	0.135728	0.000000	340.601097
5.007903	4.733333	3.154683	0.436223	0.272640	-2.832883	17.035712	340.932169
5.023892	4.768240	3.159046	0.436632	0.272895	0.025595	0.015997	340.929180
5.039896	4.806637	3.163409	0.479846	0.272640	2.700143	-0.015982	340.613621
5.055916	4.845034	3.167773	0.479366	0.272367	-0.029916	-0.016997	340.617121
5.071869	4.893903	3.159046	0.612665	-0.547022	8.355708	-51.362722	339.643721
5.087871	4.946263	3.150319	0.654417	-0.545347	2.609157	0.104677	339.338833
5.103912	4.998623	3.141593	0.652826	-0.544021	-0.099187	0.082656	339.350451
5.119926	5.050983	3.132866	0.653926	-0.544939	0.068732	-0.057277	339.342414
5.135936	5.099852	3.124139	0.610484	-0.545075	-2.713466	-0.008504	339.659649
5.151976	5.134759	3.124139	0.435244	0.000000	-10.925155	33.982214	340.939318
5.167912	5.173156	3.132866	0.481893	0.547606	2.927266	34.362815	340.598669
5.183881	5.204572	3.141593	0.393461	0.546474	-5.537711	-0.070864	341.244433
5.199927	5.235988	3.150319	0.391573	0.543852	-0.117668	-0.163428	341.258221
5.215971	5.267404	3.159046	0.391622	0.543920	0.003042	0.004226	341.257864
5.231905	5.305801	3.167773	0.481954	0.547675	5.669103	0.235656	340.598227
5.247895	5.347689	3.167773	0.523926	0.000000	2.624930	-34.251066	340.291726
5.263966	5.396558	3.167773	0.608166	0.000000	5.241757	0.000000	339.676570
5.279929	5.448918	3.159046	0.656016	-0.546680	2.997495	-34.246670	339.327157
5.295891	5.504768	3.150319	0.699794	-0.546714	2.742652	-0.002146	339.007471
5.311868	5.567600	3.141593	0.786529	-0.546201	5.428747	0.032126	338.374097
5.327855	5.623451	3.128503	0.698699	-0.818788	-5.493801	-17.050591	339.015462
5.343956	5.672320	3.115413	0.607033	-0.812991	-5.693190	0.360057	339.684845
5.359932	5.710717	3.115413	0.480687	0.000000	-7.908536	50.888275	340.607480
5.375877	5.738643	3.124139	0.350270	0.547297	-8.179158	34.324034	341.559835
5.391924	5.763077	3.145956	0.304538	1.359545	-2.849870	50.616819	341.893787
5.407880	5.787512	3.167773	0.306275	1.367299	0.108852	0.485945	341.881104
5.423928	5.818928	3.185226	0.391525	1.087568	5.312166	-17.430862	341.258577
5.439877	5.860816	3.193953	0.525273	0.547159	8.386016	-33.883542	340.281891
5.455878	5.916666	3.189589	0.698088	-0.272691	10.800262	-51.237430	339.019926
5.471926	5.982989	3.176499	0.826552	-0.815676	8.004964	-33.835083	338.081833
5.487864	6.049311	3.154683	0.832256	-1.368843	0.357928	-34.707409	338.040175
5.503923	6.119124	3.132866	0.869458	-1.358529	2.316589	0.642247	337.768510
5.519860	6.185447	3.115413	0.832309	-1.095143	-2.331046	16.526699	338.039794
5.535881	6.234316	3.106686	0.610065	-0.544700	-13.872048	34.357558	339.662710
5.551883	6.269223	3.115413	0.436278	0.545347	-10.860314	68.119466	340.931771
5.567877	0.017453	3.124139	-78.176433	0.545620	-4915.137627	0.017055	914.993490
5.583926	0.045379	3.145956	0.348000	1.359375	4892.792917	50.704430	341.576410
5.599919	0.069813	3.163409	0.305566	1.091308	-2.653273	-16.761531	341.886279
5.615932	0.108210	3.176499	0.479576	0.817459	10.866770	-17.101688	340.615591
5.631881	0.157080	3.185226	0.612819	0.547159	8.354299	-16.947736	339.642599
5.647858	0.216421	3.176499	0.742833	-0.546201	8.137583	-68.433374	338.693183
5.663852	0.279253	3.159046	0.785693	-1.091240	2.679758	-34.077744	338.380201
5.679886	0.352557	3.141593	0.914355	-1.088518	8.024327	0.169784	337.440659
5.695922	0.425860	3.115413	0.914241	-1.632573	-0.007111	-33.927114	337.441492
5.711921	0.485202	3.097959	0.741811	-1.090899	-10.777519	33.856736	338.700642
5.727877	0.520108	3.093596	0.437536	-0.273460	-19.069677	51.230838	340.922586
5.743877	0.551524	3.102323	0.392699	0.545415	-2.802278	51.179694	341.250000
5.759928	0.575959	3.124139	0.304462	1.359206	-5.497286	50.700306	341.894342
5.775939	0.586431	3.154683	0.130810	1.907642	-10.845817	34.253723	343.162421
5.792359	0.610865	3.185226	0.297620	1.860126	10.158973	-2.893836	341.944305
5.807884	0.649262	3.198316	0.494650	0.843154	12.691168	-65.505401	340.505510
5.823925	0.701622	3.198316	0.652826	0.000000	9.860677	-52.562448	339.350451
5.839920	0.764454	3.189589	0.785644	-0.545586	8.303724	-34.109777	338.380560
5.855881	0.837758	3.167773	0.918537	-1.366870	8.326115	-51.455694	337.410121
5.871872	0.907571	3.141593	0.873156	-1.637167	-2.837910	-16.903061	337.741511
5.887883	0.973894	3.119776	0.828462	-1.362602	-2.791453	17.148547	338.067885
5.903886	1.026254	3.106686	0.654376	-0.817970	-10.878339	34.033117	339.339131
5.919929	1.064651	3.106686	0.478679	0.000000	-10.951610	50.986082	340.622139
5.935930	1.096067	3.119776	0.392675	0.818072	-5.374949	51.126302	341.250179
5.951933	1.123992	3.137229	0.349000	1.090626	-2.729121	17.031452	341.569105
5.967898	1.148427	3.154683	0.306102	1.093222	-2.687015	0.162600	341.882365
5.983864	1.169371	3.172136	0.262357	1.093154	-2.739905	-0.004289	342.201811
5.999915	1.204277	3.189589	0.434946	1.087365	10.752540	-0.360658	340.941497
6.015931	1.249656	3.198316	0.566665	0.544871	8.224239	-33.872021	339.979628
6.031914	1.308997	3.189589	0.742554	-0.545996	11.004727	-68.251644	338.695219
6.047878	1.378810	3.176499	0.874633	-0.819968	8.273531	-17.161896	337.730727
6.063905	1.448623	3.150319	0.871194	-1.633490	-0.214517	-50.759446	337.755834
6.079934	1.521927	3.128503	0.914640	-1.361072	2.710437	16.995329	337.438576
6.095901	1.584759	3.102323	0.787021	-1.639628	-7.992652	-17.445755	338.370499
6.111876	1.633628	3.093596	0.611821	-0.546269	-10.967148	68.441876	339.649882
6.127842	1.661553	3.102323	0.349809	0.546577	-16.410623	68.448315	341.563199
6.143870	1.682497	3.119776	0.261342	1.088925	-5.519538	33.837553	342.209222
6.159837	1.696460	3.150319	0.174894	1.912899	-5.414192	51.604814	342.840503
6.175863	1.706932	3.176499	0.130687	1.633592	-2.758412	-17.428406	343.163315
6.191898	1.738348	3.202679	0.391842	1.632675	16.286536	-0.057181	341.256259
6.207920	1.790708	3.202679	0.653600	0.000000	16.337401	-101.902053	339.344798
6.223935	1.860521	3.189589	0.871847	-0.817357	13.627693	-51.036954	337.751067
6.239924	1.930334	3.163409	0.873265	-1.637372	0.088669	-51.286200	337.740714
6.255876	2.007129	3.132866	0.962820	-1.914698	5.614001	-17.385036	337.086750
6.271838	2.076942	3.102323	0.874742	-1.913498	-5.517943	0.075149	337.729927
6.287836	2.118830	3.084869	0.523664	-1.090967	-21.945112	51.414632	340.293640
6.303904	2.143264	3.093596	0.304140	0.543107	-13.662199	101.697432	341.896694
6.319927	2.150246	3.119776	0.087141	1.633897	-13.542959	68.076531	343.481307
6.335919	2.160718	3.154683	0.130965	2.182753	2.740369	34.320629	343.161287
6.351865	2.167699	3.189589	0.087562	2.189050	-2.721886	0.394874	343.478234
6.367910	2.188643	3.215769	0.261065	1.631657	10.813534	-34.739325	342.211244
6.383922	2.234021	3.220132	0.566807	0.272503	19.094539	-84.883451	339.978594
6.399946	2.303835	3.211406	0.871358	-0.544598	19.005909	-50.992375	337.754643
6.415881	2.391101	3.176499	1.095280	-2.190561	14.052260	-103.292264	336.119468
6.431858	2.488840	3.132866	1.223489	-2.731003	8.024591	-33.826254	335.183235
6.447861	2.572615	3.076143	1.047001	-3.544535	-11.028432	-50.836260	336.472022
6.463854	2.621485	3.045600	0.611133	-1.909789	-27.253713	102.216347	339.654910
6.479921	2.638938	3.054326	0.217256	0.543141	-24.514608	152.668849	342.531153
6.495860	2.635447	3.089233	-0.043800	2.190011	-16.378481	103.323295	344.437494
6.511913	2.631957	3.132866	-0.043489	2.718073	0.019376	32.894933	344.435223
6.527915	2.628466	3.180863	-0.043628	2.999410	-0.008662	17.581327	344.436235
6.543931	2.635447	3.215769	0.087179	2.179482	8.167274	-51.194283	343.481029
6.559858	2.670354	3.228859	0.438332	0.821873	22.047650	-85.239480	340.916769
6.575862	2.733186	3.220132	0.785202	-0.545279	21.673935	-85.425641	338.383786
6.591890	2.816961	3.185226	1.045368	-2.177850	16.231987	-101.857453	336.483947
6.607884	2.904228	3.137229	1.091240	-3.000910	2.868066	-51.460527	336.148973
6.623927	2.974041	3.089233	0.870326	-2.991744	-13.770141	0.571318	337.762178
6.639875	3.015929	3.071779	0.525306	-1.094388	-21.634036	118.971457	340.281651
6.655890	3.033382	3.080506	0.217962	0.544905	-19.191021	102.359793	342.526002
6.671868	3.036873	3.106686	0.043693	1.638499	-10.906779	68.443771	343.798581
6.687867	3.036873	3.145956	0.000000	2.454523	-2.731003	51.004660	344.117647
6.703882	3.036873	3.189589	0.000000	2.724523	0.000000	16.859197	344.117647
6.719920	3.054326	3.215769	0.217649	1.632369	13.570847	-68.097856	342.528285
6.735926	3.096214	3.215769	0.523402	0.000000	19.102415	-101.984837	340.295551
6.751907	3.162537	3.207043	0.830017	-0.546064	19.186192	-34.169566	338.056528
6.767854	3.242822	3.167773	1.006900	-2.462526	11.091907	-120.176995	336.764860
6.783870	3.323107	3.128503	1.002562	-2.451917	-0.270849	0.662402	336.796537
6.799864	3.385939	3.089233	0.785693	-2.455290	-13.559395	-0.210870	338.380201
6.815903	3.431317	3.071779	0.565853	-1.088178	-13.706594	85.236713	339.985562
6.831903	3.452261	3.080506	0.261799	0.545415	-19.003335	102.099609	342.205882
6.847881	3.462733	3.097959	0.131080	1.092333	-8.181215	34.229400	343.160449
6.863868	3.466224	3.128503	0.043669	1.910506	-5.467644	51.177420	343.798761
6.879854	3.469715	3.163409	0.043671	2.183572	0.000171	17.081574	343.798741
6.895904	3.487168	3.185226	0.217487	1.359291	10.829599	-51.357103	342.529473
6.911929	3.518584	3.198316	0.392086	0.816847	10.895472	-33.849855	341.254474
6.927896	3.563962	3.189589	0.568404	-0.546543	11.042644	-85.387950	339.966929
6.943862	3.619813	3.176499	0.699618	-0.819865	8.218342	-17.119045	339.008751
6.959870	3.679154	3.159046	0.741394	-1.090286	2.609685	-16.892825	338.703687
6.975856	3.738495	3.137229	0.742415	-1.364733	0.063825	-17.167958	338.696237
6.991851	3.783874	3.115413	0.567409	-1.363965	-10.941246	0.048009	339.974195
7.007920	3.818780	3.119776	0.434459	0.271537	-8.273733	101.779912	340.945054
7.023908	3.839724	3.128503	0.261996	0.545825	-10.787017	17.155871	342.204447
7.039903	3.860668	3.141593	0.261881	0.818379	-0.007168	17.039954	342.205285
7.055923	3.885103	3.159046	0.305051	1.089469	2.694762	16.921980	341.890039
7.072762	3.920009	3.167773	0.414592	0.518240	6.505186	-33.922963	341.090128
7.087886	3.954916	3.167773	0.461605	0.000000	3.108507	-34.266079	340.746820
7.103922	4.003785	3.159046	0.609494	-0.544191	9.222292	-33.935580	339.666877
7.119896	4.052655	3.150319	0.611860	-0.546303	0.148093	-0.132226	339.649602
7.135885	4.105014	3.141593	0.654949	-0.545791	2.694930	0.032054	339.334947
7.151901	4.150393	3.132866	0.566665	-0.544871	-5.512201	0.057449	339.979628
7.167859	4.188790	3.124139	0.481229	-0.546851	-5.353840	-0.124098	340.603521
7.183891	4.223697	3.132866	0.435461	0.544327	-2.854752	68.062476	340.937732
7.199874	4.255113	3.141593	0.393117	0.545996	-2.649354	0.104409	341.246950
7.215843	4.279547	3.150319	0.306026	0.546474	-5.453768	0.029975	341.882925
7.231876	4.310963	3.159046	0.391891	0.544293	5.355533	-0.136057	341.255902
7.247905	4.342379	3.167773	0.391989	0.544429	0.006101	0.008474	341.255188
7.263860	4.384267	3.172136	0.525076	0.273477	8.341394	-16.982248	340.283334
7.279849	4.429646	3.172136	0.567622	0.000000	2.660998	-17.104062	339.972641
7.295928	4.478515	3.163409	0.607864	-0.542736	2.502747	-33.754315	339.678780
7.311950	4.530875	3.154683	0.653600	-0.544666	2.854566	-0.120512	339.344798
7.327851	4.586725	3.145956	0.702478	-0.548811	3.073927	-0.260656	338.987867
7.343848	4.632104	3.137229	0.567338	-0.545518	-8.447828	0.205881	339.974713
7.359896	4.677482	3.132866	0.565535	-0.271892	-0.112349	17.050452	339.987879
7.375896	4.712389	3.141593	0.436332	0.545415	-8.075193	51.081713	340.931373
7.391915	4.743805	3.150319	0.392233	0.544768	-2.752919	-0.040384	341.253401
7.407849	4.778711	3.163409	0.438140	0.821512	2.881030	17.368102	340.918175
7.423897	4.813618	3.172136	0.435027	0.543784	-0.193944	-17.306068	340.940903
7.439902	4.855506	3.176499	0.523435	0.272623	5.523772	-16.942302	340.295312
7.455904	4.907866	3.176499	0.654417	0.000000	8.185318	-17.036777	339.338833
7.471864	4.967207	3.167773	0.743624	-0.546782	5.589431	-34.259546	338.687405
7.487917	5.033530	3.154683	0.826294	-0.815422	5.149835	-16.734545	338.083713
7.503909	5.096361	3.137229	0.785791	-1.091376	-2.532719	-17.255782	338.379484
7.519907	5.155703	3.119776	0.741858	-1.090967	-2.746180	0.025586	338.700303
7.535904	5.201081	3.115413	0.567338	-0.272759	-10.909501	51.147610	339.974713
7.551919	5.239478	3.124139	0.479516	0.544905	-5.483758	51.056096	340.616028
7.567859	5.270894	3.137229	0.394177	0.821203	-5.353749	17.333629	341.239206
7.583849	5.302310	3.154683	0.392945	1.091513	-0.077084	16.904964	341.248207
7.599914	5.337217	3.167773	0.434567	0.814813	2.590863	-17.223783	340.944264
7.615874	5.375614	3.185226	0.481168	1.093565	2.919899	17.465651	340.603961
7.631917	5.427974	3.185226	0.652744	0.000000	10.694743	-68.164601	339.351046
7.647850	5.487315	3.176499	0.744884	-0.547709	5.782961	-34.375756	338.678203
7.663882	5.553638	3.167773	0.827377	-0.544327	5.145491	0.210965	338.075809
7.679934	5.619960	3.159046	0.826346	-0.543649	-0.064221	0.042250	338.083337
7.695893	5.689773	3.141593	0.874907	-1.093633	3.042847	-34.462353	337.728726
7.711848	5.759587	3.128503	0.875126	-0.820431	0.013748	17.123326	337.727125
7.727906	5.815437	3.111049	0.695610	-1.086891	-11.179213	-16.593614	339.038021
7.743904	5.864306	3.111049	0.610942	0.000000	-5.292443	67.939168	339.656305
7.759841	5.899213	3.119776	0.438057	0.547571	-10.847992	34.358502	340.918777
7.775885	5.937610	3.132866	0.478649	0.815879	2.530048	16.723259	340.622357
7.791883	5.965535	3.154683	0.349109	1.363709	-8.097248	34.243626	341.568309
7.807854	5.996951	3.176499	0.393412	1.366014	2.773944	0.144351	341.244793
7.823898	6.035349	3.189589	0.478649	0.815879	5.312710	-34.289140	340.622357
7.839857	6.098180	3.189589	0.787416	0.000000	19.347494	-51.123468	338.367618
7.855909	6.167994	3.180863	0.869838	-0.543649	5.134671	-33.867962	337.765742
7.871856	6.241297	3.163409	0.919343	-1.094456	3.104379	-34.539891	337.404232
7.887862	0.034907	3.141593	-77.550804	-1.363027	-4902.545725	-16.779406	910.424890
7.903904	0.111701	3.119776	0.957418	-1.359969	4893.917315	0.190673	337.126196
7.919903	0.174533	3.102323	0.785447	-1.090899	-10.748835	16.817901	338.381994
7.935886	0.216421	3.102323	0.524156	0.000000	-16.348093	68.253705	340.290051
7.951883	0.258309	3.111049	0.523697	0.545518	-0.028676	34.101249	340.293401
7.967909	0.289725	3.128503	0.392062	1.089061	-8.213839	33.916347	341.254652
7.983876	0.321141	3.150319	0.393511	1.366357	0.090732	17.366790	341.244073
7.999851	0.349066	3.172136	0.349612	1.365672	-2.747955	-0.042832	341.564638
8.015839	0.387463	3.189589	0.480326	1.091650	8.175736	-17.139281	340.610114
8.031873	0.432842	3.202679	0.566029	0.816388	5.345105	-17.167348	339.984274
8.047816	0.488692	3.207043	0.700628	0.273683	8.442482	-34.040367	339.001381
8.063824	0.561996	3.198316	0.915840	-0.545143	13.444044	-51.151019	337.429815
8.079819	0.642281	3.180863	1.003878	-1.091172	5.504101	-34.137478	336.786925
8.095876	0.726057	3.154683	1.043480	-1.630438	2.466346	-33.584478	336.497734
8.111852	0.806342	3.128503	1.005072	-1.638704	-2.404120	-0.517432	336.778207
8.127834	0.872665	3.111049	0.829965	-1.092059	-10.956502	34.203784	338.056907
8.143841	0.925025	3.106686	0.654212	-0.272588	-10.979750	51.194534	339.340325
8.159876	0.970403	3.115413	0.565994	0.544225	-5.501612	50.939404	339.984531
8.175825	1.008800	3.124139	0.481500	0.547159	-5.297735	0.183997	340.601537
8.191930	1.047198	3.141593	0.476836	1.083719	-0.289601	33.316325	340.635596
8.207837	1.085595	3.159046	0.482772	1.097208	0.373128	0.848018	340.592254
8.223874	1.134464	3.167773	0.609456	0.544157	7.899496	-34.485956	339.667155
8.239845	1.197296	3.163409	0.786824	-0.273203	11.105655	-51.177754	338.371939
8.255930	1.256637	3.154683	0.737845	-0.542533	-3.045020	-16.744191	338.729604
8.271842	1.319469	3.145956	0.789742	-0.548432	3.261476	-0.370700	338.350634
